1 0.290625 0.2921875 0.2953125 0.2953125 0.2953125 0.303125 0.290625 0.315625 0.290625 0.3328125 0.2875 0.334375 0.2875 0.33125 0.2828125 0.3265625 0.2859375 0.296875 0.2890625 0.29375
1 0.7237210648148148 0.7102430555555556 0.023125000000000017 0.08493055555555555
1 0.4140625 0.225 0.4171875 0.2296875 0.4171875 0.240625 0.4140625 0.2453125 0.4140625 0.253125 0.4109375 0.253125 0.4078125 0.2484375 0.409375 0.2265625 0.4125 0.225
1 0.3125 0.825 0.315625 0.8171875 0.315625 0.7875 0.3171875 0.7859375 0.315625 0.784375 0.315625 0.76875 0.325 0.75 0.328125 0.753125 0.3265625 0.7609375 0.33125 0.76875 0.33125 0.784375 0.328125 0.7890625 0.328125 0.8140625 0.3234375 0.8234375 0.321875 0.8359375 0.31875 0.8328125 0.31875 0.828125 0.3140625 0.825
1 0.378125 0.325 0.3765625 0.30625 0.3796875 0.303125 0.38125 0.2921875 0.3828125 0.290625 0.3859375 0.2921875 0.3859375 0.3046875 0.384375 0.30625 0.384375 0.3234375 0.3796875 0.3234375
1 0.3890625 0.4578125 0.3921875 0.4796875 0.3875 0.4953125 0.3875 0.5109375 0.384375 0.5140625 0.3796875 0.5109375 0.3796875 0.490625 0.3828125 0.484375 0.3828125 0.46875 0.3875 0.459375
1 0.715625 0.359375 0.7234375 0.3734375 0.71875 0.3921875 0.7203125 0.4046875 0.71875 0.40625 0.715625 0.4046875 0.7125 0.4078125 0.7125 0.4125 0.7078125 0.4125 0.7140625 0.3609375
1 0.6828125 0.3453125 0.6859375 0.3484375 0.6859375 0.3609375 0.684375 0.365625 0.68125 0.3671875 0.671875 0.365625 0.671875 0.359375 0.678125 0.346875 0.68125 0.3453125
1 0.525 0.35625 0.528125 0.35625 0.5296875 0.359375 0.525 0.4046875 0.5234375 0.40625 0.5203125 0.4015625 0.5171875 0.4046875 0.5140625 0.4015625 0.5171875 0.390625 0.5203125 0.3875 0.521875 0.3640625 0.525 0.3578125
1 0.70625 0.2875 0.7078125 0.2953125 0.7046875 0.325 0.7 0.3265625 0.6984375 0.3203125 0.7 0.2953125 0.7046875 0.2890625
1 0.697494212962963 0.5089872685185185 0.019849537037037113 0.06689236111111105
1 0.79375 0.4671875 0.796875 0.4765625 0.796875 0.490625 0.790625 0.509375 0.790625 0.521875 0.7875 0.5296875 0.7796875 0.5375 0.778125 0.534375 0.7828125 0.521875 0.7859375 0.5015625 0.7828125 0.48125 0.7921875 0.46875
1 0.675 0.3609375 0.6828125 0.36875 0.6828125 0.3859375 0.6796875 0.4046875 0.6765625 0.409375 0.6734375 0.4046875 0.671875 0.3953125 0.675 0.3625
1 0.6859375 0.3515625 0.6828125 0.346875 0.68125 0.3265625 0.6875 0.309375 0.690625 0.3078125 0.69375 0.3171875 0.69375 0.325 0.690625 0.328125 0.6875 0.35
1 0.4578125 0.359375 0.459375 0.3609375 0.4578125 0.3640625 0.459375 0.3765625 0.45625 0.3828125 0.45625 0.3921875 0.45 0.403125 0.45 0.409375 0.446875 0.4109375 0.4453125 0.396875 0.45 0.3921875 0.45 0.371875 0.453125 0.3625 0.45625 0.3609375
1 0.0984375 0.6484375 0.1015625 0.6734375 0.0984375 0.678125 0.0984375 0.703125 0.09375 0.7109375 0.09375 0.71875 0.0859375 0.7265625 0.08125 0.7234375 0.08125 0.71875 0.0890625 0.703125 0.0890625 0.6765625 0.0921875 0.6734375 0.09375 0.6515625 0.096875 0.65
1 0.28125 0.4703125 0.284375 0.4703125 0.284375 0.4859375 0.28125 0.4890625 0.28125 0.50625 0.2828125 0.5078125 0.28125 0.525 0.2828125 0.5265625 0.28125 0.528125 0.2765625 0.5265625 0.275 0.515625 0.2625 0.5171875 0.2625 0.5109375 0.271875 0.5015625 0.271875 0.490625 0.28125 0.471875
1 0.0625 0.4109375 0.059375 0.4046875 0.0546875 0.4109375 0.05 0.4109375 0.0484375 0.4046875 0.0546875 0.396875 0.0578125 0.3765625 0.0609375 0.3734375 0.0640625 0.3625 0.065625 0.3625 0.0671875 0.3703125 0.065625 0.38125 0.06875 0.403125 0.0671875 0.409375 0.0640625 0.4109375
2 0.5359375 0.4359375 0.5375 0.4375 0.5375 0.4578125 0.5359375 0.459375 0.534375 0.4984375 0.53125 0.4953125 0.5296875 0.4828125 0.5265625 0.4828125 0.51875 0.49375 0.51875 0.4859375 0.525 0.4765625 0.528125 0.4515625 0.534375 0.4375