1 0.5078125 0.4078125 0.5109375 0.4078125 0.5140625 0.4140625 0.5140625 0.434375 0.5203125 0.4609375 0.515625 0.46875 0.5125 0.465625 0.5109375 0.45 0.5046875 0.4421875 0.503125 0.4359375 0.503125 0.421875 0.5078125 0.409375
1 0.5015625 0.49375 0.5 0.4875 0.49375 0.48125 0.4796875 0.4953125 0.4765625 0.4953125 0.478125 0.4890625 0.4859375 0.4796875 0.4875 0.4578125 0.490625 0.4515625 0.4953125 0.4484375 0.5 0.4515625 0.5046875 0.4609375 0.4984375 0.4640625 0.5015625 0.4859375 0.5046875 0.490625 0.503125 0.49375
1 0.3765625 0.334375 0.3796875 0.3375 0.3796875 0.353125 0.38125 0.3546875 0.38125 0.390625 0.3765625 0.3828125 0.3703125 0.39375 0.3703125 0.3828125 0.3734375 0.375 0.371875 0.3421875 0.375 0.3359375
1 0.52578125 0.5359375 0.0203125 0.04140625
1 0.078125 0.4453125 0.08125 0.446875 0.08125 0.4546875 0.084375 0.459375 0.084375 0.4796875 0.0875 0.4875 0.0859375 0.5171875 0.08125 0.515625 0.08125 0.5046875 0.078125 0.5015625 0.075 0.5046875 0.071875 0.515625 0.0703125 0.5171875 0.06875 0.515625 0.06875 0.50625 0.075 0.490625 0.0734375 0.4578125 0.078125 0.446875
1 0.1859375 0.446875 0.1890625 0.4484375 0.190625 0.4625 0.190625 0.4921875 0.1859375 0.503125 0.1859375 0.509375 0.1828125 0.5109375 0.18125 0.5078125 0.1828125 0.503125 0.1828125 0.45625 0.1859375 0.4484375
1 0.5671875 0.4515625 0.5703125 0.4578125 0.5703125 0.475 0.5671875 0.4953125 0.5609375 0.5171875 0.55625 0.5171875 0.5546875 0.5125 0.559375 0.4984375 0.5578125 0.46875 0.5671875 0.453125
1 0.771875 0.3546875 0.7796875 0.3625 0.778125 0.40625 0.771875 0.4015625 0.76875 0.403125 0.7703125 0.396875 0.76875 0.3609375 0.771875 0.35625
1 0.246875 0.378125 0.25 0.3796875 0.253125 0.3890625 0.253125 0.4109375 0.2546875 0.4125 0.253125 0.4234375 0.2484375 0.428125 0.2453125 0.4359375 0.2421875 0.4359375 0.2421875 0.428125 0.2453125 0.421875 0.2453125 0.38125 0.246875 0.3796875
1 0.1203125 0.825 0.02109375 0.09453125
1 0.5640625 0.5921875 0.01875 0.084375
1 0.5359375 0.54375 0.5421875 0.553125 0.5484375 0.5578125 0.5484375 0.5609375 0.54375 0.5640625 0.5421875 0.56875 0.540625 0.603125 0.5375 0.6046875 0.5328125 0.6 0.5265625 0.603125 0.525 0.6015625 0.528125 0.5875 0.525 0.58125 0.5265625 0.565625 0.5296875 0.553125 0.5359375 0.5453125
1 0.5953125 0.5234375 0.5984375 0.5234375 0.60625 0.540625 0.6078125 0.571875 0.615625 0.5796875 0.615625 0.5859375 0.6109375 0.5859375 0.609375 0.5828125 0.60625 0.5921875 0.6046875 0.59375 0.6015625 0.5921875 0.6015625 0.58125 0.5984375 0.575 0.5984375 0.5453125 0.59375 0.5296875 0.5953125 0.525
2 0.303125 0.54375 0.30625 0.521875 0.2984375 0.5015625 0.2984375 0.484375 0.303125 0.4734375 0.30625 0.475 0.3109375 0.4984375 0.309375 0.5015625 0.3109375 0.503125 0.3109375 0.5359375 0.3046875 0.54375