1 0.546875 0.4296875 0.5515625 0.4421875 0.55 0.4578125 0.5515625 0.4984375 0.5484375 0.5 0.546875 0.4953125 0.5453125 0.5 0.5421875 0.503125 0.540625 0.5015625 0.540625 0.440625 0.5453125 0.43125
1 0.446875 0.396875 0.4546875 0.40625 0.4546875 0.425 0.4578125 0.440625 0.45625 0.4640625 0.453125 0.446875 0.4515625 0.4546875 0.44375 0.45625 0.440625 0.465625 0.434375 0.459375 0.4421875 0.440625 0.4421875 0.4203125 0.4453125 0.3984375
1 0.5203125 0.45625 0.5234375 0.4578125 0.528125 0.471875 0.5265625 0.528125 0.5234375 0.5296875 0.51875 0.525 0.515625 0.515625 0.515625 0.471875 0.5203125 0.4578125
1 0.4796875 0.428125 0.484375 0.428125 0.4890625 0.4328125 0.4921875 0.4453125 0.4921875 0.475 0.4953125 0.4796875 0.4953125 0.4890625 0.4875 0.4765625 0.4828125 0.4921875 0.48125 0.49375 0.4796875 0.490625 0.4796875 0.44375 0.48125 0.4421875 0.478125 0.43125 0.4796875 0.4296875
1 0.4703125 0.428125 0.478125 0.428125 0.48125 0.4328125 0.4796875 0.4453125 0.48125 0.4859375 0.4796875 0.478125 0.4734375 0.4734375 0.4671875 0.4875 0.465625 0.478125 0.46875 0.45625 0.465625 0.4515625 0.465625 0.4390625 0.4703125 0.4296875
1 0.4328125 0.4625 0.43125 0.45 0.434375 0.440625 0.434375 0.41875 0.4375 0.403125 0.44375 0.396875 0.446875 0.3984375 0.446875 0.4015625 0.4421875 0.440625 0.4390625 0.446875 0.4390625 0.4546875 0.434375 0.4578125 0.434375 0.4609375
1 0.359375 0.4296875 0.36875 0.440625 0.36875 0.45 0.365625 0.4609375 0.3671875 0.4890625 0.365625 0.490625 0.3625 0.4890625 0.35625 0.4640625 0.35625 0.434375 0.359375 0.43125
1 0.35280671296296295 0.46748263888888886 0.013003472222222224 0.06806134259259258
1 0.4875 0.49375 0.4890625 0.4953125 0.496875 0.49375 0.496875 0.4859375 0.50625 0.4734375 0.5125 0.478125 0.515625 0.4921875 0.515625 0.50625 0.5125 0.5140625 0.503125 0.5140625 0.4953125 0.5109375 0.4953125 0.5046875 0.4921875 0.5015625 0.4859375 0.5015625 0.4875 0.4953125
1 0.490625 0.428125 0.5015625 0.428125 0.5046875 0.4328125 0.503125 0.4421875 0.5046875 0.4734375 0.5015625 0.475 0.4984375 0.4640625 0.4953125 0.465625 0.49375 0.471875 0.490625 0.4671875 0.490625 0.4421875 0.4890625 0.440625 0.490625 0.4296875
1 0.36875 0.40625 0.371875 0.4265625 0.36875 0.4546875 0.365625 0.45625 0.3671875 0.440625 0.3609375 0.43125 0.3609375 0.4203125 0.3671875 0.4078125
1 0.45 0.4015625 0.4546875 0.4046875 0.45625 0.4109375 0.45625 0.4359375 0.459375 0.44375 0.45625 0.4640625 0.453125 0.4578125 0.4453125 0.453125 0.44375 0.446875 0.44375 0.4296875 0.4484375 0.403125
1 0.5046875 0.4171875 0.509375 0.4203125 0.5109375 0.428125 0.5109375 0.4625 0.5078125 0.4671875 0.503125 0.4640625 0.5015625 0.4234375 0.5046875 0.41875
2 0.203125 0.4703125 0.20625 0.475 0.20625 0.5125 0.2078125 0.5140625 0.2046875 0.546875 0.1984375 0.5453125 0.1984375 0.5265625 0.2 0.525 0.1984375 0.4875 0.203125 0.471875