0 0.284375 0.55 0.0078125 0.0109375
1 0.33125 0.5875 0.3359375 0.5875 0.3359375 0.5953125 0.3421875 0.6046875 0.3453125 0.615625 0.334375 0.646875 0.334375 0.665625 0.3375 0.6796875 0.334375 0.6796875 0.33125 0.6734375 0.3265625 0.6734375 0.325 0.6765625 0.321875 0.6765625 0.3265625 0.6546875 0.325 0.609375 0.33125 0.596875 0.33125 0.5890625
1 0.6609375 0.490625 0.6671875 0.5125 0.6640625 0.54375 0.6578125 0.5421875 0.6578125 0.4921875 0.659375 0.4921875
1 0.6828125 0.51875 0.6875 0.51875 0.69375 0.5375 0.6921875 0.6015625 0.6875 0.6015625 0.684375 0.609375 0.68125 0.6109375 0.678125 0.609375 0.68125 0.603125 0.6796875 0.5765625 0.6828125 0.5484375 0.6828125 0.5203125
1 0.6578125 0.5421875 0.6625 0.54375 0.6625 0.55 0.66875 0.5625 0.66875 0.5796875 0.665625 0.5953125 0.665625 0.6265625 0.6609375 0.6359375 0.65625 0.6390625 0.653125 0.6375 0.65625 0.63125 0.6546875 0.621875 0.65625 0.5859375 0.653125 0.58125 0.65625 0.5734375 0.6578125 0.54375
1 0.4609375 0.5859375 0.459375 0.58125 0.465625 0.575 0.46875 0.546875 0.471875 0.55 0.471875 0.5578125 0.478125 0.571875 0.4734375 0.609375 0.4765625 0.6171875 0.484375 0.621875 0.484375 0.63125 0.478125 0.6234375 0.475 0.6265625 0.4765625 0.64375 0.4734375 0.6453125 0.46875 0.64375 0.4703125 0.6296875 0.465625 0.615625 0.4671875 0.609375 0.465625 0.596875 0.4671875 0.5953125 0.465625 0.5875 0.4625 0.5859375
1 0.359375 0.4796875 0.365625 0.4921875 0.365625 0.51875 0.3625 0.5234375 0.35625 0.525 0.35625 0.5328125 0.3515625 0.54375 0.3484375 0.54375 0.35 0.534375 0.3484375 0.51875 0.35625 0.503125 0.3546875 0.48125 0.3578125 0.4796875
2 0.2484375 0.5265625 0.246875 0.5390625 0.2484375 0.5609375 0.253125 0.5734375 0.253125 0.5796875 0.2515625 0.5921875 0.246875 0.6046875 0.2453125 0.621875 0.2421875 0.621875 0.2421875 0.6046875 0.2453125 0.5875 0.2375 0.56875 0.2359375 0.546875 0.2390625 0.5375 0.24375 0.5328125 0.24375 0.528125 0.246875 0.5265625
1 0.2859375 0.478125 0.2890625 0.478125 0.290625 0.48125 0.2890625 0.53125 0.2859375 0.5453125 0.2765625 0.5484375 0.2796875 0.490625 0.2859375 0.4796875
1 0.6953125 0.509375 0.6984375 0.509375 0.7 0.5171875 0.7046875 0.525 0.7046875 0.565625 0.7078125 0.578125 0.7078125 0.5859375 0.7015625 0.5875 0.6953125 0.5734375 0.6953125 0.5375 0.69375 0.5359375 0.6953125 0.521875 0.69375 0.5125 0.6953125 0.5109375
1 0.3171875 0.4703125 0.321875 0.4703125 0.328125 0.4875 0.3265625 0.5078125 0.3203125 0.515625 0.3171875 0.525 0.31875 0.5359375 0.3140625 0.5359375 0.3109375 0.5453125 0.3078125 0.546875 0.30625 0.5453125 0.3078125 0.509375 0.315625 0.49375 0.3171875 0.471875
1 0.3734375 0.5078125 0.3765625 0.5078125 0.3859375 0.525 0.384375 0.53125 0.3859375 0.571875 0.384375 0.571875 0.3828125 0.5625 0.3765625 0.55625 0.3734375 0.559375 0.3734375 0.575 0.371875 0.5765625 0.36875 0.5734375 0.36875 0.553125 0.371875 0.5484375 0.3703125 0.5203125 0.3734375 0.509375
1 0.7953125 0.525 0.8 0.528125 0.803125 0.5453125 0.809375 0.5578125 0.8140625 0.5625 0.8140625 0.5671875 0.8125 0.5671875 0.80625 0.559375 0.803125 0.5609375 0.803125 0.59375 0.8125 0.6125 0.8109375 0.6171875 0.80625 0.61875 0.80625 0.6109375 0.8015625 0.6078125 0.7984375 0.6109375 0.796875 0.621875 0.790625 0.6234375 0.7953125 0.6109375 0.7953125 0.5671875 0.79375 0.565625 0.79375 0.528125 0.7953125 0.5265625
1 0.55625 0.534375 0.5609375 0.5375 0.5609375 0.5421875 0.56875 0.5578125 0.56875 0.584375 0.565625 0.5953125 0.5671875 0.609375 0.571875 0.6171875 0.5703125 0.6265625 0.5640625 0.6234375 0.5609375 0.628125 0.5578125 0.6265625 0.559375 0.6203125 0.5578125 0.565625 0.5546875 0.5578125 0.55625 0.55 0.5546875 0.5375 0.55625 0.5359375
1 0.846875 0.5796875 0.85 0.5796875 0.853125 0.584375 0.853125 0.590625 0.859375 0.60625 0.8578125 0.64375 0.865625 0.6609375 0.865625 0.665625 0.8625 0.665625 0.8515625 0.64375 0.85 0.6453125 0.85 0.6703125 0.84375 0.671875 0.846875 0.6640625 0.8453125 0.6578125 0.846875 0.58125
1 0.1921875 0.5875 0.1953125 0.5984375 0.203125 0.6109375 0.2078125 0.6140625 0.2109375 0.621875 0.209375 0.625 0.2015625 0.6203125 0.1984375 0.625 0.1953125 0.653125 0.2 0.678125 0.1984375 0.6796875 0.1953125 0.671875 0.1875 0.6671875 0.1890625 0.6328125 0.1828125 0.6125 0.190625 0.596875 0.1921875 0.5890625
1 0.609375 0.4921875 0.621875 0.51875 0.621875 0.5265625 0.6171875 0.5375 0.615625 0.5671875 0.6125 0.56875 0.6109375 0.565625 0.609375 0.55 0.6109375 0.515625 0.6078125 0.49375
1 0.7546875 0.6 0.7546875 0.5875 0.753125 0.58125 0.75 0.5796875 0.746875 0.5828125 0.74375 0.6046875 0.7375 0.603125 0.7421875 0.5953125 0.7421875 0.5640625 0.74375 0.5625 0.74375 0.55625 0.7390625 0.5484375 0.7453125 0.5421875 0.7453125 0.525 0.746875 0.5234375 0.7453125 0.5140625 0.746875 0.5125 0.7515625 0.5125 0.7546875 0.5296875 0.7546875 0.575 0.759375 0.5875 0.759375 0.5984375 0.75625 0.6
1 0.7546875 0.471875 0.759375 0.475 0.7625 0.4859375 0.76875 0.4953125 0.765625 0.5140625 0.7671875 0.5453125 0.765625 0.5484375 0.7625 0.546875 0.7625 0.53125 0.759375 0.528125 0.75625 0.5296875 0.753125 0.521875 0.75625 0.5046875 0.75625 0.49375 0.753125 0.4828125 0.7546875 0.4734375