0 0.5546875 0.4578125 0.553125 0.4671875 0.5484375 0.465625 0.5484375 0.4609375 0.553125 0.4578125
1 0.3234375 0.434375 0.3203125 0.4328125 0.3171875 0.4359375 0.3171875 0.4703125 0.3109375 0.4640625 0.3046875 0.4671875 0.303125 0.465625 0.303125 0.4609375 0.309375 0.4546875 0.3078125 0.41875 0.3125 0.403125 0.3140625 0.4015625 0.3171875 0.403125 0.3234375 0.4328125
1 0.6828125 0.525 0.6890625 0.540625 0.6875 0.571875 0.690625 0.5765625 0.6890625 0.596875 0.684375 0.6140625 0.6828125 0.615625 0.6765625 0.6140625 0.6734375 0.6109375 0.6765625 0.6046875 0.678125 0.578125 0.6765625 0.5671875 0.6734375 0.5640625 0.671875 0.55625 0.68125 0.5265625
1 0.325 0.55 0.3328125 0.5765625 0.334375 0.6328125 0.33125 0.63125 0.3296875 0.6171875 0.3265625 0.615625 0.3234375 0.621875 0.321875 0.6359375 0.31875 0.634375 0.321875 0.5890625 0.3171875 0.578125 0.3171875 0.56875 0.3234375 0.5515625
1 0.3859375 0.884375 0.3890625 0.8921875 0.3890625 0.903125 0.39375 0.9109375 0.3921875 0.9625 0.3890625 0.978125 0.390625 0.9953125 0.378125 0.99375 0.378125 0.9859375 0.3828125 0.975 0.3828125 0.9578125 0.378125 0.934375 0.3734375 0.9265625 0.375 0.9109375 0.3828125 0.8984375 0.38125 0.890625 0.384375 0.8859375
1 0.425 0.7375 0.425 0.728125 0.4203125 0.7171875 0.4140625 0.721875 0.4078125 0.734375 0.4046875 0.7328125 0.4125 0.7125 0.4125 0.684375 0.409375 0.678125 0.409375 0.66875 0.415625 0.65 0.41875 0.6515625 0.41875 0.6578125 0.421875 0.6640625 0.421875 0.6796875 0.425 0.6828125 0.4234375 0.690625 0.4265625 0.70625 0.4265625 0.7203125 0.43125 0.73125 0.43125 0.7359375 0.428125 0.7390625 0.4265625 0.7375
1 0.4546875 0.4515625 0.4578125 0.4546875 0.459375 0.4828125 0.4640625 0.4921875 0.4640625 0.50625 0.4671875 0.5125 0.4671875 0.515625 0.4625 0.5203125 0.465625 0.5328125 0.459375 0.5328125 0.459375 0.525 0.4546875 0.51875 0.4546875 0.5109375 0.45 0.503125 0.446875 0.471875 0.4546875 0.453125
1 0.390625 0.596875 0.3953125 0.621875 0.3953125 0.6328125 0.3984375 0.6375 0.4 0.6734375 0.403125 0.68125 0.3984375 0.6796875 0.3953125 0.659375 0.3921875 0.65625 0.3859375 0.66875 0.378125 0.675 0.384375 0.6484375 0.384375 0.6359375 0.38125 0.621875 0.3828125 0.6125 0.3859375 0.6078125 0.3859375 0.5984375 0.3890625 0.596875
1 0.0765625 0.528125 0.08125 0.528125 0.08125 0.5484375 0.0828125 0.55625 0.0875 0.5625 0.0875 0.5671875 0.08125 0.571875 0.0828125 0.6171875 0.0796875 0.6171875 0.06875 0.60625 0.071875 0.596875 0.06875 0.5484375 0.075 0.5375 0.0765625 0.5296875
1 0.0109375 0.775 0.0109375 0.7890625 0.01875 0.821875 0.01875 0.8484375 0.0234375 0.8578125 0.021875 0.865625 0.01875 0.8671875 0.0125 0.865625 0.0109375 0.7765625
1 0.2421875 0.4203125 0.246875 0.409375 0.25 0.375 0.253125 0.3703125 0.2515625 0.3671875 0.25625 0.3640625 0.2578125 0.3859375 0.2609375 0.3921875 0.259375 0.40625 0.253125 0.409375 0.246875 0.421875 0.2453125 0.4234375 0.24375 0.421875
1 0.6265625 0.4765625 0.6390625 0.496875 0.6421875 0.4984375 0.65 0.496875 0.6515625 0.5 0.6484375 0.50625 0.6328125 0.50625 0.615625 0.4921875 0.615625 0.48125 0.61875 0.4828125 0.625 0.4765625
1 0.6296875 0.50625 0.634375 0.50625 0.634375 0.515625 0.6390625 0.5203125 0.6375 0.553125 0.6421875 0.565625 0.6390625 0.5703125 0.640625 0.58125 0.6375 0.5828125 0.634375 0.578125 0.628125 0.584375 0.6265625 0.5765625 0.6296875 0.56875 0.6296875 0.5515625 0.6234375 0.5359375 0.6234375 0.528125 0.6296875 0.5171875 0.6296875 0.5078125
1 0.6234375 0.4984375 0.628125 0.503125 0.628125 0.51875 0.621875 0.53125 0.61875 0.5296875 0.615625 0.521875 0.615625 0.5125 0.621875 0.5
2 0.1734375 0.5859375 0.178125 0.5875 0.178125 0.59375 0.184375 0.60625 0.184375 0.621875 0.18125 0.6265625 0.1796875 0.6359375 0.1796875 0.68125 0.18125 0.6828125 0.1765625 0.6828125 0.1734375 0.6765625 0.171875 0.6890625 0.16875 0.690625 0.1671875 0.6796875 0.1703125 0.671875 0.1734375 0.6453125 0.1640625 0.6109375 0.1734375 0.5875