0 0.403125 0.4046875 0.4078125 0.4109375 0.40625 0.4171875 0.403125 0.41875 0.4015625 0.415625 0.4015625 0.40625
1 0.3390625 0.3796875 0.3421875 0.3796875 0.340625 0.3890625 0.34375 0.39375 0.346875 0.4125 0.346875 0.425 0.340625 0.4125 0.3375 0.4171875 0.3390625 0.4515625 0.3375 0.453125 0.3328125 0.4453125 0.3265625 0.446875 0.3140625 0.4453125 0.315625 0.4359375 0.3203125 0.4375 0.3265625 0.4359375 0.3265625 0.4015625 0.3390625 0.38125
1 0.3703125 0.35 0.375 0.35 0.3765625 0.3546875 0.371875 0.3671875 0.3703125 0.3828125 0.371875 0.4046875 0.3671875 0.4171875 0.36875 0.4234375 0.3671875 0.425 0.3625 0.4234375 0.3640625 0.4109375 0.3578125 0.40625 0.3609375 0.3734375 0.3703125 0.3515625
1 0.38125 0.8296875 0.3796875 0.7875 0.378125 0.7859375 0.3796875 0.75625 0.375 0.746875 0.375 0.7359375 0.3765625 0.728125 0.3828125 0.71875 0.3828125 0.709375 0.3859375 0.703125 0.390625 0.7078125 0.390625 0.7203125 0.3953125 0.7265625 0.396875 0.7515625 0.3953125 0.753125 0.3953125 0.784375 0.390625 0.8203125 0.3890625 0.8265625 0.3828125 0.8296875
1 0.4015625 0.459375 0.4046875 0.4578125 0.40625 0.4515625 0.409375 0.453125 0.4140625 0.48125 0.40625 0.490625 0.403125 0.50625 0.396875 0.5171875 0.3875 0.525 0.384375 0.5203125 0.384375 0.5125 0.3921875 0.5 0.3953125 0.4859375 0.39375 0.478125 0.3875 0.48125 0.3859375 0.478125 0.4015625 0.4609375
1 0.04375 0.4875 0.04375 0.4640625 0.0421875 0.4625 0.040625 0.4640625 0.040625 0.4875 0.0390625 0.490625 0.0359375 0.4890625 0.0390625 0.459375 0.0390625 0.4125 0.0484375 0.39375 0.053125 0.39375 0.053125 0.421875 0.0515625 0.4234375 0.0515625 0.4640625 0.046875 0.478125 0.046875 0.4875 0.0453125 0.4875
1 0.688744212962963 0.5097511574074074 0.02567708333333334 0.09233217592592595
1 0.234375 0.396875 0.2390625 0.3984375 0.2390625 0.40625 0.2359375 0.4109375 0.2359375 0.4328125 0.240625 0.4421875 0.234375 0.4390625 0.23125 0.440625 0.2296875 0.4671875 0.2234375 0.478125 0.225 0.4859375 0.21875 0.4828125 0.21875 0.4765625 0.221875 0.4703125 0.21875 0.4671875 0.2140625 0.46875 0.215625 0.459375 0.221875 0.4546875 0.2234375 0.4171875 0.234375 0.3984375
1 0.61875 0.48125 0.6296875 0.49375 0.6296875 0.5046875 0.625 0.5171875 0.6234375 0.5296875 0.61875 0.5390625 0.61875 0.5515625 0.615625 0.553125 0.6125 0.55 0.615625 0.540625 0.615625 0.5125 0.6125 0.5078125 0.6140625 0.50625 0.6140625 0.490625 0.6171875 0.4828125
1 0.4484375 0.4171875 0.4515625 0.415625 0.4546875 0.4046875 0.4578125 0.403125 0.4578125 0.409375 0.4640625 0.41875 0.4671875 0.4359375 0.4671875 0.4453125 0.4625 0.453125 0.4609375 0.465625 0.453125 0.475 0.4515625 0.48125 0.4484375 0.478125 0.45 0.465625 0.446875 0.440625 0.4484375 0.41875
1 0.621875 0.4390625 0.625 0.4390625 0.6328125 0.453125 0.63125 0.490625 0.628125 0.490625 0.621875 0.484375 0.6171875 0.4828125 0.6125 0.50625 0.609375 0.5125 0.60625 0.5125 0.6078125 0.5 0.615625 0.484375 0.6140625 0.45 0.621875 0.440625
1 0.70625 0.528125 0.7109375 0.5296875 0.7109375 0.534375 0.7203125 0.553125 0.71875 0.625 0.7171875 0.628125 0.7140625 0.621875 0.709375 0.6203125 0.70625 0.6109375 0.70625 0.5890625 0.7046875 0.5875 0.70625 0.5734375 0.703125 0.5703125 0.7015625 0.55625 0.70625 0.5296875
1 0.0715162037037037 0.4814236111111111 0.022575231481481484 0.0953414351851852
1 0.43125 0.571875 0.43125 0.5625 0.4359375 0.5546875 0.4359375 0.5484375 0.4328125 0.5453125 0.4328125 0.5109375 0.434375 0.50625 0.4421875 0.5 0.4453125 0.4921875 0.4484375 0.49375 0.4484375 0.503125 0.4515625 0.5140625 0.45 0.528125 0.446875 0.53125 0.4484375 0.5421875 0.446875 0.5890625 0.44375 0.5890625 0.4421875 0.5671875 0.4390625 0.5640625 0.4328125 0.571875
1 0.83125 0.628125 0.825 0.615625 0.825 0.596875 0.821875 0.590625 0.8203125 0.578125 0.8234375 0.5625 0.8203125 0.5578125 0.8234375 0.553125 0.828125 0.55625 0.8296875 0.5640625 0.8359375 0.5734375 0.8359375 0.59375 0.8484375 0.6375 0.8484375 0.646875 0.8453125 0.64375 0.8421875 0.6328125 0.8375 0.628125 0.8359375 0.6296875 0.8328125 0.628125
1 0.0875 0.51875 0.09375 0.503125 0.1015625 0.4953125 0.1015625 0.4859375 0.10625 0.48125 0.1078125 0.4828125 0.10625 0.4953125 0.1109375 0.50625 0.1109375 0.5296875 0.1078125 0.5375 0.1078125 0.55 0.1 0.58125 0.096875 0.5796875 0.0984375 0.5703125 0.096875 0.5546875 0.09375 0.55625 0.0890625 0.571875 0.084375 0.578125 0.0828125 0.571875 0.0859375 0.5671875 0.0875 0.55625 0.0921875 0.5484375 0.09375 0.5375 0.0921875 0.5234375 0.0890625 0.5203125
1 0.63125 0.49375 0.6359375 0.4984375 0.6453125 0.525 0.6453125 0.534375 0.6421875 0.5390625 0.64375 0.55 0.6359375 0.5984375 0.634375 0.6 0.628125 0.5984375 0.6296875 0.5828125 0.628125 0.58125 0.625 0.521875 0.6296875 0.509375 0.6296875 0.4953125
1 0.625 0.4171875 0.628125 0.41875 0.63125 0.4296875 0.6421875 0.4484375 0.640625 0.4640625 0.6359375 0.46875 0.634375 0.4671875 0.6328125 0.45 0.6234375 0.4375 0.621875 0.428125 0.6234375 0.41875
1 0.13125 0.7671875 0.1359375 0.771875 0.1359375 0.7890625 0.1421875 0.79375 0.1453125 0.80625 0.1453125 0.8359375 0.140625 0.84375 0.140625 0.859375 0.1390625 0.8609375 0.1390625 0.903125 0.1375 0.9046875 0.1390625 0.9203125 0.134375 0.9234375 0.1328125 0.91875 0.134375 0.915625 0.134375 0.8671875 0.1328125 0.865625 0.128125 0.8703125 0.1265625 0.90625 0.121875 0.9078125 0.1171875 0.9015625 0.1171875 0.896875 0.121875 0.8921875 0.1234375 0.846875 0.121875 0.8453125 0.1203125 0.846875 0.1171875 0.8578125 0.115625 0.846875 0.1203125 0.828125 0.1203125 0.80625 0.128125 0.790625 0.1265625 0.771875 0.1296875 0.76875
2 0.2046875 0.56875 0.2109375 0.56875 0.2109375 0.58125 0.2140625 0.5890625 0.209375 0.60625 0.2109375 0.61875 0.2078125 0.64375 0.2046875 0.6546875 0.1984375 0.6640625 0.196875 0.675 0.19375 0.671875 0.19375 0.6671875 0.2015625 0.646875 0.2015625 0.6390625 0.2 0.6375 0.196875 0.640625 0.1859375 0.6640625 0.184375 0.6796875 0.18125 0.6796875 0.18125 0.6703125 0.1859375 0.659375 0.19375 0.6265625 0.1953125 0.59375 0.1984375 0.58125 0.2046875 0.5703125