2 0.21875 0.5421875 0.2265625 0.5578125 0.221875 0.5734375 0.21875 0.6109375 0.2171875 0.6125 0.215625 0.6109375 0.2140625 0.5515625 0.21875 0.54375
2 0.9390625 0.78125 0.9375 0.7796875 0.9390625 0.7671875 0.9375 0.7296875 0.9421875 0.7015625 0.9453125 0.6984375 0.9484375 0.7 0.95 0.7265625 0.946875 0.740625 0.946875 0.775 0.9421875 0.7765625 0.940625 0.7796875
0 0.8703125 0.73125 0.871875 0.721875 0.8765625 0.7265625 0.875 0.73125 0.871875 0.73125
1 0.3203125 0.634375 0.3234375 0.6359375 0.3234375 0.6609375 0.3265625 0.6734375 0.3265625 0.7046875 0.328125 0.70625 0.3203125 0.709375 0.3171875 0.703125 0.3171875 0.646875 0.3203125 0.6359375
1 0.44375 0.459375 0.446875 0.4625 0.45 0.4828125 0.4453125 0.5046875 0.4390625 0.515625 0.4390625 0.5 0.440625 0.4984375 0.4390625 0.471875 0.44375 0.4609375
1 0.425 0.5015625 0.421875 0.4953125 0.4171875 0.4921875 0.4171875 0.475 0.415625 0.4734375 0.415625 0.45625 0.41875 0.4453125 0.421875 0.44375 0.428125 0.453125 0.428125 0.465625 0.425 0.475 0.425 0.49375 0.4265625 0.4953125 0.425 0.5
1 0.409375 0.50390625 0.01015625 0.0640625
1 0.278125 0.4625 0.2828125 0.4625 0.284375 0.465625 0.2875 0.4828125 0.2875 0.4921875 0.284375 0.496875 0.2828125 0.5125 0.278125 0.5109375 0.2765625 0.4953125 0.278125 0.4640625
1 0.4984375 0.640625 0.4953125 0.596875 0.503125 0.578125 0.50625 0.58125 0.50625 0.621875 0.5046875 0.6375 0.5 0.640625
1 0.453125 0.4859375 0.45625 0.4875 0.459375 0.4984375 0.4578125 0.5140625 0.459375 0.540625 0.4546875 0.5359375 0.45 0.5390625 0.4484375 0.4953125 0.4515625 0.4875
1 0.24765625 0.4875 0.0109375 0.0640625
1 0.2859375 0.4390625 0.2890625 0.4390625 0.2921875 0.4578125 0.290625 0.4921875 0.2890625 0.49375 0.2875 0.490625 0.2859375 0.4671875 0.2828125 0.4609375 0.2828125 0.446875 0.2859375 0.440625
1 0.265625 0.4453125 0.2703125 0.4578125 0.2703125 0.4765625 0.2734375 0.49375 0.271875 0.4953125 0.26875 0.49375 0.2640625 0.5015625 0.2609375 0.471875 0.2609375 0.4546875 0.2640625 0.446875
1 0.303125 0.459375 0.30625 0.4625 0.30625 0.48125 0.3078125 0.4828125 0.30625 0.525 0.3046875 0.5265625 0.2984375 0.521875 0.3 0.5171875 0.2984375 0.4703125 0.3015625 0.4609375
1 0.4109375 0.4375 0.4171875 0.440625 0.4140625 0.4734375 0.4109375 0.4734375 0.4078125 0.4609375 0.4078125 0.446875 0.4109375 0.4390625
1 0.325 0.446875 0.328125 0.471875 0.3265625 0.503125 0.3203125 0.5015625 0.321875 0.496875 0.3203125 0.4484375 0.3234375 0.446875
1 0.3171875 0.5078125 0.3140625 0.503125 0.315625 0.49375 0.3140625 0.465625 0.3171875 0.45 0.321875 0.446875 0.3203125 0.45625 0.321875 0.496875 0.31875 0.50625
1 0.946875 0.65 0.95 0.6515625 0.953125 0.665625 0.95 0.7 0.946875 0.7015625 0.9421875 0.6984375 0.9453125 0.671875 0.94375 0.6640625 0.946875 0.6515625
1 0.08125 0.48125 0.084375 0.4828125 0.0875 0.5109375 0.0859375 0.5359375 0.08125 0.5453125 0.08125 0.515625 0.078125 0.4984375 0.08125 0.4828125
1 0.4 0.4625 0.4046875 0.4734375 0.403125 0.5109375 0.396875 0.5140625 0.3953125 0.5234375 0.39375 0.5234375 0.39375 0.471875 0.3984375 0.4640625
1 0.3171875 0.509375 0.3140625 0.4765625 0.3171875 0.45 0.321875 0.446875 0.321875 0.465625 0.3234375 0.4671875 0.321875 0.475 0.3234375 0.4875 0.31875 0.5078125
1 0.3578125 0.46796875 0.0125 0.05546875
1 0.3515625 0.459375 0.3546875 0.459375 0.359375 0.4640625 0.3609375 0.4734375 0.35625 0.5046875 0.3578125 0.5125 0.3546875 0.5109375 0.3515625 0.5046875 0.3484375 0.5125 0.3484375 0.4640625 0.3515625 0.4609375