1 0.5921875 0.5109375 0.5921875 0.503125 0.5953125 0.4953125 0.5953125 0.4640625 0.5984375 0.45625 0.603125 0.459375 0.6078125 0.4671875 0.60625 0.4890625 0.609375 0.509375 0.6078125 0.5140625 0.60625 0.5125 0.6046875 0.5 0.6015625 0.4953125 0.596875 0.5 0.5953125 0.509375 0.5921875 0.5125
1 0.453125 0.65625 0.453125 0.646875 0.4578125 0.6421875 0.4578125 0.625 0.459375 0.6234375 0.4578125 0.6046875 0.465625 0.5953125 0.4703125 0.603125 0.4703125 0.628125 0.46875 0.6296875 0.4703125 0.6625 0.4671875 0.6625 0.4671875 0.6515625 0.4640625 0.6453125 0.4578125 0.65 0.4546875 0.65625
1 0.7078125 0.475 0.7140625 0.4859375 0.709375 0.5203125 0.6984375 0.4921875 0.7 0.4828125 0.703125 0.4765625 0.70625 0.475
1 0.496875 0.421875 0.5 0.4234375 0.5046875 0.4359375 0.503125 0.471875 0.5015625 0.4765625 0.4984375 0.475 0.49375 0.48125 0.49375 0.4296875 0.496875 0.4234375
1 0.696875 0.4125 0.703125 0.415625 0.7046875 0.421875 0.703125 0.4640625 0.7 0.4609375 0.6953125 0.4609375 0.6921875 0.465625 0.690625 0.4625 0.6921875 0.459375 0.6921875 0.4203125 0.696875 0.4140625
1 0.7234375 0.3953125 0.7265625 0.396875 0.728125 0.403125 0.7296875 0.4125 0.728125 0.428125 0.7328125 0.446875 0.73125 0.45625 0.7265625 0.4421875 0.7234375 0.4390625 0.7203125 0.4421875 0.71875 0.4375 0.721875 0.425 0.7203125 0.41875 0.7234375 0.396875
1 0.021875 0.59375 0.0265625 0.5953125 0.0296875 0.6109375 0.0265625 0.6671875 0.0234375 0.6734375 0.01875 0.6734375 0.01875 0.6484375 0.015625 0.640625 0.0140625 0.6234375 0.0171875 0.603125 0.021875 0.5953125
1 0.040625 0.5640625 0.046875 0.58125 0.04375 0.5875 0.04375 0.6296875 0.0390625 0.634375 0.0359375 0.634375 0.034375 0.63125 0.0296875 0.60625 0.03125 0.5703125 0.0390625 0.5640625
1 0.6328125 0.4359375 0.6390625 0.446875 0.6390625 0.4921875 0.640625 0.49375 0.6390625 0.4984375 0.6359375 0.4984375 0.63125 0.49375 0.6296875 0.4578125 0.628125 0.45625 0.63125 0.4375
1 0.2890625 0.6453125 0.29375 0.6453125 0.29375 0.65625 0.2984375 0.6796875 0.296875 0.703125 0.2953125 0.7078125 0.2890625 0.7140625 0.2890625 0.7234375 0.2859375 0.7234375 0.2859375 0.659375 0.2890625 0.646875
1 0.0671875 0.628125 0.0640625 0.625 0.0625 0.615625 0.0625 0.5828125 0.0609375 0.58125 0.0609375 0.56875 0.065625 0.5578125 0.06875 0.55625 0.0734375 0.5640625 0.0734375 0.6234375 0.06875 0.6265625
1 0.6953125 0.4 0.6984375 0.4 0.7 0.4078125 0.7 0.4203125 0.6984375 0.4234375 0.6921875 0.425 0.6921875 0.409375 0.6953125 0.4015625
1 0.621875 0.428125 0.6265625 0.434375 0.6265625 0.4515625 0.6234375 0.453125 0.615625 0.4359375 0.6171875 0.43125 0.6203125 0.4296875
1 0.5046875 0.4875 0.509375 0.4875 0.5125 0.5 0.5125 0.515625 0.5078125 0.5375 0.5078125 0.5484375 0.5046875 0.5484375 0.5015625 0.540625 0.503125 0.5203125 0.4984375 0.5140625 0.5 0.5 0.5046875 0.4890625
1 0.18125 0.775 0.184375 0.7765625 0.1859375 0.7828125 0.1859375 0.7984375 0.1890625 0.8078125 0.190625 0.865625 0.1859375 0.8640625 0.1859375 0.8484375 0.1828125 0.8421875 0.175 0.8546875 0.171875 0.865625 0.1703125 0.8640625 0.1703125 0.8546875 0.178125 0.8359375 0.178125 0.790625 0.18125 0.7765625
1 0.3734375 0.6359375 0.3765625 0.6359375 0.3765625 0.6578125 0.371875 0.7046875 0.3703125 0.70625 0.3671875 0.7046875 0.3671875 0.690625 0.359375 0.6890625 0.359375 0.6859375 0.3671875 0.6796875 0.36875 0.653125 0.3734375 0.6375
1 0.4390625 0.540625 0.44375 0.55 0.44375 0.5890625 0.4484375 0.6046875 0.446875 0.6078125 0.44375 0.60625 0.44375 0.6015625 0.4390625 0.5921875 0.4359375 0.6 0.434375 0.6015625 0.4328125 0.5984375 0.4375 0.5859375 0.434375 0.5578125 0.4390625 0.5421875
1 0 0.5859375 0.0078125 0.578125 0.0109375 0.596875 0.0109375 0.6296875 0.0078125 0.6359375 0.0078125 0.65625 0.0046875 0.659375 0.003125 0.640625 0 0.6359375 0 0.5875
1 0.6546875 0.421875 0.659375 0.43125 0.6609375 0.4734375 0.6546875 0.471875 0.6515625 0.4671875 0.6484375 0.428125 0.65 0.4234375 0.653125 0.421875
1 0.709375 0.4375 0.7140625 0.4390625 0.71875 0.45 0.7171875 0.490625 0.7140625 0.4953125 0.7140625 0.484375 0.7078125 0.4703125 0.709375 0.4390625
1 0.684375 0.7203125 0.6875 0.6921875 0.6921875 0.678125 0.6921875 0.653125 0.690625 0.6515625 0.6921875 0.6453125 0.6953125 0.646875 0.703125 0.6625 0.70625 0.6734375 0.70625 0.684375 0.7 0.6875 0.696875 0.696875 0.6984375 0.703125 0.6953125 0.7078125 0.690625 0.709375 0.6890625 0.7125 0.690625 0.7171875 0.6890625 0.7203125 0.6859375 0.7203125
1 0.6125 0.4375 0.6171875 0.4359375 0.625 0.45 0.625 0.4609375 0.6203125 0.465625 0.6234375 0.48125 0.6234375 0.496875 0.621875 0.496875 0.61875 0.4875 0.6125 0.484375 0.6109375 0.48125 0.609375 0.45 0.6125 0.4390625
2 0.6375 0.5984375 0.640625 0.6015625 0.640625 0.64375 0.64375 0.6734375 0.640625 0.671875 0.6390625 0.653125 0.6359375 0.65 0.63125 0.659375 0.6296875 0.671875 0.628125 0.66875 0.6296875 0.6609375 0.628125 0.61875 0.6296875 0.6109375 0.6359375 0.6