0 0.521875 0.4546875 0.5234375 0.4609375 0.51875 0.4609375 0.51875 0.45625 0.5203125 0.45625
1 0.1953125 0.8875 0.1984375 0.8859375 0.2015625 0.8875 0.2046875 0.9 0.2046875 0.9046875 0.1984375 0.9125 0.196875 0.9234375 0.203125 0.934375 0.203125 0.9453125 0.1984375 0.95625 0.2 0.9625 0.1984375 0.965625 0.1953125 0.965625 0.19375 0.9625 0.196875 0.9453125 0.1921875 0.9421875 0.1828125 0.95 0.175 0.9671875 0.175 0.9734375 0.171875 0.975 0.1703125 0.9734375 0.1703125 0.9671875 0.175 0.9609375 0.184375 0.9359375 0.184375 0.9125 0.1953125 0.8890625
1 0.609375 0.5546875 0.6109375 0.55625 0.609375 0.5890625 0.6078125 0.590625 0.609375 0.621875 0.60625 0.621875 0.60625 0.6078125 0.5984375 0.60625 0.5921875 0.5984375 0.5984375 0.59375 0.6 0.56875 0.6078125 0.55625
1 0.496875 0.4125 0.5 0.41875 0.4984375 0.446875 0.4953125 0.45 0.4890625 0.4484375 0.484375 0.4546875 0.48125 0.453125 0.48125 0.45 0.4875 0.4421875 0.490625 0.4171875 0.4953125 0.4125
1 0.525 0.5640625 0.528125 0.565625 0.525 0.596875 0.5296875 0.6078125 0.53125 0.6234375 0.534375 0.6296875 0.5296875 0.6296875 0.5265625 0.6125 0.521875 0.6078125 0.5109375 0.6140625 0.5 0.6171875 0.5 0.6125 0.5125 0.60625 0.515625 0.6015625 0.5171875 0.58125 0.525 0.565625
1 0.3515625 0.446875 0.3484375 0.4953125 0.3453125 0.4859375 0.3421875 0.484375 0.33125 0.4984375 0.3296875 0.490625 0.3375 0.4828125 0.3390625 0.478125 0.3390625 0.4546875 0.3421875 0.45 0.35 0.446875
1 0.0953125 0.5265625 0.096875 0.528125 0.09375 0.553125 0.0953125 0.578125 0.090625 0.5875 0.0921875 0.596875 0.0859375 0.5984375 0.084375 0.5953125 0.0875 0.5875 0.0859375 0.58125 0.0796875 0.578125 0.0796875 0.5734375 0.084375 0.56875 0.0875 0.54375 0.09375 0.528125
1 0.2796875 0.625 0.2875 0.625 0.2859375 0.6640625 0.2890625 0.675 0.2890625 0.690625 0.2859375 0.6921875 0.284375 0.6828125 0.2796875 0.6765625 0.26875 0.68125 0.2640625 0.6859375 0.2625 0.6828125 0.2640625 0.675 0.2703125 0.675 0.275 0.6703125 0.275 0.65625 0.2796875 0.640625 0.2796875 0.6265625
1 0.1125 0.6296875 0.11875 0.6265625 0.1203125 0.5984375 0.1234375 0.5890625 0.128125 0.584375 0.13125 0.5859375 0.13125 0.603125 0.128125 0.6203125 0.1296875 0.64375 0.125 0.6453125 0.1234375 0.6375 0.1140625 0.6359375 0.1125 0.63125
1 0.390625 0.7125 0.3953125 0.7125 0.3953125 0.7296875 0.396875 0.73125 0.39375 0.7421875 0.3953125 0.76875 0.3859375 0.775 0.384375 0.7859375 0.3796875 0.790625 0.3796875 0.778125 0.384375 0.7625 0.384375 0.7421875 0.390625 0.7140625
1 0.0640625 0.45 0.0671875 0.4515625 0.06875 0.4609375 0.0671875 0.471875 0.06875 0.50625 0.0671875 0.5078125 0.0640625 0.4890625 0.059375 0.4921875 0.05625 0.4984375 0.053125 0.4984375 0.053125 0.49375 0.0578125 0.4859375 0.0578125 0.471875 0.0546875 0.4640625 0.0640625 0.4515625
1 0.2765625 0.5515625 0.2796875 0.5671875 0.2796875 0.578125 0.2765625 0.5859375 0.2796875 0.596875 0.26875 0.6109375 0.2671875 0.615625 0.26875 0.6234375 0.265625 0.6234375 0.2625 0.6171875 0.2671875 0.603125 0.26875 0.5625 0.2734375 0.559375 0.275 0.553125
1 0.6796875 0.4703125 0.6828125 0.4734375 0.68125 0.5125 0.675 0.521875 0.675 0.53125 0.6703125 0.5296875 0.671875 0.5234375 0.6703125 0.5140625 0.6734375 0.5078125 0.675 0.478125 0.6796875 0.471875
1 0.409375 0.53984375 0.01640625 0.0625
2 0.3421875 0.5109375 0.34375 0.5125 0.3421875 0.5359375 0.346875 0.5515625 0.3484375 0.56875 0.3453125 0.5671875 0.34375 0.553125 0.340625 0.5484375 0.3359375 0.5484375 0.3328125 0.553125 0.321875 0.55 0.3328125 0.54375 0.334375 0.5234375 0.340625 0.5125