0 0.2046875 0.5046875 0.209375 0.50625 0.2078125 0.5125 0.2046875 0.5125 0.2046875 0.50625
1 0.3375 0.6703125 0.3421875 0.6703125 0.34375 0.68125 0.346875 0.6859375 0.3578125 0.6921875 0.3578125 0.6953125 0.35 0.69375 0.340625 0.6953125 0.3421875 0.7578125 0.3390625 0.7609375 0.334375 0.75625 0.33125 0.75625 0.3296875 0.7546875 0.3296875 0.7171875 0.3265625 0.70625 0.325 0.7046875 0.321875 0.70625 0.321875 0.7 0.3375 0.6765625 0.3375 0.671875
1 0.384375 0.7390625 0.3859375 0.7484375 0.3828125 0.76875 0.3875 0.796875 0.3875 0.8140625 0.38125 0.83125 0.38125 0.840625 0.378125 0.8421875 0.375 0.834375 0.3765625 0.8265625 0.375 0.7578125 0.378125 0.75625 0.3828125 0.740625
1 0.4953125 0.6046875 0.4984375 0.6078125 0.5 0.615625 0.4984375 0.684375 0.496875 0.6875 0.4921875 0.6875 0.49375 0.68125 0.4921875 0.665625 0.49375 0.60625
1 0.24149305555555553 0.46616898148148145 0.013975694444444419 0.06705439814814813
1 0.6375 0.6140625 0.6421875 0.615625 0.6421875 0.621875 0.6453125 0.628125 0.6453125 0.66875 0.6359375 0.665625 0.634375 0.6609375 0.6359375 0.64375 0.63125 0.6390625 0.6375 0.6296875 0.6375 0.615625
1 0.73125 0.678125 0.7359375 0.678125 0.7421875 0.6984375 0.740625 0.75 0.74375 0.7625 0.74375 0.7671875 0.740625 0.76875 0.7390625 0.75625 0.734375 0.753125 0.73125 0.76875 0.725 0.7703125 0.7296875 0.7515625 0.7296875 0.7125 0.7265625 0.70625 0.73125 0.6796875
1 0.665625 0.6359375 0.671875 0.6375 0.671875 0.646875 0.675 0.65625 0.6734375 0.6703125 0.675 0.6734375 0.6734375 0.678125 0.675 0.721875 0.6671875 0.7296875 0.6640625 0.728125 0.665625 0.6875 0.6609375 0.6734375 0.6640625 0.66875 0.665625 0.659375 0.665625 0.6375
1 0.5890625 0.5890625 0.5921875 0.59375 0.5921875 0.6 0.596875 0.6125 0.59375 0.63125 0.59375 0.6671875 0.590625 0.6671875 0.584375 0.6734375 0.5828125 0.671875 0.584375 0.665625 0.5828125 0.634375 0.5796875 0.628125 0.58125 0.6265625 0.58125 0.6078125 0.5859375 0.6 0.5875 0.590625
1 0.709375 0.703125 0.7125 0.70625 0.7109375 0.7109375 0.7171875 0.71875 0.7171875 0.7359375 0.7109375 0.76875 0.7140625 0.796875 0.7109375 0.7984375 0.709375 0.79375 0.7046875 0.803125 0.7015625 0.8 0.7015625 0.75625 0.7 0.740625 0.696875 0.734375 0.7 0.7203125 0.7078125 0.7046875
1 0.240625 0.590625 0.24375 0.596875 0.24375 0.6140625 0.246875 0.6171875 0.246875 0.625 0.2421875 0.6296875 0.2421875 0.65 0.240625 0.6515625 0.240625 0.6734375 0.24375 0.6765625 0.2359375 0.678125 0.2328125 0.6734375 0.2328125 0.6546875 0.234375 0.653125 0.2328125 0.6234375 0.2390625 0.5921875
1 0.709375 0.68125 0.7125 0.6734375 0.7140625 0.65 0.7171875 0.6484375 0.7234375 0.66875 0.721875 0.7046875 0.71875 0.7078125 0.71875 0.7140625 0.7125 0.7109375 0.7109375 0.6828125
1 0.76875 0.696875 0.7734375 0.709375 0.771875 0.7125 0.7734375 0.7140625 0.775 0.7796875 0.771875 0.790625 0.7703125 0.778125 0.76875 0.7765625 0.7671875 0.778125 0.765625 0.7921875 0.7625 0.7921875 0.7609375 0.78125 0.7625 0.7703125 0.759375 0.753125 0.7609375 0.7515625 0.7609375 0.7125 0.7640625 0.70625 0.7640625 0.6984375 0.7671875 0.696875
1 0.6375 0.66875 0.64375 0.6703125 0.646875 0.675 0.646875 0.6953125 0.6484375 0.696875 0.6453125 0.7171875 0.6484375 0.7421875 0.646875 0.7453125 0.640625 0.74375 0.6421875 0.73125 0.6375 0.7109375 0.6390625 0.7 0.6375 0.6703125
1 0.7234375 0.675 0.728125 0.6796875 0.728125 0.7328125 0.721875 0.7390625 0.7203125 0.7546875 0.7171875 0.753125 0.7203125 0.71875 0.71875 0.7140625 0.7140625 0.7125 0.7140625 0.709375 0.715625 0.7125 0.7203125 0.7109375 0.7234375 0.6765625
1 0.7515625 0.6890625 0.75625 0.690625 0.7578125 0.6984375 0.7625 0.70625 0.759375 0.7140625 0.759375 0.775 0.753125 0.7828125 0.7484375 0.7796875 0.753125 0.7734375 0.753125 0.7375 0.7546875 0.7359375 0.7515625 0.7140625 0.753125 0.70625 0.7515625 0.690625
1 0.6515625 0.8828125 0.6546875 0.8625 0.6515625 0.8546875 0.646875 0.8609375 0.6453125 0.884375 0.6421875 0.8875 0.6390625 0.884375 0.6421875 0.8703125 0.64375 0.84375 0.6484375 0.834375 0.646875 0.809375 0.6578125 0.7875 0.6609375 0.7859375 0.6609375 0.7953125 0.6671875 0.809375 0.66875 0.821875 0.6640625 0.8296875 0.6625 0.840625 0.659375 0.8453125 0.65625 0.884375 0.6546875 0.8890625 0.653125 0.8890625 0.653125 0.884375
1 0.696875 0.65625 0.696875 0.665625 0.703125 0.6765625 0.703125 0.684375 0.696875 0.7234375 0.690625 0.7265625 0.6859375 0.7453125 0.6828125 0.7421875 0.6875 0.7234375 0.6875 0.7046875 0.6890625 0.703125 0.6875 0.6890625 0.6890625 0.675 0.6921875 0.66875 0.6921875 0.6578125 0.6953125 0.65625
2 0.3140625 0.609375 0.31875 0.6109375 0.31875 0.615625 0.315625 0.61875 0.3171875 0.646875 0.315625 0.6484375 0.315625 0.6671875 0.3109375 0.6875 0.3125 0.7015625 0.3078125 0.703125 0.3078125 0.684375 0.309375 0.6828125 0.3078125 0.6265625 0.3109375 0.6140625 0.3140625 0.6109375
1 0.78125 0.609375 0.7828125 0.6171875 0.7875 0.621875 0.79375 0.6375 0.79375 0.653125 0.790625 0.6640625 0.790625 0.6890625 0.7859375 0.69375 0.78125 0.6921875 0.784375 0.6859375 0.784375 0.671875 0.7828125 0.6703125 0.7828125 0.65 0.7796875 0.640625 0.78125 0.6328125 0.7765625 0.6140625 0.7765625 0.6109375 0.7796875 0.609375
1 0.3875 0.490625 0.390625 0.490625 0.3921875 0.49375 0.3921875 0.5015625 0.3953125 0.5078125 0.39375 0.565625 0.390625 0.56875 0.384375 0.5671875 0.3875 0.5609375 0.3890625 0.546875 0.3875 0.5421875 0.3875 0.4921875
1 0.6328125 0.653125 0.6359375 0.671875 0.6328125 0.746875 0.628125 0.74375 0.628125 0.7296875 0.625 0.7265625 0.621875 0.728125 0.61875 0.740625 0.6171875 0.7421875 0.615625 0.740625 0.6234375 0.7078125 0.621875 0.70625 0.6234375 0.6984375 0.621875 0.6734375 0.63125 0.6546875