0 0.590625 0.4390625 0.59375 0.4390625 0.5953125 0.4421875 0.59375 0.4484375 0.590625 0.4484375 0.5890625 0.4453125 0.590625 0.440625
1 0.678125 0.5828125 0.68125 0.5828125 0.68125 0.5890625 0.6859375 0.5984375 0.6859375 0.6078125 0.68125 0.6234375 0.68125 0.6390625 0.678125 0.6453125 0.6765625 0.6609375 0.6734375 0.6640625 0.671875 0.6578125 0.6671875 0.65625 0.66875 0.609375 0.671875 0.60625 0.671875 0.5984375 0.6765625 0.5921875 0.678125 0.584375
1 0.275 0.3046875 0.278125 0.3078125 0.2765625 0.34375 0.271875 0.353125 0.26875 0.35 0.2640625 0.35625 0.2609375 0.35625 0.2671875 0.3390625 0.26875 0.321875 0.275 0.30625
1 0.2546875 0.8296875 0.2578125 0.8125 0.275 0.7765625 0.278125 0.778125 0.2765625 0.7890625 0.28125 0.7953125 0.2828125 0.80625 0.28125 0.8203125 0.2765625 0.8296875 0.2765625 0.8359375 0.2703125 0.8546875 0.2671875 0.8765625 0.2625 0.8828125 0.259375 0.8796875 0.2609375 0.878125 0.259375 0.8703125 0.2609375 0.8328125 0.25625 0.8296875
1 0.4375 0.5578125 0.4375 0.553125 0.4453125 0.5421875 0.4453125 0.5171875 0.4578125 0.496875 0.4609375 0.4984375 0.4609375 0.50625 0.45625 0.521875 0.45625 0.5484375 0.453125 0.553125 0.453125 0.559375 0.4515625 0.5640625 0.45 0.565625 0.4484375 0.5640625 0.446875 0.5515625 0.4390625 0.5578125
1 0.1359375 0.628125 0.1421875 0.640625 0.140625 0.6421875 0.1421875 0.6546875 0.1390625 0.6609375 0.1390625 0.675 0.128125 0.7265625 0.1265625 0.728125 0.1234375 0.7265625 0.1234375 0.7171875 0.1265625 0.709375 0.125 0.6453125 0.13125 0.6390625 0.134375 0.6296875
1 0.028854166666666663 0.5078819444444445 0.01881944444444444 0.07280092592592587
1 0.5046875 0.409375 0.50625 0.4078125 0.5046875 0.396875 0.5078125 0.3921875 0.50625 0.3734375 0.5109375 0.3625 0.5125 0.3515625 0.515625 0.35 0.5171875 0.353125 0.515625 0.3984375 0.5109375 0.409375 0.5125 0.415625 0.5078125 0.4171875 0.50625 0.4109375
2 0.296875 0.5015625 0.3 0.50625 0.296875 0.5140625 0.2984375 0.5171875 0.296875 0.525 0.29375 0.528125 0.29375 0.54375 0.290625 0.5578125 0.2828125 0.575 0.2796875 0.575 0.2796875 0.5703125 0.2828125 0.5671875 0.28125 0.559375 0.2734375 0.565625 0.2703125 0.571875 0.26875 0.5671875 0.2703125 0.5625 0.2796875 0.553125 0.28125 0.5328125 0.2859375 0.525 0.2890625 0.5125 0.2953125 0.503125
1 0.6755208333333333 0.474236111111111 0.02027777777777775 0.07054976851851853
1 0.5359375 0.5140625 0.5390625 0.5140625 0.5421875 0.5265625 0.5421875 0.540625 0.5375 0.5484375 0.5359375 0.5625 0.53125 0.5703125 0.5296875 0.58125 0.5265625 0.584375 0.5265625 0.5890625 0.5234375 0.590625 0.5265625 0.5328125 0.5359375 0.515625
1 0.7671875 0.353125 0.7671875 0.3234375 0.7703125 0.31875 0.7703125 0.309375 0.7734375 0.3046875 0.7765625 0.30625 0.78125 0.315625 0.78125 0.321875 0.7765625 0.35625 0.7734375 0.3609375 0.771875 0.359375 0.7734375 0.353125 0.771875 0.3515625 0.76875 0.353125
1 0.45029513888888884 0.7205613425925925 0.021319444444444446 0.09398726851851853
1 0 0.66875 0.0015625 0.678125 0.00625 0.6859375 0.0078125 0.696875 0.0078125 0.709375 0.0015625 0.725 0 0.753125 0 0.6703125
1 0.3796875 0.4109375 0.384375 0.4125 0.38125 0.4265625 0.38125 0.4421875 0.3828125 0.44375 0.38125 0.4734375 0.3828125 0.475 0.38125 0.4765625 0.378125 0.475 0.375 0.4609375 0.36875 0.4703125 0.3671875 0.478125 0.3640625 0.475 0.371875 0.45 0.375 0.41875 0.3796875 0.4125
1 0.753125 0.5265625 0.759375 0.5390625 0.759375 0.55625 0.7578125 0.56875 0.7546875 0.575 0.7546875 0.5984375 0.7515625 0.609375 0.7484375 0.609375 0.75 0.6015625 0.74375 0.5953125 0.74375 0.5796875 0.746875 0.56875 0.7453125 0.546875 0.7515625 0.528125
1 0.6640625 0.428125 0.665625 0.4359375 0.6734375 0.446875 0.6734375 0.453125 0.6625 0.471875 0.6546875 0.4984375 0.6515625 0.5 0.6515625 0.475 0.6578125 0.4578125 0.6546875 0.4515625 0.6546875 0.4453125 0.6625 0.4296875
1 0.4452604166666667 0.48320601851851847 0.01857638888888884 0.06733217592592586
1 0.20625 0.7 0.2046875 0.6890625 0.209375 0.68125 0.209375 0.6609375 0.2078125 0.65 0.2046875 0.6453125 0.2046875 0.6375 0.2125 0.6234375 0.2140625 0.6125 0.215625 0.6109375 0.21875 0.6125 0.21875 0.6265625 0.221875 0.6359375 0.21875 0.65 0.21875 0.6703125 0.215625 0.6734375 0.2140625 0.684375 0.2140625 0.696875 0.2078125 0.6984375