0 0.6328125 0.5015625 0.6359375 0.5046875 0.6359375 0.5109375 0.63125 0.515625 0.6265625 0.5140625 0.6265625 0.503125 0.63125 0.5015625
1 0.7765625 0.3546875 0.78125 0.3546875 0.7828125 0.3640625 0.7890625 0.3734375 0.790625 0.384375 0.7890625 0.403125 0.7828125 0.425 0.784375 0.440625 0.7828125 0.459375 0.78125 0.4609375 0.778125 0.459375 0.7765625 0.440625 0.771875 0.434375 0.775 0.403125 0.775 0.378125 0.7734375 0.3765625 0.7765625 0.3734375 0.7765625 0.35625
1 0.678125 0.4359375 0.68125 0.4359375 0.684375 0.440625 0.6828125 0.45 0.6890625 0.471875 0.6859375 0.4890625 0.6859375 0.5078125 0.6828125 0.51875 0.6875 0.525 0.696875 0.5265625 0.7 0.53125 0.7 0.54375 0.696875 0.54375 0.690625 0.534375 0.6875 0.534375 0.6828125 0.5390625 0.6859375 0.55 0.6859375 0.559375 0.678125 0.5625 0.6796875 0.546875 0.671875 0.5203125 0.675 0.496875 0.675 0.4765625 0.6734375 0.475 0.675 0.446875 0.678125 0.4375
1 0.240625 0.396875 0.246875 0.396875 0.2484375 0.4 0.246875 0.4375 0.25 0.446875 0.25 0.459375 0.2484375 0.46875 0.2421875 0.48125 0.24375 0.4953125 0.2390625 0.49375 0.2328125 0.4875 0.2296875 0.4921875 0.2296875 0.4984375 0.225 0.4953125 0.2265625 0.475 0.2296875 0.4703125 0.2296875 0.4578125 0.2265625 0.453125 0.228125 0.4515625 0.2265625 0.434375 0.234375 0.4140625 0.2390625 0.4078125 0.240625 0.3984375
1 0.7390625 0.396875 0.7421875 0.4 0.7421875 0.4109375 0.746875 0.4203125 0.7484375 0.4328125 0.753125 0.4453125 0.7515625 0.4515625 0.7546875 0.4609375 0.7515625 0.4625 0.746875 0.4578125 0.74375 0.4609375 0.740625 0.4703125 0.740625 0.4828125 0.7546875 0.4953125 0.753125 0.5046875 0.75 0.50625 0.75 0.5015625 0.7328125 0.4875 0.728125 0.4953125 0.7265625 0.5125 0.7234375 0.5140625 0.7171875 0.5125 0.7234375 0.5046875 0.7265625 0.46875 0.7328125 0.446875 0.7359375 0.44375 0.7359375 0.4265625 0.7375 0.425 0.7359375 0.4 0.7375 0.3984375
1 0.35625 0.575 0.353125 0.5625 0.3484375 0.5546875 0.3484375 0.54375 0.3453125 0.5390625 0.3421875 0.5390625 0.3359375 0.5484375 0.3359375 0.5546875 0.328125 0.5703125 0.3265625 0.5796875 0.3234375 0.58125 0.31875 0.575 0.31875 0.571875 0.325 0.56875 0.3296875 0.5484375 0.334375 0.5390625 0.3359375 0.5265625 0.3453125 0.5046875 0.34375 0.4796875 0.346875 0.4703125 0.346875 0.4578125 0.353125 0.45625 0.353125 0.4671875 0.3578125 0.478125 0.3578125 0.521875 0.35625 0.53125 0.353125 0.5359375 0.353125 0.54375 0.359375 0.5625 0.3578125 0.5734375
1 0.5109375 0.459375 0.515625 0.4609375 0.515625 0.478125 0.5203125 0.4875 0.5203125 0.5140625 0.515625 0.5265625 0.5140625 0.540625 0.50625 0.553125 0.5140625 0.5765625 0.5140625 0.590625 0.5109375 0.5921875 0.509375 0.590625 0.5109375 0.5828125 0.503125 0.56875 0.5 0.571875 0.5015625 0.58125 0.5 0.590625 0.496875 0.5921875 0.490625 0.590625 0.4953125 0.58125 0.496875 0.5421875 0.50625 0.5171875 0.5046875 0.5125 0.4953125 0.5171875 0.490625 0.5171875 0.490625 0.515625 0.5046875 0.5 0.5109375 0.4609375
1 0.38125 0.4875 0.3828125 0.503125 0.390625 0.509375 0.3953125 0.521875 0.3890625 0.5359375 0.3890625 0.571875 0.3875 0.5734375 0.3875 0.584375 0.390625 0.590625 0.3953125 0.6171875 0.3875 0.625 0.3828125 0.625 0.384375 0.6140625 0.3765625 0.5953125 0.375 0.5515625 0.36875 0.55 0.3703125 0.54375 0.36875 0.5265625 0.3765625 0.5078125 0.375 0.49375 0.3765625 0.4890625 0.3796875 0.4875
1 0.975 0.415625 0.978125 0.421875 0.98125 0.453125 0.975 0.465625 0.971875 0.496875 0.9859375 0.5125 0.984375 0.5140625 0.9859375 0.521875 0.9625 0.503125 0.95625 0.5296875 0.953125 0.5296875 0.95625 0.5109375 0.95625 0.4953125 0.9640625 0.475 0.9640625 0.45625 0.959375 0.4421875 0.96875 0.4359375 0.96875 0.4203125 0.9734375 0.415625
1 0.8609375 0.4328125 0.8625 0.434375 0.8609375 0.446875 0.8671875 0.459375 0.865625 0.5109375 0.871875 0.5140625 0.8796875 0.5140625 0.8828125 0.5203125 0.8828125 0.5265625 0.88125 0.528125 0.8765625 0.5234375 0.8640625 0.5234375 0.8515625 0.5140625 0.846875 0.5203125 0.846875 0.5265625 0.840625 0.546875 0.834375 0.546875 0.8328125 0.5421875 0.8390625 0.5359375 0.8421875 0.515625 0.8515625 0.4984375 0.853125 0.475 0.8515625 0.4734375 0.8390625 0.475 0.8515625 0.4609375 0.8546875 0.4375 0.859375 0.4328125
1 0.43125 0.478125 0.434375 0.4765625 0.4375 0.478125 0.4375 0.4921875 0.4453125 0.50625 0.4421875 0.56875 0.45 0.5890625 0.4484375 0.5984375 0.4453125 0.6015625 0.44375 0.6 0.4421875 0.590625 0.44375 0.5875 0.4375 0.5765625 0.434375 0.5640625 0.4296875 0.5578125 0.4234375 0.5625 0.41875 0.590625 0.415625 0.5953125 0.4109375 0.5953125 0.4078125 0.5921875 0.409375 0.5875 0.4140625 0.584375 0.41875 0.55625 0.4296875 0.53125 0.4265625 0.5234375 0.4203125 0.528125 0.4140625 0.5421875 0.4109375 0.5421875 0.4109375 0.5390625 0.425 0.5109375 0.425 0.50625 0.43125 0.4921875 0.4296875 0.4875 0.43125 0.4796875
1 0.484375 0.43125 0.4875 0.434375 0.4875 0.4453125 0.490625 0.45625 0.4875 0.503125 0.4765625 0.5171875 0.4734375 0.525 0.475 0.5484375 0.46875 0.5578125 0.4609375 0.5609375 0.4609375 0.5546875 0.4640625 0.553125 0.4671875 0.5453125 0.465625 0.5171875 0.4671875 0.509375 0.4765625 0.490625 0.4765625 0.465625 0.4796875 0.45 0.4828125 0.446875 0.484375 0.4328125