0 0.565625 0.275 0.5703125 0.2765625 0.56875 0.2828125 0.565625 0.2828125 0.565625 0.2765625
1 0.740625 0.3453125 0.74375 0.3453125 0.7484375 0.35625 0.7515625 0.375 0.7515625 0.3859375 0.74375 0.4125 0.74375 0.41875 0.740625 0.41875 0.7375 0.4234375 0.7359375 0.421875 0.7375 0.4 0.734375 0.3859375 0.734375 0.3734375 0.7359375 0.3625 0.740625 0.353125 0.740625 0.346875
1 0.5390625 0.18125 0.5421875 0.1859375 0.54375 0.23125 0.5375 0.228125 0.5390625 0.2140625 0.5359375 0.209375 0.534375 0.2 0.534375 0.1875 0.5375 0.1828125
1 0.61875 0.4125 0.6171875 0.4109375 0.61875 0.403125 0.6234375 0.396875 0.621875 0.3625 0.6265625 0.3546875 0.6265625 0.346875 0.6296875 0.3453125 0.63125 0.3609375 0.6375 0.3703125 0.6328125 0.375 0.6328125 0.3796875 0.6390625 0.4171875 0.6359375 0.41875 0.634375 0.40625 0.6296875 0.4015625 0.6203125 0.4109375
1 0.7921875 0.215625 0.8 0.2265625 0.8015625 0.2359375 0.7984375 0.253125 0.7984375 0.271875 0.796875 0.2734375 0.79375 0.271875 0.790625 0.259375 0.790625 0.2171875
1 0.5875 0.2375 0.590625 0.246875 0.590625 0.265625 0.5953125 0.2765625 0.5953125 0.2890625 0.5921875 0.2859375 0.5890625 0.275 0.5828125 0.278125 0.58125 0.2859375 0.578125 0.2875 0.5796875 0.2640625 0.5859375 0.2390625
1 0.1328125 0.3265625 0.1359375 0.3296875 0.1390625 0.3453125 0.1421875 0.35 0.140625 0.378125 0.1375 0.39375 0.1390625 0.4 0.1296875 0.409375 0.128125 0.40625 0.128125 0.4 0.13125 0.39375 0.13125 0.36875 0.1265625 0.3609375 0.1265625 0.3453125 0.1328125 0.328125
1 0.325 0.2890625 0.3296875 0.303125 0.3296875 0.3375 0.33125 0.35 0.334375 0.35625 0.3328125 0.3578125 0.328125 0.35625 0.328125 0.3484375 0.325 0.340625 0.321875 0.3421875 0.3171875 0.3515625 0.3171875 0.35625 0.3140625 0.35625 0.3140625 0.35 0.321875 0.334375 0.321875 0.315625 0.31875 0.3109375 0.31875 0.3046875 0.325 0.290625
1 0.2921875 0.3921875 0.2953125 0.3921875 0.2953125 0.4015625 0.2984375 0.409375 0.2984375 0.446875 0.2875 0.4609375 0.284375 0.459375 0.284375 0.45 0.2875 0.440625 0.2875 0.4078125 0.2921875 0.39375
1 0.290625 0.225 0.29375 0.2265625 0.296875 0.2921875 0.2921875 0.290625 0.29375 0.2828125 0.290625 0.2765625 0.2859375 0.278125 0.2796875 0.284375 0.278125 0.28125 0.278125 0.2765625 0.2875 0.2703125 0.2875 0.2375 0.290625 0.2265625
1 0.334375 0.225 0.3390625 0.225 0.3375 0.2625 0.340625 0.284375 0.3359375 0.2828125 0.334375 0.275 0.328125 0.278125 0.328125 0.2828125 0.325 0.2875 0.3234375 0.284375 0.325 0.275 0.3296875 0.2671875 0.33125 0.2578125 0.33125 0.2421875 0.3296875 0.240625 0.334375 0.2265625
1 0.1453125 0.5421875 0.14375 0.5390625 0.1375 0.546875 0.1359375 0.54375 0.1359375 0.5375 0.1390625 0.5328125 0.1421875 0.51875 0.1390625 0.50625 0.1390625 0.49375 0.1359375 0.4875 0.1359375 0.475 0.1390625 0.4703125 0.1421875 0.45625 0.1453125 0.4578125 0.1515625 0.475 0.15 0.503125 0.146875 0.5171875 0.146875 0.5328125 0.15 0.540625 0.146875 0.5421875
1 0.1359375 0.3 0.140625 0.3 0.140625 0.315625 0.14375 0.3234375 0.1421875 0.3375 0.1453125 0.35625 0.1453125 0.3734375 0.1421875 0.3734375 0.1421875 0.3484375 0.1375 0.3375 0.1375 0.33125 0.1328125 0.3265625 0.1359375 0.3015625
1 0.48125 0.19375 0.4859375 0.2015625 0.4859375 0.2390625 0.4765625 0.2421875 0.4796875 0.1953125
1 0.3828125 0.2828125 0.3875 0.353125 0.3828125 0.3515625 0.3828125 0.3359375 0.3796875 0.3296875 0.3734375 0.3375 0.3703125 0.35 0.36875 0.3515625 0.3671875 0.3484375 0.36875 0.3390625 0.375 0.3265625 0.3765625 0.2953125 0.3796875 0.284375 0.38125 0.284375
1 0.675 0.215625 0.678125 0.215625 0.684375 0.2359375 0.684375 0.2484375 0.68125 0.2546875 0.6828125 0.275 0.68125 0.2765625 0.6734375 0.2734375 0.6765625 0.2625 0.675 0.2171875
1 0.8453125 0.5359375 0.8484375 0.5375 0.8484375 0.54375 0.8546875 0.553125 0.8546875 0.5765625 0.8515625 0.5875 0.8515625 0.6140625 0.8484375 0.634375 0.8453125 0.634375 0.84375 0.6234375 0.8390625 0.6125 0.8390625 0.5875 0.8375 0.5859375 0.8375 0.5703125 0.840625 0.553125 0.84375 0.5484375 0.84375 0.5375
1 0.4734375 0.2484375 0.4703125 0.2703125 0.4734375 0.2765625 0.4734375 0.290625 0.4703125 0.30625 0.4671875 0.3046875 0.465625 0.3 0.4671875 0.2921875 0.4625 0.2796875 0.4625 0.265625 0.4609375 0.2640625 0.45625 0.265625 0.45625 0.2625 0.4671875 0.2546875 0.46875 0.25 0.471875 0.2484375
1 0.5859375 0.2375 0.58125 0.25 0.58125 0.259375 0.5734375 0.2671875 0.5703125 0.2796875 0.5671875 0.2828125 0.565625 0.2765625 0.5734375 0.259375 0.5765625 0.2390625 0.58125 0.234375 0.584375 0.2375
1 0.39375 0.596875 0.3953125 0.6078125 0.4 0.6125 0.403125 0.6234375 0.396875 0.65625 0.396875 0.665625 0.403125 0.6890625 0.4 0.69375 0.39375 0.6953125 0.390625 0.69375 0.390625 0.6765625 0.3875 0.6703125 0.3875 0.6375 0.3859375 0.6359375 0.3890625 0.5984375 0.3921875 0.596875
1 0.6546875 0.196875 0.6578125 0.1984375 0.6609375 0.20625 0.6609375 0.2359375 0.665625 0.24375 0.6640625 0.2515625 0.6625 0.2453125 0.6578125 0.240625 0.6546875 0.253125 0.653125 0.253125 0.653125 0.21875 0.65 0.2125 0.65 0.20625 0.6546875 0.1984375
2 0.428125 0.3390625 0.434375 0.3578125 0.4328125 0.4078125 0.428125 0.4203125 0.425 0.4171875 0.4265625 0.415625 0.425 0.4140625 0.425 0.3890625 0.4234375 0.3734375 0.4203125 0.3671875 0.4203125 0.3578125 0.4265625 0.340625
2 0.2890625 0.1578125 0.29375 0.1625 0.29375 0.20625 0.2890625 0.196875 0.2859375 0.2046875 0.2828125 0.20625 0.2859375 0.1875 0.2859375 0.171875 0.2890625 0.159375