0 0.44140625 0.359375 0.0046875 0.0078125
1 0.6296875 0.4125 0.6296875 0.4234375 0.6328125 0.4359375 0.6296875 0.4421875 0.6265625 0.484375 0.6234375 0.4859375 0.61875 0.4828125 0.615625 0.490625 0.6140625 0.4828125 0.6203125 0.465625 0.61875 0.4296875 0.625 0.4203125 0.625 0.4140625 0.628125 0.4125
1 0.4390625 0.30625 0.4421875 0.3609375 0.4375 0.3609375 0.4359375 0.35625 0.4328125 0.359375 0.43125 0.3578125 0.4328125 0.3234375 0.4375 0.3078125
1 0.590625 0.384375 0.5953125 0.4 0.59375 0.4421875 0.5859375 0.459375 0.58125 0.4609375 0.5859375 0.4359375 0.5828125 0.403125 0.5890625 0.3859375
1 0.515625 0.346875 0.51875 0.3578125 0.515625 0.3828125 0.51875 0.40625 0.515625 0.403125 0.5140625 0.3953125 0.5078125 0.3921875 0.5046875 0.3875 0.5078125 0.384375 0.50625 0.3640625 0.5140625 0.3484375
2 0.321875 0.3765625 0.3234375 0.3765625 0.3265625 0.3875 0.3265625 0.4078125 0.3296875 0.4234375 0.328125 0.4359375 0.325 0.4390625 0.325 0.4484375 0.321875 0.453125 0.31875 0.4515625 0.3171875 0.39375 0.321875 0.378125
1 0.275 0.4171875 0.278125 0.4171875 0.278125 0.4625 0.28125 0.475 0.2796875 0.4875 0.2828125 0.4953125 0.2796875 0.496875 0.2765625 0.4953125 0.2765625 0.4734375 0.275 0.471875 0.271875 0.471875 0.26875 0.4765625 0.25625 0.4734375 0.2578125 0.4671875 0.2640625 0.46875 0.2671875 0.4671875 0.2703125 0.43125 0.275 0.41875
1 0.453125 0.3421875 0.45625 0.3421875 0.4609375 0.353125 0.4625 0.3625 0.4609375 0.38125 0.4640625 0.390625 0.4640625 0.4 0.4625 0.4 0.459375 0.3890625 0.45625 0.3859375 0.4421875 0.3875 0.44375 0.38125 0.4515625 0.3734375 0.45 0.35625 0.453125 0.34375
1 0.4625 0.3328125 0.4640625 0.334375 0.4640625 0.3609375 0.4609375 0.359375 0.459375 0.3546875 0.459375 0.3359375 0.4609375 0.334375
1 0.0703125 0.4375 0.071875 0.4390625 0.0703125 0.4859375 0.0734375 0.496875 0.0734375 0.50625 0.078125 0.515625 0.071875 0.5140625 0.06875 0.496875 0.0640625 0.490625 0.05 0.5046875 0.05 0.509375 0.0484375 0.5109375 0.0453125 0.509375 0.046875 0.5015625 0.0578125 0.4859375 0.059375 0.4609375 0.065625 0.4390625 0.06875 0.4375
1 0.4640625 0.553125 0.465625 0.55625 0.4640625 0.5734375 0.4671875 0.578125 0.4703125 0.596875 0.4640625 0.6 0.4640625 0.621875 0.4609375 0.63125 0.459375 0.6578125 0.45625 0.659375 0.4546875 0.6578125 0.45625 0.6375 0.45 0.6359375 0.4453125 0.640625 0.4453125 0.634375 0.4515625 0.625 0.4515625 0.5953125 0.4484375 0.5875 0.4484375 0.578125 0.453125 0.5734375 0.459375 0.5609375 0.459375 0.5546875 0.4625 0.553125
1 0.421875 0.5 0.4265625 0.5234375 0.4265625 0.5359375 0.4234375 0.540625 0.4234375 0.5625 0.4171875 0.5890625 0.4171875 0.5984375 0.4125 0.5984375 0.4109375 0.5953125 0.4125 0.590625 0.409375 0.5859375 0.409375 0.578125 0.415625 0.5703125 0.4140625 0.5359375 0.4109375 0.525 0.41875 0.5109375 0.4203125 0.5015625
1 0.9484375 0.6640625 0.946875 0.6609375 0.9484375 0.6578125 0.946875 0.596875 0.94375 0.5828125 0.95 0.56875 0.953125 0.5546875 0.95625 0.55625 0.9578125 0.5671875 0.9625 0.5734375 0.965625 0.590625 0.9609375 0.6046875 0.9625 0.621875 0.9578125 0.6421875 0.9578125 0.6515625 0.95625 0.6578125 0.95 0.6640625
1 0.5703125 0.353125 0.571875 0.353125 0.575 0.3671875 0.5734375 0.3890625 0.5765625 0.403125 0.5671875 0.4109375 0.5640625 0.4234375 0.5609375 0.4234375 0.5609375 0.4171875 0.565625 0.4046875 0.565625 0.36875 0.5703125 0.3546875
1 0.828125 0.4609375 0.8296875 0.4703125 0.8328125 0.475 0.8328125 0.5015625 0.83125 0.503125 0.8328125 0.51875 0.83125 0.5296875 0.8234375 0.5390625 0.8234375 0.5484375 0.8203125 0.5484375 0.8203125 0.5328125 0.821875 0.53125 0.8203125 0.5 0.8171875 0.496875 0.8140625 0.5 0.8140625 0.4953125 0.81875 0.478125 0.8234375 0.4703125 0.8234375 0.4625 0.8265625 0.4609375
1 0.7125 0.390625 0.715625 0.3921875 0.715625 0.3984375 0.7203125 0.4046875 0.7203125 0.41875 0.715625 0.4390625 0.7171875 0.4609375 0.7203125 0.4703125 0.715625 0.471875 0.715625 0.4640625 0.7109375 0.45625 0.7078125 0.4578125 0.70625 0.465625 0.7015625 0.4671875 0.703125 0.453125 0.709375 0.4421875 0.7078125 0.428125 0.70625 0.4265625 0.703125 0.4328125 0.7015625 0.4296875 0.7125 0.3921875
1 0.478125 0.325 0.4796875 0.3265625 0.4796875 0.3640625 0.478125 0.365625 0.4765625 0.365625 0.4765625 0.35625 0.4734375 0.353125 0.4703125 0.3625 0.46875 0.3609375 0.4703125 0.35 0.46875 0.328125 0.471875 0.325 0.4765625 0.325
1 0.0234375 0.4265625 0.021875 0.425 0.0234375 0.4171875 0.0328125 0.403125 0.034375 0.3765625 0.0421875 0.3609375 0.04375 0.3609375 0.0453125 0.3703125 0.0453125 0.396875 0.0484375 0.425 0.046875 0.4265625 0.0421875 0.4234375 0.04375 0.4078125 0.040625 0.4046875 0.034375 0.409375 0.0296875 0.41875 0.0234375 0.425
1 0.6171875 0.35625 0.6203125 0.35625 0.61875 0.3984375 0.6109375 0.4140625 0.6109375 0.41875 0.6078125 0.4203125 0.6109375 0.375 0.6171875 0.3578125