1 0.740625 0.453125 0.746875 0.4640625 0.746875 0.4796875 0.740625 0.49375 0.7375 0.5140625 0.734375 0.5140625 0.7328125 0.4671875 0.7390625 0.4546875
1 0.2640625 0.6484375 0.271875 0.6703125 0.2734375 0.68125 0.2734375 0.7015625 0.271875 0.703125 0.2734375 0.7140625 0.2703125 0.7234375 0.2703125 0.7328125 0.265625 0.7328125 0.2640625 0.7296875 0.2640625 0.709375 0.259375 0.6984375 0.259375 0.6890625 0.2546875 0.6703125 0.25625 0.6609375 0.2609375 0.65625 0.2625 0.65
1 0.58265625 0.6099479166666667 0.01725694444444441 0.07281250000000003
1 0.625 0.321875 0.6296875 0.3328125 0.628125 0.3484375 0.625 0.3625 0.61875 0.3609375 0.615625 0.3640625 0.6125 0.3609375 0.61875 0.3421875 0.6203125 0.3328125 0.61875 0.328125 0.6203125 0.3234375 0.6234375 0.321875
1 0.4921875 0.475 0.496875 0.484375 0.496875 0.4953125 0.49375 0.5 0.490625 0.5171875 0.484375 0.5328125 0.48125 0.534375 0.4828125 0.5203125 0.48125 0.49375 0.4859375 0.48125 0.490625 0.4765625
1 0.65625 0.48125 0.65625 0.4765625 0.6609375 0.471875 0.6640625 0.4625 0.6609375 0.4546875 0.6609375 0.4421875 0.66875 0.4296875 0.6734375 0.4328125 0.675 0.4421875 0.675 0.45 0.6703125 0.45625 0.671875 0.4671875 0.6703125 0.48125 0.6671875 0.4828125 0.6640625 0.4765625 0.6578125 0.48125
1 0.434375 0.3515625 0.4375 0.3546875 0.4375 0.375 0.440625 0.3796875 0.440625 0.396875 0.4375 0.396875 0.4359375 0.390625 0.43125 0.3875 0.4234375 0.396875 0.4234375 0.390625 0.43125 0.38125 0.4296875 0.3734375 0.43125 0.359375 0.434375 0.353125
1 0.71875 0.3140625 0.721875 0.315625 0.725 0.321875 0.7234375 0.34375 0.7203125 0.3546875 0.721875 0.3609375 0.71875 0.3625 0.7140625 0.3546875 0.7109375 0.359375 0.7078125 0.3578125 0.7125 0.35 0.715625 0.3375 0.7171875 0.315625
1 0.7796875 0.740625 0.7828125 0.74375 0.784375 0.78125 0.78125 0.7921875 0.7859375 0.8265625 0.7828125 0.8296875 0.7796875 0.828125 0.7796875 0.8140625 0.775 0.80625 0.7625 0.81875 0.759375 0.8125 0.7609375 0.80625 0.76875 0.8 0.7671875 0.771875 0.771875 0.7515625 0.7765625 0.7484375 0.778125 0.7421875
1 0.2671875 0.409375 0.2703125 0.4234375 0.26875 0.4328125 0.2703125 0.4703125 0.2671875 0.471875 0.2625 0.4625 0.259375 0.4671875 0.259375 0.471875 0.25625 0.4734375 0.25625 0.4640625 0.259375 0.4609375 0.2578125 0.459375 0.2609375 0.453125 0.2625 0.421875 0.2671875 0.4109375
1 0.4390625 0.4046875 0.44375 0.4109375 0.44375 0.425 0.4375 0.45 0.4328125 0.453125 0.43125 0.446875 0.434375 0.440625 0.434375 0.4171875 0.4390625 0.40625
1 0.6953125 0.29375 0.696875 0.296875 0.6953125 0.315625 0.7 0.3234375 0.7 0.328125 0.6890625 0.3203125 0.6890625 0.3046875 0.690625 0.303125 0.6890625 0.3015625 0.690625 0.2953125 0.69375 0.29375
1 0.8265625 0.48125 0.8296875 0.48125 0.8296875 0.4859375 0.834375 0.49375 0.834375 0.5 0.828125 0.5203125 0.8296875 0.53125 0.8265625 0.5375 0.8234375 0.5328125 0.8203125 0.5390625 0.8171875 0.5421875 0.815625 0.540625 0.8171875 0.521875 0.8203125 0.5140625 0.81875 0.4921875 0.8265625 0.4828125
1 0.14947916666666666 0.5071875 0.02543402777777779 0.06401041666666663
1 0.4234375 0.25 0.4265625 0.25 0.428125 0.2546875 0.4265625 0.2734375 0.4203125 0.2828125 0.41875 0.2625 0.4234375 0.2515625
1 0.3828125 0.4296875 0.3875 0.44375 0.3859375 0.4484375 0.3875 0.4625 0.384375 0.475 0.3859375 0.4859375 0.384375 0.4875 0.378125 0.4859375 0.375 0.490625 0.3734375 0.4859375 0.3734375 0.478125 0.3765625 0.4703125 0.375 0.4484375 0.38125 0.43125
1 0.1296875 0.3796875 0.1296875 0.36875 0.1328125 0.3640625 0.13125 0.3609375 0.1328125 0.346875 0.1390625 0.334375 0.140625 0.334375 0.1421875 0.3796875 0.1359375 0.3765625 0.13125 0.3796875
1 0.6703125 0.3296875 0.675 0.3265625 0.6734375 0.31875 0.6796875 0.3015625 0.68125 0.3 0.684375 0.3015625 0.6859375 0.3125 0.6859375 0.321875 0.6828125 0.328125 0.68125 0.3421875 0.678125 0.3421875 0.6765625 0.3359375 0.6703125 0.33125
1 0.2671875 0.5515625 0.2703125 0.5515625 0.2734375 0.5640625 0.2734375 0.58125 0.275 0.5828125 0.2734375 0.5953125 0.2765625 0.5984375 0.2765625 0.60625 0.2796875 0.609375 0.2796875 0.615625 0.271875 0.6171875 0.26875 0.6234375 0.2640625 0.621875 0.2671875 0.6046875 0.2640625 0.5875 0.2640625 0.56875 0.265625 0.5671875 0.2640625 0.5640625 0.2671875 0.553125
2 0.546875 0.3765625 0.55 0.378125 0.553125 0.384375 0.553125 0.396875 0.55 0.403125 0.546875 0.425 0.5421875 0.4296875 0.5390625 0.4296875 0.54375 0.4140625 0.540625 0.3890625 0.546875 0.378125