0 0.559375 0.671875 0.5640625 0.671875 0.5640625 0.68125 0.559375 0.6796875 0.559375 0.6734375
1 0.5109375 0.2921875 0.5140625 0.3 0.5125 0.3328125 0.5078125 0.3234375 0.50625 0.328125 0.5015625 0.33125 0.509375 0.29375
1 0.4671875 0.484375 0.4734375 0.45625 0.478125 0.446875 0.48125 0.4453125 0.4828125 0.446875 0.48125 0.4828125 0.4859375 0.4984375 0.484375 0.5 0.4828125 0.4984375 0.478125 0.4875 0.471875 0.4890625 0.46875 0.4859375
1 0.309375 0.3515625 0.315625 0.340625 0.315625 0.325 0.31875 0.315625 0.321875 0.3140625 0.3234375 0.315625 0.3234375 0.35625 0.321875 0.3578125 0.3203125 0.35625 0.3203125 0.35 0.3171875 0.346875 0.3109375 0.353125
1 0.1046875 0.43125 0.02109375 0.05390625
1 0.2328125 0.45625 0.2359375 0.459375 0.234375 0.5171875 0.23125 0.515625 0.2296875 0.5109375 0.23125 0.50625 0.2296875 0.5 0.225 0.503125 0.2203125 0.5171875 0.2171875 0.5140625 0.225 0.496875 0.225 0.471875 0.2328125 0.4578125
1 0.0984375 0.6609375 0.1 0.665625 0.0984375 0.675 0.1015625 0.6828125 0.0984375 0.6890625 0.0984375 0.6953125 0.103125 0.703125 0.1046875 0.7109375 0.103125 0.7125 0.1046875 0.7359375 0.0984375 0.734375 0.0984375 0.7125 0.09375 0.7109375 0.0859375 0.71875 0.0765625 0.7375 0.0734375 0.7359375 0.0734375 0.7296875 0.0859375 0.7109375 0.0890625 0.6953125 0.0890625 0.678125 0.09375 0.6625 0.096875 0.6609375
1 0.4890625 0.625 0.4953125 0.64375 0.4953125 0.646875 0.4890625 0.6546875 0.4953125 0.6921875 0.49375 0.696875 0.490625 0.6953125 0.4875 0.6734375 0.484375 0.6703125 0.4703125 0.6734375 0.4703125 0.665625 0.4796875 0.6609375 0.4765625 0.6453125 0.4796875 0.6375 0.484375 0.6328125 0.484375 0.6265625 0.4875 0.625
1 0.275 0.5640625 0.278125 0.565625 0.2796875 0.575 0.2796875 0.5984375 0.275 0.6171875 0.2765625 0.6234375 0.271875 0.625 0.271875 0.615625 0.2671875 0.6015625 0.26875 0.5765625 0.275 0.565625
1 0.696875 0.4640625 0.7 0.465625 0.7015625 0.4734375 0.7015625 0.4828125 0.696875 0.4921875 0.696875 0.4984375 0.7046875 0.528125 0.703125 0.5296875 0.7015625 0.528125 0.6984375 0.515625 0.6921875 0.5078125 0.678125 0.509375 0.678125 0.5 0.6875 0.503125 0.690625 0.4984375 0.6890625 0.478125 0.69375 0.4734375 0.696875 0.465625
1 0.653125 0.3375 0.65625 0.3390625 0.6578125 0.35 0.65625 0.371875 0.6578125 0.384375 0.6609375 0.390625 0.659375 0.3921875 0.65625 0.390625 0.6546875 0.378125 0.6515625 0.375 0.646875 0.378125 0.6375 0.3796875 0.6390625 0.3734375 0.64375 0.375 0.6484375 0.3703125 0.65 0.346875 0.653125 0.3390625
1 0.465625 0.428125 0.46875 0.428125 0.4671875 0.4546875 0.4703125 0.4609375 0.4703125 0.4671875 0.4640625 0.46875 0.45625 0.48125 0.4484375 0.4859375 0.4484375 0.4765625 0.4578125 0.4671875 0.4609375 0.4421875 0.465625 0.4296875
1 0.053125 0.3 0.05625 0.30625 0.0546875 0.3296875 0.059375 0.3484375 0.05625 0.3484375 0.05 0.3390625 0.04375 0.3375 0.0484375 0.328125 0.046875 0.3109375 0.0515625 0.3015625
2 0.3171875 0.434375 0.315625 0.4421875 0.3171875 0.44375 0.315625 0.4703125 0.31875 0.4796875 0.3171875 0.4953125 0.315625 0.48125 0.30625 0.4796875 0.3 0.475 0.3078125 0.4703125 0.309375 0.4421875 0.3125 0.4359375 0.315625 0.434375