0 0.75 0.425 0.7546875 0.425 0.75625 0.4296875 0.75625 0.4328125 0.7515625 0.4359375 0.7484375 0.4328125 0.75 0.4265625
1 0.1890625 0.6171875 0.1875 0.603125 0.196875 0.5875 0.1953125 0.559375 0.190625 0.5328125 0.1921875 0.5203125 0.196875 0.5078125 0.196875 0.4984375 0.2 0.4953125 0.2046875 0.4953125 0.203125 0.5234375 0.2078125 0.5375 0.2078125 0.60625 0.20625 0.6125 0.2109375 0.621875 0.2078125 0.6234375 0.203125 0.621875 0.2015625 0.6171875 0.203125 0.615625 0.203125 0.6 0.2 0.5953125 0.1921875 0.6046875 0.1921875 0.6171875 0.190625 0.6171875
1 0.25 0.4375 0.25625 0.4375 0.25625 0.446875 0.253125 0.4578125 0.2546875 0.478125 0.2578125 0.48125 0.253125 0.4921875 0.2546875 0.5078125 0.253125 0.5421875 0.2546875 0.5453125 0.25 0.5515625 0.2421875 0.5515625 0.240625 0.5359375 0.2421875 0.478125 0.25 0.4390625
1 0.6953125 0.5140625 0.6875 0.496875 0.68125 0.49375 0.678125 0.496875 0.6734375 0.528125 0.6640625 0.525 0.66875 0.5203125 0.6703125 0.5140625 0.6703125 0.503125 0.6765625 0.4765625 0.675 0.45625 0.68125 0.425 0.6859375 0.428125 0.6859375 0.4375 0.690625 0.45 0.6890625 0.4859375 0.6984375 0.5046875 0.6984375 0.5140625 0.696875 0.5140625
1 0.45 0.5296875 0.4546875 0.521875 0.4578125 0.5234375 0.4578125 0.5328125 0.465625 0.546875 0.46875 0.5609375 0.46875 0.5703125 0.4640625 0.5828125 0.4640625 0.5984375 0.4609375 0.60625 0.4625 0.64375 0.4640625 0.6453125 0.4640625 0.6546875 0.4609375 0.65625 0.45625 0.646875 0.45625 0.63125 0.4546875 0.6171875 0.4515625 0.609375 0.45 0.5796875 0.44375 0.5703125 0.44375 0.55625 0.4453125 0.5484375 0.4515625 0.5375 0.4515625 0.53125
1 0.4078125 0.509375 0.4125 0.509375 0.4140625 0.521875 0.4234375 0.540625 0.4234375 0.5515625 0.41875 0.559375 0.4171875 0.596875 0.421875 0.6078125 0.4296875 0.6171875 0.4296875 0.625 0.4265625 0.6265625 0.425 0.6203125 0.415625 0.6109375 0.4109375 0.6203125 0.4109375 0.63125 0.4046875 0.6328125 0.403125 0.6296875 0.4078125 0.6203125 0.409375 0.5921875 0.40625 0.5765625 0.40625 0.5625 0.4015625 0.55 0.4 0.5359375 0.40625 0.5234375 0.4078125 0.5109375
1 0.8921875 0.3671875 0.896875 0.3671875 0.909375 0.3859375 0.909375 0.428125 0.91875 0.4453125 0.91875 0.45 0.9140625 0.4515625 0.9125 0.4453125 0.909375 0.44375 0.9 0.425 0.9 0.40625 0.89375 0.39375 0.8921875 0.36875
1 0.37969328703703703 0.43102430555555554 0.023425925925925916 0.10440972222222218
1 0.70625 0.4515625 0.7078125 0.4390625 0.70625 0.4328125 0.7015625 0.4359375 0.6984375 0.45 0.6953125 0.4515625 0.69375 0.4453125 0.6984375 0.434375 0.7 0.3953125 0.7109375 0.3734375 0.7140625 0.375 0.7109375 0.4 0.7140625 0.4375 0.7109375 0.440625 0.709375 0.4515625 0.7078125 0.4515625
1 0.6109375 0.325 0.6140625 0.328125 0.615625 0.3484375 0.6109375 0.346875 0.60625 0.3515625 0.6046875 0.3796875 0.6 0.3890625 0.5984375 0.3875 0.59375 0.3890625 0.5921875 0.384375 0.6015625 0.3734375 0.6046875 0.3640625 0.6046875 0.3578125 0.6015625 0.353125 0.6015625 0.3390625 0.6046875 0.3359375 0.60625 0.3265625 0.609375 0.325
1 0.5921875 0.4125 0.590625 0.409375 0.59375 0.4 0.5984375 0.3921875 0.603125 0.3890625 0.6046875 0.3515625 0.6078125 0.3453125 0.60625 0.3375 0.609375 0.334375 0.6078125 0.328125 0.609375 0.3265625 0.6125 0.328125 0.6125 0.3359375 0.6171875 0.3453125 0.6140625 0.3609375 0.6140625 0.375 0.6171875 0.3828125 0.61875 0.4140625 0.621875 0.4171875 0.621875 0.421875 0.615625 0.4203125 0.6140625 0.4015625 0.609375 0.3921875 0.6 0.4 0.59375 0.4109375
1 0.49756365740740743 0.42036458333333326 0.022615740740740797 0.1004861111111111
1 0.1921875 0.4625 0.1953125 0.465625 0.1953125 0.4953125 0.1921875 0.503125 0.1921875 0.51875 0.1890625 0.5296875 0.19375 0.5578125 0.1921875 0.578125 0.190625 0.5796875 0.184375 0.578125 0.1796875 0.5734375 0.178125 0.5671875 0.178125 0.55625 0.184375 0.5390625 0.178125 0.521875 0.178125 0.490625 0.184375 0.471875 0.190625 0.4640625
1 0.175 0.459375 0.178125 0.465625 0.175 0.478125 0.1765625 0.5125 0.18125 0.5296875 0.18125 0.546875 0.1765625 0.55625 0.175 0.56875 0.1765625 0.58125 0.1671875 0.58125 0.1640625 0.578125 0.1625 0.5703125 0.1625 0.565625 0.171875 0.54375 0.1671875 0.5265625 0.1671875 0.478125 0.1703125 0.4703125 0.1703125 0.4609375 0.1734375 0.459375
1 0.828125 0.515625 0.834375 0.51875 0.834375 0.528125 0.84375 0.546875 0.84375 0.5625 0.8390625 0.58125 0.834375 0.653125 0.8296875 0.653125 0.83125 0.6453125 0.83125 0.6046875 0.8296875 0.603125 0.8265625 0.603125 0.8234375 0.6078125 0.821875 0.6484375 0.81875 0.65 0.815625 0.6484375 0.81875 0.6375 0.8171875 0.6203125 0.8203125 0.5921875 0.8265625 0.559375 0.8265625 0.55 0.8234375 0.54375 0.8265625 0.5359375 0.8265625 0.51875 0.828125 0.5171875
1 0.065625 0.540625 0.065625 0.5203125 0.06875 0.509375 0.06875 0.5 0.0640625 0.4796875 0.0640625 0.46875 0.0671875 0.4609375 0.06875 0.440625 0.0734375 0.43125 0.0734375 0.421875 0.0765625 0.41875 0.08125 0.421875 0.0828125 0.428125 0.078125 0.459375 0.078125 0.471875 0.0828125 0.48125 0.0828125 0.4875 0.0765625 0.496875 0.0765625 0.50625 0.071875 0.521875 0.075 0.528125 0.075 0.540625 0.0671875 0.540625
1 0.6234375 0.3875 0.6296875 0.3828125 0.634375 0.3546875 0.6390625 0.3421875 0.6453125 0.3375 0.646875 0.35 0.640625 0.3734375 0.640625 0.4015625 0.6390625 0.403125 0.640625 0.4125 0.6359375 0.4125 0.6359375 0.3953125 0.63125 0.3921875 0.6265625 0.3921875 0.625 0.3890625
2 0.7171875 0.4359375 0.7203125 0.4375 0.7203125 0.4484375 0.7265625 0.45625 0.728125 0.465625 0.728125 0.4890625 0.725 0.49375 0.7265625 0.55 0.725 0.5515625 0.7203125 0.55 0.721875 0.534375 0.71875 0.5203125 0.715625 0.5171875 0.7140625 0.51875 0.715625 0.55 0.7109375 0.55 0.7109375 0.534375 0.70625 0.515625 0.7109375 0.4890625 0.709375 0.4625 0.715625 0.45 0.715625 0.4375