0 0.5417824074074075 0.4635590277777778 0.005677083333333321 0.007274305555555483
1 0.3625 0.453125 0.365625 0.453125 0.3625 0.5046875 0.3609375 0.50625 0.359375 0.5046875 0.359375 0.496875 0.35625 0.4921875 0.35 0.5 0.34375 0.503125 0.34375 0.496875 0.3515625 0.4828125 0.3578125 0.459375 0.3625 0.4546875
1 0.3328125 0.64375 0.33125 0.6453125 0.3328125 0.646875 0.3328125 0.6765625 0.33125 0.678125 0.3296875 0.7109375 0.3265625 0.7140625 0.3234375 0.7109375 0.325 0.703125 0.3234375 0.7 0.3125 0.7046875 0.3109375 0.6984375 0.321875 0.6890625 0.321875 0.659375 0.3265625 0.6484375 0.33125 0.6453125
1 0.4203125 0.5671875 0.4203125 0.5625 0.4296875 0.5578125 0.434375 0.534375 0.44375 0.5234375 0.4453125 0.5234375 0.4453125 0.5328125 0.4421875 0.5390625 0.4421875 0.553125 0.446875 0.5796875 0.44375 0.58125 0.4375 0.5703125 0.425 0.565625 0.421875 0.5671875
1 0.56875 0.5765625 0.571875 0.578125 0.5703125 0.58125 0.571875 0.590625 0.56875 0.603125 0.571875 0.6234375 0.55625 0.640625 0.5546875 0.646875 0.5515625 0.6453125 0.553125 0.6375 0.5578125 0.63125 0.559375 0.6046875 0.56875 0.578125
1 0.4203125 0.5046875 0.4234375 0.51875 0.4109375 0.540625 0.409375 0.5484375 0.3984375 0.5546875 0.396875 0.5515625 0.4 0.5453125 0.4046875 0.5421875 0.40625 0.534375 0.409375 0.53125 0.4078125 0.5171875 0.41875 0.50625
1 0.059375 0.5484375 0.059375 0.571875 0.0578125 0.5734375 0.059375 0.590625 0.05625 0.603125 0.0515625 0.6109375 0.0484375 0.6109375 0.0484375 0.603125 0.0515625 0.5984375 0.0453125 0.5921875 0.0484375 0.5859375 0.0484375 0.5734375 0.0515625 0.559375 0.0546875 0.5546875 0.0546875 0.55 0.0578125 0.5484375
1 0.1296875 0.475 0.13125 0.49375 0.128125 0.5 0.128125 0.515625 0.1234375 0.534375 0.1203125 0.5328125 0.1203125 0.5234375 0.115625 0.5171875 0.11875 0.5140625 0.1203125 0.4953125 0.1234375 0.4921875 0.1265625 0.4765625 0.128125 0.4765625
1 0.2078125 0.603125 0.2125 0.6015625 0.2125 0.6234375 0.209375 0.634375 0.209375 0.646875 0.2 0.6640625 0.196875 0.6578125 0.196875 0.653125 0.2015625 0.64375 0.2015625 0.6203125 0.2078125 0.6046875
1 0.1796875 0.5328125 0.1828125 0.5359375 0.1828125 0.540625 0.175 0.553125 0.1734375 0.5734375 0.16875 0.5890625 0.1640625 0.590625 0.1640625 0.5859375 0.1609375 0.5828125 0.1578125 0.5875 0.15625 0.5796875 0.1640625 0.5671875 0.165625 0.546875 0.178125 0.534375
1 0.30625 0.5359375 0.3046875 0.540625 0.30625 0.559375 0.303125 0.5625 0.303125 0.571875 0.296875 0.584375 0.2984375 0.5921875 0.2953125 0.59375 0.2921875 0.5921875 0.2890625 0.575 0.29375 0.571875 0.29375 0.5578125 0.296875 0.54375 0.3046875 0.5359375
1 0.190625 0.4171875 0.196875 0.4171875 0.2 0.4234375 0.1890625 0.453125 0.184375 0.446875 0.18125 0.446875 0.18125 0.4421875 0.1859375 0.4359375 0.190625 0.41875
1 0.0515625 0.9328125 0.053125 0.9328125 0.05 0.9421875 0.04375 0.953125 0.04375 0.9703125 0.0453125 0.971875 0.0421875 0.990625 0.0375 0.9953125 0.0375 0.98125 0.034375 0.978125 0.01875 0.996875 0.0140625 0.996875 0.0140625 0.9921875 0.028125 0.9765625 0.034375 0.946875 0.040625 0.934375 0.05 0.9328125
1 0.0010995370370370378 0.70640625 0.0021990740740740755 0.08663194444444437
1 0.7015625 0.521875 0.703125 0.5125 0.70625 0.509375 0.70625 0.4828125 0.7125 0.471875 0.715625 0.4734375 0.7171875 0.490625 0.7140625 0.5015625 0.7109375 0.53125 0.7078125 0.53125 0.7078125 0.5265625 0.703125 0.521875
1 0.1 0.425 0.1046875 0.4265625 0.1015625 0.45625 0.0984375 0.465625 0.1 0.46875 0.0984375 0.4703125 0.0921875 0.4671875 0.0859375 0.46875 0.0859375 0.4625 0.0921875 0.4515625 0.0953125 0.4328125 0.1 0.4265625
1 0.259375 0.6921875 0.2625 0.6953125 0.2609375 0.7015625 0.2625 0.721875 0.2578125 0.7203125 0.25625 0.721875 0.259375 0.7375 0.2578125 0.7609375 0.2546875 0.759375 0.253125 0.7515625 0.2546875 0.75 0.253125 0.7359375 0.2484375 0.7359375 0.23125 0.753125 0.23125 0.746875 0.24375 0.73125 0.246875 0.7109375 0.2578125 0.696875 0.2578125 0.69375
1 0.5828125 0.3921875 0.590625 0.40625 0.5890625 0.4171875 0.584375 0.4234375 0.5828125 0.4453125 0.58125 0.446875 0.5796875 0.44375 0.5765625 0.4265625 0.578125 0.4203125 0.5765625 0.40625 0.58125 0.39375
2 0.3397074328125 0.5161458328124999 0.33921360625 0.5328125 0.3348958328125 0.546875 0.348547453125 0.533784721875 0.35237204218749996 0.510034721875 0.35113876093749996 0.49899305624999996 0.3448887609375 0.499270834375 0.3397074328125 0.5161458328124999