0 0.546875 0.35 0.546875 0.359375 0.5421875 0.3546875 0.5421875 0.3515625 0.5453125 0.35
1 0.3609375 0.365625 0.01171875 0.0609375
1 0.6796875 0.46875 0.01484375 0.065625
1 0.2484375 0.425 0.2484375 0.43125 0.2546875 0.446875 0.253125 0.453125 0.253125 0.478125 0.25625 0.490625 0.2546875 0.4984375 0.2515625 0.496875 0.240625 0.45 0.240625 0.4375 0.24375 0.4328125 0.24375 0.4265625 0.246875 0.425
1 0.2796875 0.35 0.2828125 0.3515625 0.284375 0.3625 0.28125 0.4046875 0.2796875 0.4125 0.2765625 0.4140625 0.2734375 0.3875 0.2734375 0.3625 0.2796875 0.3515625
1 0.4015625 0.3546875 0.4078125 0.365625 0.4078125 0.4140625 0.4015625 0.415625 0.396875 0.375 0.3984375 0.3625 0.4015625 0.35625
1 0.2375 0.64375 0.240625 0.653125 0.2375 0.6671875 0.240625 0.71875 0.2375 0.71875 0.2359375 0.6984375 0.234375 0.696875 0.2328125 0.6984375 0.2296875 0.7078125 0.228125 0.7046875 0.2265625 0.671875 0.225 0.6640625 0.221875 0.6609375 0.221875 0.653125 0.2265625 0.6453125 0.228125 0.6296875 0.2296875 0.628125 0.2328125 0.6296875 0.2328125 0.6390625 0.2359375 0.64375
1 0.771875 0.334375 0.778125 0.3453125 0.778125 0.3515625 0.775 0.35625 0.775 0.375 0.778125 0.3859375 0.7765625 0.39375 0.771875 0.38125 0.765625 0.3875 0.765625 0.3625 0.7671875 0.3609375 0.765625 0.34375 0.7671875 0.3375 0.7703125 0.3359375
1 0.33515625 0.34296875 0.009375 0.0609375
1 0.559375 0.37578125 0.01640625 0.06796875
1 0.340625 0.540625 0.340625 0.5046875 0.3359375 0.4875 0.340625 0.4671875 0.35 0.484375 0.35 0.5078125 0.35625 0.5359375 0.35625 0.540625 0.353125 0.5390625 0.3484375 0.5234375 0.3453125 0.5265625 0.3453125 0.5375 0.3421875 0.540625
1 0.6609375 0.3203125 0.665625 0.3375 0.665625 0.359375 0.6703125 0.3734375 0.6671875 0.3734375 0.6625 0.3640625 0.6578125 0.3609375 0.6578125 0.34375 0.65625 0.3421875 0.659375 0.321875
1 0.803125 0.7046875 0.80625 0.70625 0.8078125 0.7171875 0.8140625 0.728125 0.8140625 0.7421875 0.8109375 0.7484375 0.809375 0.7640625 0.809375 0.7765625 0.8140625 0.796875 0.8140625 0.80625 0.8109375 0.8046875 0.80625 0.7953125 0.8046875 0.78125 0.8 0.7703125 0.7984375 0.746875 0.79375 0.7375 0.79375 0.7296875 0.8015625 0.715625 0.803125 0.70625
1 0.7296875 0.43125 0.734375 0.4359375 0.7375 0.4484375 0.7375 0.4609375 0.7328125 0.475 0.7328125 0.484375 0.7359375 0.490625 0.7375 0.503125 0.734375 0.5046875 0.7328125 0.5 0.7296875 0.4984375 0.7265625 0.4828125 0.7265625 0.46875 0.7234375 0.4578125 0.7234375 0.4484375 0.7296875 0.4328125
1 0.459375 0.4 0.4703125 0.415625 0.4703125 0.4234375 0.4609375 0.425 0.4484375 0.4234375 0.45 0.403125 0.453125 0.4 0.4578125 0.4
1 0.7671875 0.3125 0.01484375 0.053125
2 0.521875 0.484375 0.525 0.484375 0.5328125 0.4984375 0.5328125 0.5203125 0.5296875 0.525 0.5296875 0.5421875 0.53125 0.54375 0.53125 0.5625 0.5296875 0.5625 0.528125 0.55625 0.5234375 0.553125 0.521875 0.5421875 0.5234375 0.5265625 0.51875 0.515625 0.51875 0.496875 0.521875 0.4859375