0 0.396875 0.4765625 0.3984375 0.478125 0.396875 0.484375 0.3921875 0.48125 0.3921875 0.478125 0.3953125 0.4765625
1 0.6360069444444445 0.5497685185185185 0.021041666666666625 0.06825810185185191
1 0.503125 0.4171875 0.50625 0.4171875 0.5109375 0.4390625 0.5109375 0.45 0.50625 0.45625 0.50625 0.4890625 0.503125 0.490625 0.5015625 0.4578125 0.5046875 0.4421875 0.5 0.43125 0.503125 0.41875
1 0.4109375 0.5203125 0.4140625 0.51875 0.4171875 0.5203125 0.415625 0.525 0.421875 0.5453125 0.4265625 0.553125 0.4328125 0.5578125 0.4328125 0.5609375 0.4296875 0.5625 0.4234375 0.55625 0.4203125 0.55625 0.41875 0.5703125 0.415625 0.5703125 0.4140625 0.55625 0.4109375 0.5546875 0.409375 0.5421875 0.4109375 0.521875
1 0.5508506944444445 0.5158854166666667 0.016232638888888838 0.0627199074074074
1 0.5515625 0.3984375 0.55625 0.409375 0.553125 0.4546875 0.55 0.4515625 0.546875 0.4546875 0.5453125 0.453125 0.546875 0.446875 0.5453125 0.4078125 0.55 0.4
1 0.403125 0.4703125 0.40625 0.4703125 0.4109375 0.484375 0.4109375 0.5 0.409375 0.5015625 0.4109375 0.50625 0.409375 0.509375 0.403125 0.5078125 0.4 0.509375 0.3984375 0.48125 0.403125 0.471875
1 0.53125 0.4015625 0.5359375 0.40625 0.5359375 0.4265625 0.53125 0.45 0.528125 0.4546875 0.528125 0.4328125 0.525 0.4234375 0.525 0.4109375 0.53125 0.403125
1 0.4828125 0.44375 0.4859375 0.4453125 0.490625 0.4625 0.4875 0.4828125 0.4890625 0.484375 0.4890625 0.503125 0.4875 0.5046875 0.4796875 0.49375 0.4765625 0.45625 0.4828125 0.4453125
1 0.625 0.6671875 0.628125 0.6671875 0.6296875 0.6765625 0.6359375 0.690625 0.634375 0.7 0.6359375 0.75 0.6328125 0.7515625 0.63125 0.73125 0.628125 0.725 0.6234375 0.73125 0.6234375 0.75625 0.6203125 0.75625 0.6203125 0.728125 0.621875 0.7265625 0.6203125 0.6859375 0.625 0.66875
1 0.2484375 0.7046875 0.2515625 0.7078125 0.2515625 0.71875 0.25625 0.728125 0.2546875 0.746875 0.2515625 0.7515625 0.2515625 0.7734375 0.2546875 0.784375 0.2484375 0.7859375 0.24375 0.79375 0.2421875 0.7921875 0.2453125 0.7609375 0.2390625 0.74375 0.2390625 0.734375 0.2421875 0.7203125 0.246875 0.7125 0.246875 0.70625
1 0.1796875 0.646875 0.184375 0.665625 0.18125 0.6984375 0.178125 0.7140625 0.1765625 0.7171875 0.171875 0.71875 0.1671875 0.71875 0.1703125 0.7046875 0.16875 0.665625 0.171875 0.6625 0.175 0.6484375 0.178125 0.646875
1 0.3015625 0.6421875 0.3 0.6875 0.2921875 0.7078125 0.2921875 0.71875 0.2875 0.71875 0.2890625 0.675 0.29375 0.6515625 0.296875 0.64375 0.3 0.6421875
1 0.715625 0.628125 0.7203125 0.6296875 0.7203125 0.634375 0.725 0.64375 0.7234375 0.671875 0.7265625 0.7 0.725 0.709375 0.721875 0.709375 0.721875 0.696875 0.71875 0.690625 0.715625 0.6984375 0.7125 0.7 0.7140625 0.6640625 0.7171875 0.6546875 0.715625 0.6296875
1 0.3765625 0.41875 0.38125 0.4171875 0.384375 0.4203125 0.3875 0.440625 0.3859375 0.453125 0.3875 0.4703125 0.3859375 0.471875 0.384375 0.459375 0.3796875 0.4515625 0.375 0.4578125 0.371875 0.471875 0.36875 0.471875 0.371875 0.4625 0.3734375 0.43125 0.3765625 0.4203125
1 0.40625 0.5078125 0.409375 0.509375 0.4125 0.51875 0.4078125 0.5296875 0.409375 0.5671875 0.40625 0.565625 0.403125 0.5484375 0.3984375 0.540625 0.396875 0.5234375 0.3953125 0.521875 0.390625 0.5234375 0.390625 0.5203125 0.3984375 0.5140625 0.4 0.509375 0.4046875 0.5078125
1 0.309375 0.5953125 0.3125 0.5953125 0.3125 0.6015625 0.315625 0.6078125 0.315625 0.6421875 0.309375 0.66875 0.3046875 0.675 0.3015625 0.675 0.3015625 0.6625 0.3046875 0.65625 0.3046875 0.646875 0.3015625 0.64375 0.303125 0.615625 0.309375 0.596875
1 0.4953125 0.496875 0.4921875 0.4875 0.4921875 0.45 0.496875 0.4296875 0.5 0.43125 0.5046875 0.4484375 0.5015625 0.4578125 0.5 0.4890625 0.496875 0.496875
1 0.45 0.5375 0.4546875 0.540625 0.45625 0.55 0.4546875 0.5609375 0.4515625 0.5625 0.4390625 0.5546875 0.4390625 0.540625 0.44375 0.5375 0.4484375 0.5375
2 0.6 0.584375 0.6046875 0.5875 0.6078125 0.596875 0.60625 0.6125 0.6078125 0.659375 0.60625 0.6609375 0.6046875 0.659375 0.60625 0.653125 0.603125 0.640625 0.5984375 0.6375 0.5953125 0.6421875 0.59375 0.659375 0.5890625 0.6640625 0.5890625 0.659375 0.5921875 0.6546875 0.5921875 0.6359375 0.596875 0.6203125 0.596875 0.5984375 0.6 0.5859375