0 0.4671875 0.3765625 0.4703125 0.3765625 0.471875 0.3796875 0.471875 0.384375 0.46875 0.3859375 0.465625 0.38125 0.4671875 0.378125
1 0.703125 0.3953125 0.70625 0.3953125 0.7078125 0.4 0.7140625 0.4328125 0.7125 0.4359375 0.709375 0.434375 0.7078125 0.4359375 0.7078125 0.4609375 0.703125 0.46875 0.7015625 0.478125 0.6984375 0.4796875 0.7 0.4515625 0.6984375 0.45 0.696875 0.4171875 0.703125 0.396875
1 0.56953125 0.359375 0.0140625 0.04453125
1 0.4359375 0.59375 0.4390625 0.596875 0.4390625 0.6125 0.4421875 0.61875 0.4421875 0.6375 0.4375 0.65 0.4375 0.68125 0.4453125 0.7109375 0.4421875 0.7125 0.4390625 0.7109375 0.4375 0.696875 0.4328125 0.6890625 0.421875 0.696875 0.41875 0.7046875 0.41875 0.6890625 0.4296875 0.678125 0.4296875 0.66875 0.4265625 0.659375 0.4265625 0.640625 0.421875 0.6359375 0.4203125 0.628125 0.4265625 0.6125 0.4328125 0.6078125 0.4328125 0.5953125 0.434375 0.5953125
1 0.453125 0.3375 0.4578125 0.3421875 0.459375 0.353125 0.4578125 0.396875 0.453125 0.390625 0.4484375 0.3921875 0.44375 0.3875 0.4359375 0.3875 0.4453125 0.3796875 0.4484375 0.3734375 0.4484375 0.3625 0.4453125 0.3609375 0.4453125 0.35625 0.453125 0.3390625
1 0.384375 0.3328125 0.3875 0.3328125 0.390625 0.3546875 0.3890625 0.3890625 0.3859375 0.3921875 0.38125 0.384375 0.3765625 0.384375 0.3765625 0.3796875 0.3828125 0.375 0.384375 0.334375
1 0.55625 0.4390625 0.55625 0.434375 0.5625 0.4265625 0.5640625 0.3875 0.5703125 0.378125 0.5734375 0.3796875 0.5734375 0.4296875 0.575 0.43125 0.5734375 0.4421875 0.5765625 0.4546875 0.571875 0.4546875 0.571875 0.4375 0.5703125 0.4296875 0.5671875 0.4265625 0.5640625 0.434375 0.5578125 0.4390625
2 0.334375 0.3765625 0.340625 0.39375 0.3375 0.40625 0.3375 0.4234375 0.3390625 0.425 0.3375 0.4359375 0.340625 0.4484375 0.3390625 0.45 0.3359375 0.4484375 0.3359375 0.4375 0.33125 0.428125 0.328125 0.4359375 0.325 0.4375 0.3171875 0.45 0.3171875 0.453125 0.31875 0.4390625 0.3265625 0.4265625 0.3265625 0.409375 0.3234375 0.403125 0.3234375 0.3953125 0.33125 0.384375 0.3328125 0.378125
1 0.1984375 0.409375 0.2 0.425 0.20625 0.4390625 0.1984375 0.4484375 0.2015625 0.459375 0.2015625 0.46875 0.196875 0.478125 0.1953125 0.4875 0.1921875 0.4859375 0.1890625 0.4796875 0.1828125 0.4875 0.18125 0.4953125 0.178125 0.4875 0.1875 0.46875 0.1890625 0.4609375 0.1875 0.425 0.19375 0.4203125 0.196875 0.4109375
1 0.4734375 0.296875 0.4765625 0.3 0.475 0.328125 0.4703125 0.34375 0.4671875 0.3390625 0.46875 0.328125 0.4671875 0.3125 0.4703125 0.3015625 0.4734375 0.2984375
1 0.4234375 0.325 0.4234375 0.3421875 0.425 0.34375 0.4234375 0.3859375 0.425 0.3875 0.421875 0.390625 0.4203125 0.378125 0.4171875 0.375 0.4109375 0.3765625 0.415625 0.36875 0.41875 0.3265625 0.421875 0.325
1 0.55625 0.4390625 0.5578125 0.440625 0.55625 0.453125 0.559375 0.4578125 0.559375 0.4671875 0.553125 0.478125 0.55 0.4984375 0.540625 0.515625 0.540625 0.5234375 0.5359375 0.521875 0.5359375 0.515625 0.54375 0.496875 0.5421875 0.4546875 0.55 0.446875 0.5515625 0.440625 0.5546875 0.4390625
1 0.9984375 0.615625 0.9984375 0.696875 0.9953125 0.7078125 0.9890625 0.715625 0.9875 0.7328125 0.984375 0.734375 0.984375 0.7125 0.9890625 0.6984375 0.9875 0.6453125 0.990625 0.6328125 0.996875 0.625 0.9984375 0.6171875
1 0.05625 0.428125 0.0609375 0.4296875 0.059375 0.4375 0.0640625 0.45625 0.0625 0.4609375 0.0578125 0.4640625 0.05625 0.4703125 0.053125 0.509375 0.046875 0.509375 0.04375 0.5140625 0.040625 0.509375 0.0484375 0.484375 0.046875 0.459375 0.04375 0.45 0.05 0.4390625 0.0546875 0.4359375 0.05625 0.4296875
1 0.815625 0.4734375 0.81875 0.4875 0.815625 0.5171875 0.815625 0.5625 0.8171875 0.5640625 0.815625 0.5671875 0.8109375 0.5671875 0.8125 0.5421875 0.809375 0.5390625 0.8046875 0.546875 0.8 0.55 0.796875 0.559375 0.79375 0.5609375 0.79375 0.553125 0.803125 0.5359375 0.80625 0.4890625 0.8109375 0.4828125 0.8109375 0.475 0.8140625 0.4734375
1 0.3484375 0.5234375 0.35 0.525 0.3484375 0.534375 0.35 0.54375 0.34375 0.5859375 0.3453125 0.621875 0.340625 0.621875 0.340625 0.6046875 0.3359375 0.6 0.3265625 0.596875 0.325 0.5921875 0.328125 0.5875 0.3328125 0.590625 0.3375 0.5890625 0.3359375 0.5546875 0.334375 0.553125 0.3375 0.5375 0.34375 0.5328125 0.34375 0.525 0.346875 0.5234375
1 0.45625 0.3859375 0.4546875 0.3453125 0.4578125 0.3390625 0.4640625 0.3359375 0.459375 0.3625 0.459375 0.3828125 0.45625 0.3875 0.45625 0.39375 0.45625 0.3875
1 0.00625 0.3734375 0.009375 0.353125 0.0125 0.3421875 0.015625 0.340625 0.0171875 0.3421875 0.0171875 0.365625 0.015625 0.3671875 0.0171875 0.3921875 0.009375 0.403125 0.009375 0.4078125 0.0046875 0.409375 0.0046875 0.39375 0.0078125 0.390625 0.0078125 0.375
1 0.5390625 0.321875 0.54375 0.321875 0.55 0.328125 0.553125 0.3375 0.5515625 0.35 0.553125 0.375 0.55 0.378125 0.546875 0.3765625 0.5453125 0.3359375 0.5390625 0.3234375