0 0.265625 0.3515625 0.2703125 0.353125 0.26875 0.3578125 0.265625 0.3578125 0.265625 0.353125
1 0.34375 0.7171875 0.346875 0.7171875 0.359375 0.759375 0.359375 0.7640625 0.3546875 0.765625 0.3515625 0.7765625 0.3484375 0.8203125 0.346875 0.821875 0.3453125 0.8203125 0.340625 0.76875 0.3390625 0.759375 0.3359375 0.7546875 0.3375 0.7359375 0.34375 0.7234375 0.34375 0.71875
1 0.6390625 0.2296875 0.6421875 0.2296875 0.64375 0.253125 0.646875 0.2609375 0.6453125 0.2671875 0.6375 0.265625 0.6390625 0.23125
1 0.5203125 0.315625 0.5234375 0.3203125 0.5234375 0.328125 0.5203125 0.334375 0.51875 0.3421875 0.5203125 0.3484375 0.515625 0.3640625 0.5125 0.346875 0.5125 0.31875 0.515625 0.3140625 0.51875 0.315625
1 0.5953125 0.484375 0.59375 0.4828125 0.59375 0.4546875 0.590625 0.4421875 0.59375 0.4265625 0.596875 0.425 0.603125 0.4359375 0.6015625 0.4484375 0.603125 0.4734375 0.6078125 0.48125 0.6078125 0.4921875 0.6 0.478125 0.596875 0.4796875 0.596875 0.4828125
1 0.2828125 0.35625 0.290625 0.371875 0.2890625 0.3875 0.2859375 0.3921875 0.2875 0.396875 0.2859375 0.4046875 0.278125 0.4125 0.2765625 0.384375 0.28125 0.3578125
1 0.765625 0.35625 0.7734375 0.3640625 0.775 0.4 0.778125 0.40625 0.7765625 0.4125 0.771875 0.415625 0.771875 0.4078125 0.7671875 0.4 0.7640625 0.38125 0.765625 0.3578125
1 0.7953125 0.89375 0.7953125 0.9078125 0.8 0.9171875 0.8015625 0.928125 0.8015625 0.9515625 0.79375 0.9734375 0.7953125 0.98125 0.79375 0.9828125 0.79375 0.9984375 0.784375 0.9984375 0.784375 0.9828125 0.7828125 0.98125 0.784375 0.9609375 0.7796875 0.953125 0.7828125 0.9296875 0.78125 0.91875 0.7890625 0.9046875 0.7890625 0.89375 0.790625 0.8921875 0.79375 0.89375
1 0.3015625 0.490625 0.2984375 0.478125 0.290625 0.471875 0.2890625 0.4734375 0.2890625 0.49375 0.2875 0.4953125 0.284375 0.49375 0.2859375 0.490625 0.2859375 0.4578125 0.2875 0.45625 0.2859375 0.45 0.2859375 0.4234375 0.2875 0.421875 0.29375 0.434375 0.2953125 0.4640625 0.303125 0.4796875 0.3046875 0.4859375 0.3046875 0.490625 0.303125 0.490625
1 0.5046875 0.290625 0.5109375 0.3015625 0.5109375 0.321875 0.5078125 0.3421875 0.5046875 0.3421875 0.503125 0.3390625 0.503125 0.2921875
1 0.8234375 0.5953125 0.8265625 0.596875 0.8265625 0.6046875 0.8359375 0.6171875 0.8359375 0.6296875 0.8328125 0.6375 0.8328125 0.6546875 0.8390625 0.665625 0.8390625 0.675 0.8375 0.6765625 0.834375 0.6703125 0.83125 0.675 0.83125 0.68125 0.8296875 0.6828125 0.8265625 0.68125 0.8265625 0.6671875 0.8234375 0.6640625 0.8234375 0.6328125 0.81875 0.628125 0.8234375 0.596875
1 0.5265625 0.403125 0.5296875 0.4046875 0.534375 0.41875 0.534375 0.4296875 0.53125 0.4375 0.5328125 0.4546875 0.53125 0.465625 0.528125 0.4671875 0.528125 0.4578125 0.525 0.4515625 0.521875 0.4265625 0.5265625 0.4046875
1 0.24375 0.3109375 0.2453125 0.3125 0.2453125 0.34375 0.2484375 0.3625 0.2375 0.3609375 0.2390625 0.3453125 0.2359375 0.3375 0.2375 0.321875 0.24375 0.3125
1 0.465625 0.54375 0.46875 0.5453125 0.46875 0.5515625 0.475 0.5625 0.4734375 0.58125 0.475 0.5828125 0.475 0.6 0.478125 0.609375 0.478125 0.615625 0.4765625 0.615625 0.471875 0.6015625 0.4671875 0.596875 0.4640625 0.6015625 0.4640625 0.6125 0.4609375 0.6140625 0.459375 0.609375 0.4625 0.596875 0.4625 0.5796875 0.4640625 0.578125 0.4625 0.56875 0.465625 0.5453125
1 0.7703125 0.25625 0.7734375 0.2578125 0.778125 0.2828125 0.7828125 0.2875 0.7828125 0.2921875 0.775 0.290625 0.7703125 0.3 0.76875 0.2953125 0.7703125 0.2578125
1 0.76925154375 0.3389583328125 0.7653864453125 0.3403182859375 0.765880271875 0.356984953125 0.7724183390625 0.36675347187499996 0.7750906640624999 0.3514988421875 0.76925154375 0.3389583328125
2 0.815625 0.3859375 0.81875 0.3859375 0.825 0.4015625 0.8234375 0.43125 0.8296875 0.4453125 0.8296875 0.45 0.81875 0.434375 0.815625 0.4390625 0.8140625 0.4515625 0.8125 0.45 0.815625 0.3875