1 0.4421875 0.4 0.446875 0.4 0.45 0.4046875 0.453125 0.415625 0.453125 0.4265625 0.45625 0.434375 0.45625 0.4390625 0.4515625 0.4359375 0.440625 0.434375 0.440625 0.4203125 0.4375 0.4171875 0.4375 0.4109375 0.4421875 0.4015625
1 0.36875 0.4421875 0.375 0.4109375 0.375 0.3953125 0.3765625 0.3875 0.38125 0.3796875 0.384375 0.38125 0.3875 0.3875 0.3890625 0.403125 0.38125 0.4140625 0.3796875 0.428125 0.3703125 0.4421875
1 0.4734375 0.471875 0.471875 0.4625 0.4765625 0.453125 0.4765625 0.425 0.478125 0.415625 0.48125 0.4125 0.4859375 0.415625 0.4890625 0.4234375 0.4875 0.45 0.490625 0.4625 0.490625 0.4734375 0.4859375 0.4734375 0.4859375 0.465625 0.4828125 0.4609375 0.478125 0.4640625 0.478125 0.4703125 0.475 0.471875
1 0.4296875 0.4046875 0.4359375 0.4125 0.4328125 0.425 0.4390625 0.4359375 0.4375 0.4484375 0.4328125 0.4484375 0.43125 0.4390625 0.425 0.4328125 0.4234375 0.4078125 0.428125 0.4046875
1 0.4625 0.440625 0.4671875 0.44375 0.465625 0.496875 0.45625 0.503125 0.4546875 0.5015625 0.45625 0.446875 0.4578125 0.4421875 0.4609375 0.440625
1 0.9875 0.665625 0.9921875 0.6703125 0.9953125 0.678125 0.9953125 0.69375 0.9984375 0.703125 0.9984375 0.725 0.9953125 0.721875 0.990625 0.7234375 0.990625 0.7421875 0.9875 0.740625 0.9828125 0.725 0.984375 0.6671875 0.9859375 0.6671875
2 0.1515625 0.45625 0.1546875 0.4640625 0.1546875 0.484375 0.15625 0.4859375 0.1546875 0.528125 0.1484375 0.525 0.1484375 0.4625 0.15 0.4578125
1 0.3875 0.39375 0.390625 0.396875 0.3953125 0.453125 0.3921875 0.4515625 0.3890625 0.4421875 0.3859375 0.440625 0.3796875 0.4484375 0.378125 0.4578125 0.3765625 0.459375 0.375 0.4578125 0.375 0.4453125 0.378125 0.4375 0.3796875 0.4171875 0.3875 0.3953125
1 0.303125 0.44375 0.0171875 0.08203125
1 0.41875 0.4109375 0.425 0.4171875 0.4265625 0.4296875 0.43125 0.4375 0.4296875 0.453125 0.434375 0.4734375 0.4296875 0.4734375 0.4265625 0.4703125 0.425 0.453125 0.4203125 0.446875 0.41875 0.4390625 0.4109375 0.4328125 0.4125 0.415625 0.4171875 0.4125
1 0.3984375 0.475 0.4015625 0.4734375 0.4046875 0.4671875 0.40625 0.4421875 0.4109375 0.4359375 0.415625 0.4359375 0.41875 0.4390625 0.41875 0.446875 0.421875 0.45 0.421875 0.465625 0.425 0.471875 0.425 0.4828125 0.4125 0.48125 0.4078125 0.478125 0.3984375 0.4859375 0.396875 0.484375 0.3984375 0.4765625
1 0.2921875 0.4234375 0.29375 0.425 0.2921875 0.4859375 0.290625 0.4875 0.2859375 0.4859375 0.2828125 0.4890625 0.2796875 0.4875 0.2828125 0.484375 0.2828125 0.440625 0.284375 0.43125 0.2875 0.425 0.290625 0.4234375