1 0.4328125 0.428125 0.4390625 0.4296875 0.440625 0.446875 0.4453125 0.4625 0.4453125 0.46875 0.4421875 0.4671875 0.4390625 0.459375 0.4328125 0.45625 0.43125 0.45 0.4328125 0.4296875
1 0.6265625 0.6234375 0.6296875 0.6125 0.6296875 0.603125 0.6328125 0.6015625 0.640625 0.625 0.6375 0.634375 0.6390625 0.675 0.6328125 0.671875 0.6296875 0.6765625 0.628125 0.675 0.628125 0.625
1 0.571875 0.640625 0.5796875 0.6484375 0.5828125 0.6578125 0.58125 0.6984375 0.584375 0.709375 0.58125 0.7140625 0.5796875 0.7125 0.578125 0.7015625 0.5734375 0.6953125 0.5703125 0.7 0.571875 0.7109375 0.5671875 0.7140625 0.5671875 0.6828125 0.56875 0.68125 0.5671875 0.6578125 0.571875 0.6421875
1 0.2578125 0.3953125 0.2609375 0.4046875 0.2609375 0.434375 0.259375 0.4359375 0.2609375 0.446875 0.259375 0.4484375 0.25625 0.446875 0.25625 0.4328125 0.253125 0.41875 0.25625 0.396875
1 0.428125 0.425 0.4328125 0.4328125 0.4296875 0.4484375 0.43125 0.4625 0.425 0.4734375 0.41875 0.475 0.4171875 0.4703125 0.421875 0.4625 0.421875 0.4390625 0.4265625 0.4265625
1 0.3765625 0.51875 0.3796875 0.51875 0.3828125 0.528125 0.3828125 0.5703125 0.384375 0.571875 0.3828125 0.5859375 0.3765625 0.584375 0.375 0.5453125 0.3734375 0.54375 0.3734375 0.5296875 0.3765625 0.5203125
1 0.2203125 0.6734375 0.2234375 0.675 0.2234375 0.684375 0.228125 0.690625 0.2296875 0.7 0.225 0.7625 0.2203125 0.7578125 0.21875 0.725 0.2171875 0.715625 0.2125 0.70625 0.2125 0.6921875 0.21875 0.6828125 0.21875 0.675
1 0.4640625 0.9046875 0.4703125 0.865625 0.475 0.859375 0.475 0.85 0.4765625 0.8484375 0.4796875 0.85 0.4796875 0.8546875 0.4859375 0.8625 0.4890625 0.8765625 0.4875 0.9203125 0.490625 0.9328125 0.490625 0.9515625 0.4875 0.9515625 0.484375 0.925 0.4828125 0.9203125 0.4796875 0.91875 0.4765625 0.9296875 0.4765625 0.940625 0.4734375 0.9421875 0.471875 0.940625 0.471875 0.9 0.4703125 0.8984375 0.4640625 0.90625
1 0.79375 0.79375 0.796875 0.7875 0.7984375 0.775 0.7984375 0.7640625 0.79375 0.759375 0.79375 0.75625 0.796875 0.753125 0.8 0.725 0.803125 0.7234375 0.809375 0.7390625 0.8078125 0.78125 0.80625 0.7859375 0.8015625 0.7875 0.8 0.796875 0.7953125 0.796875 0.7953125 0.7953125
1 0.4984375 0.5484375 0.5015625 0.5484375 0.5078125 0.5671875 0.5078125 0.603125 0.509375 0.6046875 0.5078125 0.6125 0.5046875 0.6140625 0.5046875 0.603125 0.496875 0.5796875 0.4953125 0.5625 0.4984375 0.55625 0.4984375 0.55
1 0.05625 0.6328125 0.065625 0.7109375 0.0625 0.7109375 0.059375 0.690625 0.05625 0.6875 0.0515625 0.6984375 0.05 0.7171875 0.046875 0.715625 0.0484375 0.6453125 0.05 0.6375 0.0546875 0.6328125
1 0.809375 0.7609375 0.8140625 0.7640625 0.825 0.7875 0.821875 0.7921875 0.8203125 0.80625 0.821875 0.81875 0.828125 0.834375 0.828125 0.84375 0.825 0.84375 0.8203125 0.8265625 0.815625 0.8234375 0.8125 0.8265625 0.8109375 0.84375 0.8078125 0.8453125 0.809375 0.8125 0.8046875 0.8 0.809375 0.7828125 0.809375 0.7625
1 0.165625 0.596875 0.16875 0.596875 0.1703125 0.6 0.175 0.634375 0.1734375 0.646875 0.175 0.6796875 0.1671875 0.678125 0.1671875 0.6578125 0.1609375 0.6265625 0.1609375 0.6125 0.1640625 0.6078125 0.165625 0.5984375
1 0.3609375 0.45 0.3640625 0.45 0.365625 0.453125 0.36875 0.46875 0.36875 0.5015625 0.365625 0.5015625 0.359375 0.4734375 0.3609375 0.4515625
1 0.578125 0.425 0.58125 0.425 0.5828125 0.434375 0.5875 0.4421875 0.590625 0.4703125 0.5875 0.48125 0.584375 0.4828125 0.58125 0.4765625 0.578125 0.4265625
1 0.4796875 0.4296875 0.4859375 0.453125 0.4828125 0.465625 0.484375 0.4859375 0.48125 0.4859375 0.4796875 0.4640625 0.4734375 0.4484375 0.4765625 0.43125 0.478125 0.43125
1 0.4875 0.4546875 0.490625 0.4546875 0.49375 0.459375 0.49375 0.475 0.4921875 0.4765625 0.49375 0.48125 0.490625 0.503125 0.4875 0.5 0.4875 0.4875 0.484375 0.478125 0.484375 0.4625 0.4875 0.45625
1 0.4984375 0.45 0.5 0.4515625 0.5 0.4984375 0.5015625 0.5 0.5 0.5078125 0.49375 0.5078125 0.490625 0.4984375 0.49375 0.4609375 0.496875 0.4515625
1 0.5875 0.8041666671875 0.59140625 0.7986111109375 0.58984375 0.75555555625 0.5921875 0.7388888890625 0.58515625 0.7138888890625 0.58125 0.709722221875 0.5796875 0.7166666671875 0.578125 0.7583333328124999 0.58359375 0.7819444437499999 0.58125 0.8027777781250001 0.5875 0.8041666671875
2 0.2109375 0.4875 0.2140625 0.4875 0.2171875 0.5046875 0.215625 0.50625 0.215625 0.5359375 0.21875 0.553125 0.215625 0.5546875 0.2125 0.55 0.2078125 0.5484375 0.2109375 0.5359375 0.2109375 0.5203125 0.209375 0.51875 0.2109375 0.4890625