1 0.7640625 0.478125 0.76875 0.48125 0.7734375 0.4890625 0.7703125 0.5125 0.7671875 0.51875 0.7609375 0.5234375 0.759375 0.5296875 0.75625 0.5328125 0.7546875 0.528125 0.759375 0.5125 0.759375 0.490625 0.7625 0.4796875
1 0.65625 0.478125 0.653125 0.440625 0.6578125 0.4265625 0.659375 0.4265625 0.6640625 0.4421875 0.6578125 0.478125
1 0.5359375 0.5015625 0.5390625 0.503125 0.5421875 0.5125 0.5421875 0.528125 0.54375 0.5296875 0.5421875 0.5359375 0.534375 0.5296875 0.5359375 0.503125
1 0.659375 0.6375 0.6625 0.640625 0.6671875 0.65625 0.6671875 0.665625 0.6640625 0.675 0.6640625 0.690625 0.6671875 0.709375 0.6625 0.709375 0.6625 0.7 0.659375 0.6921875 0.6578125 0.69375 0.6578125 0.709375 0.653125 0.7125 0.6515625 0.7109375 0.6546875 0.696875 0.653125 0.6609375 0.6578125 0.646875 0.6578125 0.6390625
1 0.6484375 0.5390625 0.6515625 0.5390625 0.653125 0.546875 0.6578125 0.5515625 0.6578125 0.5625 0.653125 0.5734375 0.6515625 0.584375 0.653125 0.6015625 0.6484375 0.6015625 0.646875 0.56875 0.6453125 0.5671875 0.646875 0.553125 0.6453125 0.5484375 0.6484375 0.5453125 0.6484375 0.540625
1 0.4921875 0.4109375 0.496875 0.4125 0.5 0.41875 0.5 0.4546875 0.5015625 0.45625 0.5 0.459375 0.496875 0.453125 0.49375 0.459375 0.490625 0.459375 0.4890625 0.4203125 0.4921875 0.4125
1 0.4828125 0.5046875 0.4890625 0.50625 0.4921875 0.515625 0.4921875 0.5234375 0.484375 0.5328125 0.4828125 0.5484375 0.48125 0.5515625 0.478125 0.5515625 0.4765625 0.5421875 0.48125 0.53125 0.4796875 0.51875 0.4828125 0.50625
1 0.321875 0.55625 0.3265625 0.5625 0.325 0.584375 0.3296875 0.6140625 0.3265625 0.615625 0.3234375 0.609375 0.3234375 0.5984375 0.3203125 0.5953125 0.3171875 0.596875 0.315625 0.609375 0.3140625 0.6109375 0.3109375 0.609375 0.3109375 0.603125 0.315625 0.590625 0.315625 0.56875 0.3203125 0.5578125
1 0.4859375 0.5296875 0.49375 0.528125 0.5 0.540625 0.49375 0.5546875 0.4890625 0.58125 0.4875 0.5796875 0.4890625 0.5625 0.4828125 0.55 0.4859375 0.53125
1 0.5609375 0.6328125 0.5625 0.6265625 0.5609375 0.596875 0.5625 0.584375 0.5671875 0.575 0.56875 0.575 0.5734375 0.5890625 0.571875 0.59375 0.5734375 0.634375 0.5703125 0.63125 0.5703125 0.625 0.5671875 0.6203125 0.565625 0.6296875 0.5625 0.6328125
1 0.8546875 0.5578125 0.859375 0.559375 0.865625 0.571875 0.86875 0.584375 0.8671875 0.5984375 0.86875 0.6046875 0.875 0.609375 0.875 0.6171875 0.871875 0.615625 0.8703125 0.609375 0.8609375 0.6 0.8578125 0.603125 0.8578125 0.61875 0.85625 0.6203125 0.853125 0.61875 0.8546875 0.609375 0.853125 0.6015625 0.85625 0.5921875 0.85625 0.5609375 0.8546875 0.559375
1 0.55625 0.4828125 0.5609375 0.4828125 0.5640625 0.49375 0.5703125 0.5046875 0.5703125 0.5078125 0.5640625 0.5046875 0.5625 0.50625 0.5640625 0.540625 0.55625 0.540625 0.5546875 0.5171875 0.5515625 0.5078125 0.5515625 0.49375 0.55625 0.484375
1 0.7125 0.5265625 0.715625 0.5296875 0.721875 0.553125 0.71875 0.5890625 0.7140625 0.5890625 0.7140625 0.5546875 0.7109375 0.5375 0.7125 0.528125
1 0.36444444444444446 0.5224537037037037 0.014704861111111089 0.06455439814814809
1 0.4390625 0.4765625 0.4421875 0.478125 0.44375 0.484375 0.44375 0.5125 0.4484375 0.5265625 0.4484375 0.53125 0.446875 0.53125 0.4421875 0.5203125 0.4375 0.5171875 0.4328125 0.5296875 0.4296875 0.53125 0.434375 0.5125 0.434375 0.490625 0.4390625 0.478125
1 0.328125 0.5140625 0.33125 0.515625 0.33125 0.5359375 0.334375 0.5390625 0.3359375 0.55 0.3359375 0.5625 0.3328125 0.5734375 0.334375 0.5796875 0.328125 0.5765625 0.3265625 0.540625 0.3234375 0.5359375 0.3234375 0.528125 0.328125 0.515625
1 0.503125 0.59375 0.50625 0.59375 0.509375 0.615625 0.509375 0.6328125 0.50625 0.64375 0.50625 0.653125 0.5015625 0.6546875 0.5015625 0.646875 0.4984375 0.64375 0.49375 0.6515625 0.49375 0.640625 0.4984375 0.6171875 0.496875 0.6046875 0.503125 0.5953125
1 0.6046875 0.471875 0.6078125 0.478125 0.6078125 0.5140625 0.609375 0.515625 0.6078125 0.5234375 0.603125 0.51875 0.5984375 0.521875 0.596875 0.475 0.6 0.46875 0.603125 0.471875
1 0.8015625 0.4765625 0.80625 0.4796875 0.8109375 0.4890625 0.8109375 0.509375 0.8078125 0.5171875 0.809375 0.534375 0.80625 0.5390625 0.8015625 0.5359375 0.8 0.5375 0.796875 0.5359375 0.8 0.528125 0.803125 0.5 0.8015625 0.478125
2 0.5375 0.53125 0.5484375 0.553125 0.54375 0.55625 0.54375 0.5875 0.5421875 0.5890625 0.540625 0.5875 0.540625 0.578125 0.5375 0.5734375 0.53125 0.5828125 0.53125 0.575 0.534375 0.56875 0.5328125 0.540625 0.5359375 0.5328125