0 0.2609375 0.753125 0.2625 0.7546875 0.2609375 0.765625 0.25625 0.765625 0.2546875 0.7625 0.2546875 0.7578125 0.259375 0.753125
1 0.396875 0.4140625 0.4 0.4140625 0.409375 0.434375 0.409375 0.4421875 0.40625 0.446875 0.409375 0.4875 0.4078125 0.4890625 0.40625 0.4875 0.403125 0.471875 0.4 0.46875 0.396875 0.475 0.3953125 0.4875 0.3921875 0.490625 0.39375 0.4515625 0.3890625 0.446875 0.3890625 0.4375 0.390625 0.428125 0.396875 0.415625
1 0.8625 0.359375 0.865625 0.3625 0.865625 0.3671875 0.871875 0.38125 0.8703125 0.4046875 0.8765625 0.409375 0.875 0.415625 0.86875 0.415625 0.865625 0.41875 0.8625 0.4296875 0.859375 0.43125 0.8578125 0.4296875 0.8609375 0.421875 0.8609375 0.3890625 0.859375 0.3875 0.8609375 0.3609375
1 0.8140625 0.4421875 0.8234375 0.459375 0.8265625 0.4921875 0.8328125 0.50625 0.8328125 0.5171875 0.828125 0.51875 0.828125 0.5125 0.821875 0.5 0.8203125 0.5140625 0.8171875 0.5140625 0.815625 0.509375 0.8125 0.4953125 0.815625 0.4828125 0.815625 0.4703125 0.8125 0.4625 0.8125 0.44375
1 0.9 0.3875 0.903125 0.3921875 0.90625 0.4109375 0.9046875 0.4296875 0.9109375 0.4375 0.9109375 0.4421875 0.9046875 0.4453125 0.90625 0.45625 0.9015625 0.4578125 0.896875 0.4390625 0.896875 0.39375 0.8984375 0.3890625
1 0.6765625 0.553125 0.68125 0.5640625 0.678125 0.5765625 0.678125 0.5984375 0.675 0.603125 0.675 0.6359375 0.671875 0.6359375 0.6703125 0.63125 0.66875 0.5921875 0.6640625 0.571875 0.665625 0.54375 0.66875 0.5421875 0.675 0.553125
1 0.971875 0.425 0.9765625 0.425 0.978125 0.43125 0.978125 0.490625 0.971875 0.4921875 0.96875 0.4859375 0.96875 0.459375 0.9671875 0.4578125 0.9671875 0.4359375 0.971875 0.4265625
1 0.2515625 0.784375 0.2546875 0.784375 0.259375 0.790625 0.26875 0.7921875 0.2765625 0.8015625 0.2796875 0.8125 0.2734375 0.8109375 0.271875 0.8078125 0.2703125 0.809375 0.2734375 0.8359375 0.275 0.840625 0.284375 0.85 0.2890625 0.8515625 0.2921875 0.8578125 0.2921875 0.8640625 0.2890625 0.8640625 0.2609375 0.8359375 0.2578125 0.8390625 0.2578125 0.865625 0.25625 0.8671875 0.253125 0.865625 0.2546875 0.8234375 0.253125 0.821875 0.2515625 0.7859375
1 0.9140625 0.5046875 0.9203125 0.5203125 0.921875 0.5609375 0.934375 0.5734375 0.934375 0.5796875 0.9171875 0.571875 0.915625 0.5875 0.9140625 0.5890625 0.9078125 0.5875 0.9109375 0.5828125 0.9125 0.54375 0.909375 0.5375 0.909375 0.53125 0.9125 0.50625
1 0.5515625 0.546875 0.5546875 0.546875 0.5640625 0.5796875 0.5625 0.6046875 0.5671875 0.6203125 0.5671875 0.628125 0.5625 0.6296875 0.5609375 0.6203125 0.5546875 0.6078125 0.5515625 0.5484375
1 0.41875 0.61875 0.421875 0.6234375 0.428125 0.625 0.4296875 0.628125 0.428125 0.646875 0.434375 0.6640625 0.4453125 0.675 0.4453125 0.68125 0.4421875 0.68125 0.4359375 0.6734375 0.425 0.66875 0.421875 0.671875 0.4234375 0.6796875 0.421875 0.684375 0.41875 0.6828125 0.41875 0.678125 0.4140625 0.66875 0.415625 0.6609375 0.4140625 0.65 0.4171875 0.646875 0.4140625 0.6203125 0.4171875 0.61875
1 0.925 0.425 0.928125 0.4265625 0.9375 0.440625 0.9390625 0.4546875 0.9375 0.4703125 0.9453125 0.475 0.9453125 0.4828125 0.940625 0.484375 0.940625 0.4953125 0.9359375 0.4984375 0.934375 0.496875 0.934375 0.4828125 0.93125 0.4796875 0.928125 0.4671875 0.9296875 0.4546875 0.9234375 0.4265625
1 0.678125 0.4734375 0.68125 0.475 0.6890625 0.49375 0.6875 0.503125 0.6890625 0.5265625 0.6953125 0.54375 0.6953125 0.55625 0.6921875 0.5546875 0.6859375 0.5359375 0.6828125 0.5375 0.6828125 0.5515625 0.6796875 0.5484375 0.6765625 0.53125 0.678125 0.475
1 0.8515625 0.4953125 0.8546875 0.4953125 0.8609375 0.5125 0.859375 0.5375 0.8609375 0.546875 0.86875 0.5625 0.86875 0.5734375 0.865625 0.571875 0.8625 0.5625 0.8546875 0.5546875 0.853125 0.55625 0.853125 0.5734375 0.8515625 0.575 0.85 0.5734375 0.846875 0.55625 0.8484375 0.5265625 0.8453125 0.521875 0.8453125 0.5125 0.8515625 0.496875
2 0.8765625 0.6171875 0.8796875 0.6171875 0.896875 0.634375 0.8984375 0.6453125 0.89375 0.665625 0.8984375 0.68125 0.9078125 0.7 0.9078125 0.70625 0.9046875 0.709375 0.903125 0.6984375 0.8984375 0.6890625 0.8890625 0.6796875 0.8875 0.6890625 0.8921875 0.70625 0.890625 0.7109375 0.8875 0.7109375 0.8875 0.7 0.8796875 0.6828125 0.8828125 0.66875 0.8828125 0.6546875 0.875 0.64375 0.8765625 0.61875