0 0.5203125 0.7109375 0.525 0.7109375 0.528125 0.715625 0.528125 0.721875 0.5234375 0.7234375 0.5203125 0.7203125 0.5203125 0.7125
1 0.559375 0.640625 0.565625 0.6515625 0.571875 0.6546875 0.5734375 0.6578125 0.5765625 0.6703125 0.575 0.6734375 0.571875 0.6765625 0.55625 0.6765625 0.553125 0.671875 0.5484375 0.6703125 0.54375 0.6796875 0.540625 0.678125 0.54375 0.6640625 0.5484375 0.659375 0.5515625 0.65 0.55 0.6484375 0.5578125 0.6421875
1 0.31875 0.475 0.321875 0.475 0.3234375 0.4796875 0.3234375 0.528125 0.325 0.5296875 0.3234375 0.5390625 0.315625 0.546875 0.315625 0.5609375 0.3140625 0.5640625 0.3109375 0.5609375 0.3109375 0.5421875 0.3125 0.540625 0.3109375 0.5046875 0.31875 0.4765625
1 0.5390625 0.5984375 0.55 0.6125 0.553125 0.6265625 0.5578125 0.634375 0.5578125 0.64375 0.55 0.6453125 0.5484375 0.6421875 0.5453125 0.6421875 0.5390625 0.6484375 0.540625 0.653125 0.534375 0.671875 0.53125 0.6703125 0.534375 0.6546875 0.528125 0.6484375 0.53125 0.640625 0.53125 0.6234375 0.534375 0.6125 0.5328125 0.6078125 0.534375 0.6 0.5375 0.5984375
1 0.196875 0.4328125 0.203125 0.4484375 0.20625 0.5109375 0.209375 0.521875 0.20625 0.521875 0.2046875 0.51875 0.2 0.49375 0.1953125 0.4984375 0.19375 0.5078125 0.1953125 0.51875 0.1921875 0.5203125 0.190625 0.5125 0.19375 0.4921875 0.1890625 0.4703125 0.1890625 0.453125 0.1953125 0.434375
1 0.5046875 0.6265625 0.5078125 0.63125 0.5046875 0.64375 0.5078125 0.6578125 0.515625 0.6734375 0.5078125 0.66875 0.5015625 0.671875 0.503125 0.6953125 0.4984375 0.7125 0.5 0.728125 0.4984375 0.73125 0.4921875 0.7296875 0.49375 0.7125 0.4921875 0.7109375 0.4828125 0.7125 0.4828125 0.709375 0.4875 0.7 0.490625 0.6984375 0.4921875 0.6890625 0.490625 0.6484375 0.4953125 0.6375 0.5 0.634375 0.5 0.628125 0.503125 0.6265625
1 0.3046875 0.628125 0.309375 0.6359375 0.309375 0.640625 0.303125 0.65 0.3015625 0.6640625 0.303125 0.678125 0.3015625 0.6984375 0.303125 0.7 0.303125 0.71875 0.30625 0.7265625 0.3 0.725 0.296875 0.71875 0.296875 0.7 0.29375 0.6828125 0.290625 0.678125 0.290625 0.6609375 0.2921875 0.659375 0.290625 0.65625 0.303125 0.6296875
1 0.4328125 0.5765625 0.4375 0.5765625 0.4390625 0.584375 0.453125 0.5953125 0.453125 0.5984375 0.446875 0.5953125 0.44375 0.596875 0.44375 0.609375 0.4484375 0.6234375 0.459375 0.634375 0.4546875 0.665625 0.4515625 0.6625 0.453125 0.6375 0.4453125 0.6359375 0.440625 0.640625 0.4375 0.653125 0.4328125 0.65625 0.4265625 0.6703125 0.4234375 0.671875 0.421875 0.66875 0.421875 0.6640625 0.428125 0.65625 0.428125 0.6515625 0.4328125 0.6484375 0.4359375 0.6375 0.434375 0.6125 0.43125 0.6078125 0.4328125 0.578125
1 0.325 0.5359375 0.328125 0.540625 0.328125 0.5484375 0.33125 0.5515625 0.3296875 0.5640625 0.334375 0.571875 0.3296875 0.5796875 0.3296875 0.5875 0.3328125 0.59375 0.3296875 0.60625 0.33125 0.621875 0.3296875 0.6234375 0.325 0.6203125 0.3265625 0.6078125 0.325 0.5921875 0.3203125 0.5921875 0.309375 0.60625 0.3046875 0.621875 0.3015625 0.61875 0.303125 0.6171875 0.3015625 0.6109375 0.3078125 0.603125 0.3109375 0.5921875 0.3140625 0.590625 0.315625 0.5859375 0.3171875 0.5734375 0.3140625 0.55625 0.31875 0.5515625 0.31875 0.546875 0.325 0.5375
1 0.1734375 0.53125 0.178125 0.5375 0.1796875 0.5734375 0.1828125 0.5765625 0.1828125 0.5953125 0.1875 0.6171875 0.1921875 0.621875 0.1921875 0.625 0.190625 0.6265625 0.1859375 0.625 0.18125 0.60625 0.178125 0.6046875 0.175 0.6171875 0.178125 0.6203125 0.178125 0.6265625 0.1765625 0.628125 0.1734375 0.6265625 0.16875 0.55625 0.1671875 0.5546875 0.171875 0.540625 0.171875 0.5328125
2 0.0828125 0.56875 0.0859375 0.5703125 0.0890625 0.5796875 0.0859375 0.5859375 0.0859375 0.6078125 0.084375 0.609375 0.0859375 0.621875 0.0859375 0.6390625 0.084375 0.640625 0.0890625 0.665625 0.0875 0.6671875 0.084375 0.665625 0.08125 0.6515625 0.0734375 0.653125 0.078125 0.6375 0.078125 0.6296875 0.071875 0.6140625 0.071875 0.5984375 0.0734375 0.5875 0.0796875 0.578125 0.08125 0.5703125