0 0.7828125 0.49375 0.784375 0.4984375 0.7828125 0.5015625 0.7796875 0.5015625 0.778125 0.4984375 0.778125 0.4953125 0.78125 0.49375
1 0.259375 0.7390625 0.2625 0.7421875 0.2625 0.7484375 0.265625 0.7515625 0.265625 0.7578125 0.26875 0.7625 0.26875 0.771875 0.265625 0.775 0.2640625 0.7859375 0.2640625 0.8140625 0.271875 0.834375 0.271875 0.84375 0.26875 0.8421875 0.26875 0.8375 0.2609375 0.8234375 0.2578125 0.8265625 0.2546875 0.8390625 0.2515625 0.8375 0.2546875 0.8203125 0.2546875 0.8 0.2515625 0.7890625 0.2515625 0.778125 0.246875 0.7734375 0.246875 0.765625 0.2515625 0.753125 0.25625 0.7484375 0.2578125 0.740625
1 0.271875 0.6109375 0.2734375 0.6125 0.271875 0.6140625 0.271875 0.6359375 0.2765625 0.6515625 0.271875 0.6625 0.2703125 0.6734375 0.2640625 0.6734375 0.2609375 0.6703125 0.2578125 0.653125 0.259375 0.634375 0.265625 0.621875 0.2671875 0.6125 0.2703125 0.6109375
1 0.64375 0.7453125 0.6453125 0.74375 0.64375 0.671875 0.6453125 0.65625 0.6484375 0.6546875 0.659375 0.678125 0.659375 0.696875 0.6578125 0.6984375 0.659375 0.740625 0.65625 0.7453125 0.6515625 0.728125 0.6484375 0.740625 0.65 0.74375 0.646875 0.7484375 0.6453125 0.746875
1 0.578125 0.725 0.5828125 0.7265625 0.5828125 0.734375 0.5875 0.7375 0.590625 0.7546875 0.596875 0.76875 0.596875 0.775 0.59375 0.7734375 0.5921875 0.7671875 0.5890625 0.76875 0.5875 0.7734375 0.5875 0.7984375 0.590625 0.8078125 0.590625 0.8234375 0.5859375 0.825 0.5859375 0.809375 0.58125 0.803125 0.5765625 0.81875 0.5734375 0.821875 0.571875 0.81875 0.578125 0.790625 0.578125 0.771875 0.5765625 0.7703125 0.578125 0.7265625
1 0.490625 0.5765625 0.4921875 0.5796875 0.490625 0.584375 0.4921875 0.6609375 0.4859375 0.659375 0.484375 0.653125 0.484375 0.6140625 0.4828125 0.6125 0.484375 0.59375 0.4875 0.5859375 0.4875 0.578125 0.4890625 0.578125
1 0.25625 0.6375 0.2578125 0.6390625 0.25625 0.64375 0.2578125 0.6625 0.2546875 0.6734375 0.2546875 0.684375 0.2515625 0.690625 0.2515625 0.7078125 0.25 0.709375 0.2515625 0.734375 0.240625 0.7296875 0.2390625 0.7203125 0.2421875 0.7046875 0.24375 0.65625 0.25 0.6453125 0.25 0.640625 0.2546875 0.6375
1 0.3453125 0.5796875 0.35 0.58125 0.3484375 0.6140625 0.3515625 0.61875 0.3515625 0.6234375 0.3453125 0.625 0.3390625 0.615625 0.340625 0.5953125 0.3453125 0.58125
1 0.746875 0.4234375 0.7515625 0.434375 0.7515625 0.4484375 0.7453125 0.484375 0.740625 0.484375 0.740625 0.4375 0.7390625 0.4359375 0.740625 0.425 0.7453125 0.4234375
1 0.2921875 0.61875 0.29375 0.634375 0.296875 0.6390625 0.296875 0.6578125 0.2953125 0.659375 0.296875 0.709375 0.29375 0.7078125 0.2921875 0.6859375 0.2890625 0.68125 0.2859375 0.69375 0.2859375 0.70625 0.2828125 0.703125 0.284375 0.69375 0.2828125 0.6375 0.2890625 0.628125 0.290625 0.6203125
1 0.26875 0.6734375 0.271875 0.675 0.2734375 0.6859375 0.26875 0.69375 0.2703125 0.7390625 0.26875 0.7484375 0.265625 0.753125 0.2625 0.7484375 0.2625 0.740625 0.2578125 0.7359375 0.2578125 0.7125 0.253125 0.6984375 0.253125 0.690625 0.259375 0.6796875 0.259375 0.671875 0.2625 0.6703125 0.2640625 0.6734375 0.2671875 0.6734375
1 0.396875 0.55625 0.3984375 0.5578125 0.3984375 0.6015625 0.4 0.603125 0.3984375 0.6046875 0.3984375 0.6359375 0.4 0.6375 0.39375 0.6390625 0.3890625 0.634375 0.3890625 0.575 0.39375 0.5578125 0.3953125 0.5578125
1 0.215625 0.6546875 0.215625 0.66875 0.2203125 0.6796875 0.215625 0.6953125 0.2171875 0.7 0.2171875 0.7515625 0.2140625 0.7515625 0.209375 0.746875 0.20625 0.7515625 0.2046875 0.7484375 0.2046875 0.73125 0.20625 0.7296875 0.2046875 0.690625 0.209375 0.6609375 0.2109375 0.65625 0.2140625 0.6546875
1 0.7515625 0.6625 0.7421875 0.6578125 0.74375 0.5953125 0.746875 0.5859375 0.746875 0.5765625 0.7484375 0.575 0.7515625 0.5765625 0.7515625 0.584375 0.75625 0.590625 0.753125 0.6609375
1 0.2203125 0.7421875 0.21875 0.7078125 0.2171875 0.70625 0.2171875 0.6890625 0.2203125 0.684375 0.2171875 0.66875 0.2171875 0.6515625 0.21875 0.65 0.2234375 0.65 0.2234375 0.6703125 0.221875 0.671875 0.2234375 0.6734375 0.221875 0.6875 0.2234375 0.734375 0.228125 0.740625 0.225 0.74375 0.221875 0.7421875
1 0.3171875 0.6015625 0.321875 0.6375 0.3171875 0.6953125 0.3109375 0.690625 0.309375 0.6859375 0.3109375 0.61875 0.3140625 0.6109375 0.3140625 0.603125 0.315625 0.603125
1 0.20625 0.5671875 0.209375 0.5734375 0.20625 0.58125 0.203125 0.6078125 0.2 0.6125 0.2015625 0.615625 0.2 0.63125 0.2015625 0.6515625 0.1984375 0.653125 0.19375 0.6484375 0.19375 0.6203125 0.190625 0.6109375 0.190625 0.5984375 0.2046875 0.56875
1 0.5984375 0.46875 0.6 0.4703125 0.5984375 0.540625 0.6015625 0.546875 0.596875 0.5484375 0.5921875 0.54375 0.5921875 0.4875 0.596875 0.4703125
1 0.3296875 0.625 0.3359375 0.6265625 0.3328125 0.659375 0.3328125 0.6875 0.33125 0.6890625 0.3328125 0.6984375 0.33125 0.70625 0.33125 0.6890625 0.328125 0.6859375 0.3234375 0.6953125 0.3234375 0.709375 0.31875 0.7046875 0.31875 0.6921875 0.3234375 0.6796875 0.3234375 0.65 0.3296875 0.6265625
1 0.3328125 0.675 0.334375 0.6734375 0.334375 0.6359375 0.3375 0.6296875 0.3375 0.6234375 0.3421875 0.6203125 0.346875 0.6375 0.3453125 0.6625 0.3484375 0.6703125 0.3453125 0.675 0.3453125 0.6859375 0.3484375 0.70625 0.3453125 0.709375 0.34375 0.6953125 0.340625 0.69375 0.3375 0.7 0.3375 0.7078125 0.3359375 0.709375 0.3328125 0.7078125 0.334375 0.6765625
2 0.66875 0.5953125 0.671875 0.5953125 0.675 0.6 0.6796875 0.621875 0.6796875 0.6359375 0.675 0.6546875 0.6765625 0.6859375 0.671875 0.684375 0.671875 0.665625 0.66875 0.6453125 0.66875 0.596875