0 0.590625 0.2875 0.5921875 0.2953125 0.5875 0.296875 0.5875 0.2890625 0.5890625 0.2890625
1 0.7375 0.3578125 0.746875 0.38125 0.746875 0.3859375 0.7421875 0.39375 0.740625 0.40625 0.7390625 0.421875 0.740625 0.434375 0.7375 0.4359375 0.7359375 0.4328125 0.7328125 0.4109375 0.73125 0.3765625 0.7359375 0.3671875 0.7359375 0.359375
1 0.678125 0.2296875 0.68125 0.2296875 0.6890625 0.2453125 0.6859375 0.2625 0.6875 0.2734375 0.68125 0.278125 0.678125 0.2703125 0.6796875 0.2578125 0.678125 0.23125
1 0.50625 0.2375 0.5078125 0.23125 0.50625 0.2 0.509375 0.190625 0.5125 0.19375 0.515625 0.2328125 0.5140625 0.2359375 0.5078125 0.2375
1 0.4140625 0.2515625 0.4171875 0.253125 0.4171875 0.2703125 0.421875 0.275 0.41875 0.2796875 0.4171875 0.3015625 0.4140625 0.3 0.4125 0.2953125 0.4140625 0.2875 0.4109375 0.2859375 0.4046875 0.2921875 0.396875 0.30625 0.396875 0.2984375 0.4046875 0.2859375 0.40625 0.275 0.4140625 0.253125
1 0.5703125 0.365625 0.5734375 0.3703125 0.571875 0.375 0.5765625 0.3984375 0.575 0.4109375 0.58125 0.4359375 0.5765625 0.4375 0.5734375 0.41875 0.5703125 0.415625 0.55625 0.4359375 0.55625 0.425 0.5640625 0.4140625 0.5640625 0.384375 0.5703125 0.3671875
1 0.521875 0.23125 0.5265625 0.23125 0.528125 0.234375 0.528125 0.275 0.5265625 0.275 0.525 0.2671875 0.521875 0.2640625 0.51875 0.265625 0.521875 0.2328125
1 0.265625 0.365625 0.2640625 0.359375 0.2703125 0.34375 0.26875 0.3109375 0.275 0.2984375 0.2765625 0.2984375 0.2765625 0.3078125 0.2796875 0.31875 0.2796875 0.3484375 0.278125 0.35 0.2796875 0.3609375 0.275 0.3609375 0.271875 0.35625 0.2671875 0.365625
1 0.24375 0.290625 0.24375 0.2859375 0.2515625 0.2765625 0.2515625 0.2453125 0.2546875 0.2359375 0.2578125 0.2375 0.2578125 0.2609375 0.2609375 0.275 0.2609375 0.290625 0.2640625 0.296875 0.2625 0.2984375 0.2578125 0.296875 0.2578125 0.284375 0.2546875 0.2796875 0.2453125 0.290625
1 0.115625 0.578125 0.115625 0.565625 0.11875 0.5578125 0.11875 0.540625 0.115625 0.534375 0.115625 0.5265625 0.1109375 0.5109375 0.11875 0.4859375 0.121875 0.4875 0.121875 0.4921875 0.1296875 0.50625 0.125 0.5375 0.125 0.5578125 0.1296875 0.5671875 0.1265625 0.571875 0.1203125 0.571875 0.1171875 0.578125
1 0.459375 0.625 0.4625 0.625 0.4640625 0.634375 0.4703125 0.6453125 0.471875 0.6859375 0.478125 0.7 0.478125 0.7171875 0.4734375 0.71875 0.471875 0.703125 0.4625 0.6921875 0.4609375 0.6734375 0.45625 0.6578125 0.459375 0.6265625
1 0.271875 0.40625 0.275 0.40625 0.275 0.4140625 0.28125 0.43125 0.278125 0.4703125 0.275 0.475 0.271875 0.4734375 0.2703125 0.440625 0.265625 0.4328125 0.265625 0.428125 0.271875 0.4140625 0.271875 0.4078125
1 0.303125 0.23125 0.30625 0.2328125 0.30625 0.2484375 0.3078125 0.25 0.30625 0.290625 0.3015625 0.29375 0.2984375 0.2921875 0.3 0.2421875 0.303125 0.2328125
1 0.084375 0.353125 0.0890625 0.3578125 0.0890625 0.3640625 0.09375 0.3734375 0.09375 0.4078125 0.0875 0.4265625 0.0875 0.4359375 0.084375 0.4359375 0.0875 0.403125 0.0796875 0.3828125 0.0796875 0.3734375 0.084375 0.3546875
1 0.5765625 0.2953125 0.5734375 0.2890625 0.5703125 0.2875 0.56875 0.2984375 0.5671875 0.303125 0.565625 0.3015625 0.565625 0.28125 0.5625 0.2703125 0.5625 0.253125 0.565625 0.24375 0.56875 0.2421875 0.56875 0.2609375 0.578125 0.29375
1 0.334375 0.290625 0.3375 0.3 0.340625 0.3609375 0.3359375 0.3609375 0.334375 0.3578125 0.334375 0.34375 0.33125 0.340625 0.325 0.359375 0.321875 0.35625 0.321875 0.3515625 0.3296875 0.3328125 0.3296875 0.3046875 0.334375 0.2921875
1 0.8203125 0.5234375 0.825 0.5359375 0.8296875 0.540625 0.8328125 0.553125 0.8328125 0.5671875 0.828125 0.571875 0.825 0.58125 0.825 0.615625 0.821875 0.61875 0.81875 0.6171875 0.8171875 0.5734375 0.8125 0.5609375 0.8140625 0.546875 0.81875 0.5359375 0.8171875 0.528125 0.81875 0.525
1 0.4671875 0.2015625 0.4703125 0.2234375 0.4734375 0.228125 0.4734375 0.234375 0.4765625 0.2375 0.4765625 0.24375 0.46875 0.240625 0.4640625 0.2265625 0.4640625 0.209375 0.4671875 0.203125
1 0.0875 0.3515625 0.0921875 0.3453125 0.0921875 0.3140625 0.0953125 0.3078125 0.0953125 0.3 0.0984375 0.2984375 0.1046875 0.3640625 0.1015625 0.3671875 0.1 0.3546875 0.096875 0.3515625 0.090625 0.3546875 0.0890625 0.353125
1 0.61875 0.2640625 0.6140625 0.2203125 0.6171875 0.2078125 0.6203125 0.20625 0.6234375 0.2171875 0.6234375 0.2515625 0.6203125 0.2625
1 0.746875 0.221875 0.7515625 0.225 0.7546875 0.234375 0.7546875 0.246875 0.7515625 0.2546875 0.7515625 0.271875 0.75 0.2640625 0.7453125 0.25625 0.734375 0.26875 0.734375 0.2625 0.7421875 0.246875 0.74375 0.228125 0.746875 0.2234375
2 0.4234375 0.409375 0.421875 0.378125 0.4171875 0.3640625 0.4171875 0.3515625 0.4234375 0.3375 0.425 0.3375 0.428125 0.3484375 0.4328125 0.3875 0.43125 0.3953125 0.4328125 0.4109375 0.425 0.409375
2 0.26875 0.1625 0.2734375 0.171875 0.275 0.196875 0.2796875 0.2046875 0.2796875 0.2125 0.2734375 0.203125 0.26875 0.2046875 0.2671875 0.209375 0.26875 0.2125 0.265625 0.2125 0.265625 0.175 0.26875 0.1640625