0 0.7386458333333333 0.5146759259259259 0.003541666666666643 0.006435185185185333
1 0.2984375 0.7859375 0.3 0.7890625 0.2984375 0.79375 0.296875 0.7953125 0.2921875 0.79375 0.2875 0.771875 0.2828125 0.765625 0.278125 0.7703125 0.2671875 0.7921875 0.2640625 0.790625 0.265625 0.78125 0.275 0.765625 0.2734375 0.7359375 0.2703125 0.73125 0.26875 0.7203125 0.2734375 0.7078125 0.2734375 0.7 0.2765625 0.696875 0.2796875 0.7015625 0.28125 0.71875 0.2859375 0.725 0.284375 0.74375 0.2890625 0.75 0.290625 0.7703125 0.29375 0.7734375 0.29375 0.78125 0.296875 0.7859375
1 0.559375 0.4171875 0.5609375 0.4421875 0.565625 0.45 0.5625 0.471875 0.5640625 0.475 0.5609375 0.48125 0.5609375 0.4953125 0.55625 0.49375 0.5578125 0.4734375 0.553125 0.4484375 0.5546875 0.41875 0.5578125 0.4171875
1 0.6171875 0.459375 0.621875 0.4609375 0.6234375 0.471875 0.6328125 0.4890625 0.625 0.4953125 0.625 0.5296875 0.6234375 0.54375 0.6203125 0.54375 0.6171875 0.5328125 0.61875 0.525 0.6171875 0.5046875 0.615625 0.496875 0.6109375 0.4890625 0.6109375 0.48125 0.6171875 0.4609375
1 0.4828125 0.4109375 0.484375 0.4125 0.4828125 0.4265625 0.484375 0.434375 0.48125 0.440625 0.48125 0.453125 0.484375 0.4609375 0.4796875 0.475 0.48125 0.478125 0.4765625 0.475 0.478125 0.46875 0.4765625 0.459375 0.4703125 0.4640625 0.46875 0.4703125 0.4640625 0.475 0.4640625 0.4796875 0.4625 0.48125 0.4609375 0.478125 0.465625 0.4625 0.46875 0.459375 0.4703125 0.4421875 0.475 0.434375 0.475 0.428125 0.48125 0.4125
1 0.49963541666666667 0.5296238425925927 0.023333333333333338 0.08153356481481486
1 0.540625 0.5515625 0.54375 0.5515625 0.54375 0.559375 0.55 0.5703125 0.5484375 0.5859375 0.5515625 0.590625 0.5515625 0.603125 0.553125 0.6109375 0.559375 0.61875 0.55625 0.6234375 0.553125 0.621875 0.5484375 0.6109375 0.5484375 0.6046875 0.54375 0.6015625 0.5375 0.609375 0.5375 0.6125 0.5328125 0.6140625 0.540625 0.59375 0.5375 0.5671875 0.540625 0.553125
1 0.540625 0.46875 0.5453125 0.46875 0.546875 0.4734375 0.5453125 0.4875 0.5484375 0.5078125 0.546875 0.534375 0.55 0.54375 0.55 0.553125 0.54375 0.5515625 0.5421875 0.54375 0.54375 0.53125 0.5421875 0.521875 0.5390625 0.51875 0.5390625 0.5046875 0.5359375 0.496875 0.5359375 0.4828125 0.540625 0.4765625 0.540625 0.4703125
1 0.2671875 0.3875 0.271875 0.3890625 0.271875 0.39375 0.275 0.396875 0.275 0.4078125 0.278125 0.41875 0.278125 0.434375 0.2734375 0.4421875 0.271875 0.453125 0.26875 0.4546875 0.2671875 0.4515625 0.26875 0.446875 0.2671875 0.440625 0.2703125 0.4359375 0.2703125 0.4203125 0.265625 0.409375 0.2671875 0.3890625
1 0.725 0.459375 0.7296875 0.4640625 0.7328125 0.4984375 0.7390625 0.5171875 0.7390625 0.5296875 0.7359375 0.5296875 0.7328125 0.515625 0.7296875 0.5125 0.728125 0.5140625 0.728125 0.5375 0.725 0.5328125 0.725 0.5140625 0.7203125 0.5078125 0.7203125 0.4890625 0.715625 0.4828125 0.715625 0.4734375 0.7234375 0.465625 0.725 0.4609375
1 0.240625 0.5109375 0.24375 0.5328125 0.25 0.5421875 0.2484375 0.5546875 0.2515625 0.5625 0.2515625 0.578125 0.246875 0.596875 0.240625 0.5953125 0.240625 0.5640625 0.2375 0.5609375 0.2375 0.540625 0.2359375 0.5390625 0.2359375 0.5203125 0.2375 0.51875 0.2359375 0.5125 0.2390625 0.5109375
1 0.65 0.409375 0.6546875 0.4125 0.659375 0.421875 0.6625 0.44375 0.6609375 0.4484375 0.6640625 0.453125 0.6609375 0.45625 0.6546875 0.446875 0.65 0.4515625 0.65 0.4625 0.646875 0.4625 0.6453125 0.459375 0.646875 0.4453125 0.64375 0.4375 0.6453125 0.421875 0.64375 0.4203125 0.65 0.4109375
1 0.2015625 0.3765625 0.20625 0.38125 0.20625 0.390625 0.2109375 0.4 0.209375 0.4015625 0.2109375 0.425 0.2078125 0.4390625 0.2046875 0.440625 0.2 0.4359375 0.203125 0.4265625 0.2 0.409375 0.2015625 0.378125
2 0.2828125 0.4984375 0.2828125 0.5078125 0.2875 0.51875 0.2875 0.534375 0.290625 0.553125 0.2984375 0.575 0.2984375 0.58125 0.29375 0.5796875 0.29375 0.571875 0.290625 0.56875 0.290625 0.5640625 0.2859375 0.5609375 0.278125 0.575 0.2765625 0.5828125 0.278125 0.584375 0.275 0.5828125 0.275 0.575 0.2796875 0.5625 0.28125 0.5484375 0.2796875 0.5375 0.2765625 0.5328125 0.275 0.5109375 0.278125 0.50625 0.278125 0.5 0.28125 0.4984375