1 0.7234375 0.44375 0.7265625 0.45625 0.7265625 0.4671875 0.7203125 0.5015625 0.7234375 0.50625 0.725 0.515625 0.7171875 0.5234375 0.7140625 0.521875 0.715625 0.5140625 0.7125 0.5078125 0.7125 0.4875 0.7171875 0.4734375 0.71875 0.4453125 0.721875 0.44375
1 0.6328125 0.35 0.634375 0.35 0.6359375 0.3625 0.634375 0.3984375 0.6296875 0.3984375 0.6265625 0.3921875 0.61875 0.4046875 0.61875 0.3984375 0.6265625 0.3796875 0.6265625 0.3625 0.6328125 0.3515625
1 0.51875 0.45 0.525 0.465625 0.5265625 0.4765625 0.525 0.4921875 0.51875 0.5015625 0.5171875 0.5109375 0.51875 0.5125 0.51875 0.528125 0.5140625 0.5296875 0.5140625 0.5203125 0.5109375 0.5140625 0.503125 0.5203125 0.4984375 0.5171875 0.4984375 0.5125 0.503125 0.5125 0.509375 0.5046875 0.5125 0.4921875 0.5109375 0.4828125 0.515625 0.475 0.5171875 0.4515625
1 0.521875 0.375 0.528125 0.3953125 0.528125 0.4078125 0.5203125 0.425 0.5203125 0.44375 0.51875 0.4453125 0.5171875 0.44375 0.5125 0.4234375 0.5125 0.4125 0.515625 0.4078125 0.515625 0.4 0.5140625 0.3984375 0.50625 0.4 0.5078125 0.39375 0.515625 0.3859375 0.5203125 0.3765625
1 0.734375 0.5515625 0.7375 0.553125 0.7375 0.559375 0.7421875 0.5703125 0.7421875 0.58125 0.7375 0.5875 0.7328125 0.60625 0.7328125 0.615625 0.740625 0.6265625 0.7390625 0.634375 0.7375 0.6359375 0.734375 0.6328125 0.7296875 0.6234375 0.7234375 0.6265625 0.721875 0.6359375 0.715625 0.634375 0.721875 0.6171875 0.7234375 0.6 0.7265625 0.5921875 0.7265625 0.5765625 0.73125 0.5671875 0.7328125 0.553125
1 0.9421875 0.3765625 0.9453125 0.378125 0.9484375 0.390625 0.946875 0.44375 0.9453125 0.4453125 0.9421875 0.44375 0.94375 0.4375 0.9359375 0.4234375 0.9421875 0.378125
1 0.9390625 0.328125 0.9453125 0.340625 0.9453125 0.3609375 0.9421875 0.38125 0.9328125 0.3875 0.9328125 0.3765625 0.9375 0.353125 0.9375 0.3296875
1 0.3828125 0.525 0.384375 0.4953125 0.38125 0.4828125 0.38125 0.4625 0.3859375 0.45 0.3890625 0.4546875 0.390625 0.465625 0.3921875 0.5109375 0.39375 0.5125 0.3921875 0.515625 0.3953125 0.53125 0.390625 0.53125 0.384375 0.525
1 0.3984375 0.4453125 0.4046875 0.4578125 0.4109375 0.4546875 0.4125 0.45625 0.4109375 0.4609375 0.40625 0.4625 0.403125 0.4671875 0.4046875 0.4734375 0.4171875 0.4859375 0.4171875 0.490625 0.4140625 0.4921875 0.409375 0.4859375 0.4046875 0.4859375 0.4015625 0.4890625 0.4015625 0.50625 0.403125 0.5078125 0.4015625 0.5140625 0.3984375 0.5125 0.3984375 0.5015625 0.3953125 0.4984375 0.3921875 0.484375 0.390625 0.4578125 0.3921875 0.45 0.396875 0.4453125
1 0.2890625 0.4859375 0.29375 0.5140625 0.2890625 0.525 0.2828125 0.5609375 0.2734375 0.5609375 0.2734375 0.54375 0.275 0.5421875 0.2734375 0.503125 0.278125 0.49375 0.2875 0.4859375
1 0.70625 0.615625 0.709375 0.6203125 0.7109375 0.6296875 0.70625 0.671875 0.7125 0.684375 0.709375 0.684375 0.7015625 0.6734375 0.696875 0.6734375 0.6921875 0.6890625 0.6890625 0.6921875 0.6828125 0.690625 0.6828125 0.6859375 0.6875 0.6828125 0.690625 0.6765625 0.7 0.65 0.7 0.6375 0.7046875 0.6171875
2 0.853125 0.4984375 0.8578125 0.5 0.8609375 0.5109375 0.8609375 0.534375 0.8578125 0.55 0.859375 0.5546875 0.86875 0.5625 0.86875 0.565625 0.865625 0.565625 0.8578125 0.5609375 0.8484375 0.5609375 0.8421875 0.578125 0.8390625 0.578125 0.8484375 0.5453125 0.85 0.515625 0.853125 0.509375 0.853125 0.5
1 0.834375 0.8234375 0.8359375 0.8375 0.8421875 0.85 0.84375 0.8625 0.8359375 0.878125 0.8359375 0.8828125 0.828125 0.89375 0.8296875 0.9203125 0.828125 0.921875 0.8234375 0.9125 0.8203125 0.9109375 0.8140625 0.934375 0.809375 0.934375 0.8078125 0.928125 0.8109375 0.9234375 0.8171875 0.8875 0.8203125 0.88125 0.8234375 0.8484375 0.8296875 0.8390625 0.8296875 0.825 0.8328125 0.8234375