1 0.8078125 0.43125 0.8109375 0.43125 0.81875 0.45 0.81875 0.4546875 0.8140625 0.4625 0.815625 0.4953125 0.8140625 0.5015625 0.8109375 0.503125 0.8046875 0.4609375 0.8015625 0.453125 0.8078125 0.4328125
1 0.7578125 0.2234375 0.7609375 0.225 0.7640625 0.2453125 0.7703125 0.2609375 0.7703125 0.2640625 0.7671875 0.265625 0.7671875 0.2625 0.759375 0.25625 0.7578125 0.225
1 0.7265625 0.4671875 0.7203125 0.453125 0.7203125 0.4125 0.7234375 0.396875 0.7265625 0.3984375 0.7296875 0.4140625 0.728125 0.4671875
1 0.7515625 0.5578125 0.7546875 0.5578125 0.7609375 0.575 0.7609375 0.5890625 0.753125 0.6171875 0.7546875 0.628125 0.7515625 0.6390625 0.7484375 0.6375 0.7484375 0.621875 0.7453125 0.6046875 0.746875 0.603125 0.746875 0.575 0.7515625 0.559375
1 0.70625 0.640625 0.709375 0.640625 0.7109375 0.64375 0.7109375 0.6515625 0.7171875 0.6640625 0.7171875 0.6734375 0.7125 0.6828125 0.7125 0.7125 0.70625 0.7234375 0.703125 0.7234375 0.703125 0.7078125 0.7015625 0.70625 0.703125 0.68125 0.7015625 0.675 0.6984375 0.6734375 0.6984375 0.6671875 0.70625 0.6484375 0.70625 0.6421875
1 0.9734375 0.2921875 0.9796875 0.3015625 0.984375 0.3328125 0.984375 0.3453125 0.9734375 0.334375 0.971875 0.328125 0.9734375 0.29375
1 0.775 0.8609375 0.778125 0.8671875 0.778125 0.8734375 0.78125 0.875 0.784375 0.8828125 0.78125 0.934375 0.7890625 0.9609375 0.7859375 0.965625 0.7828125 0.953125 0.778125 0.9484375 0.7765625 0.95 0.778125 0.9671875 0.7734375 0.9671875 0.7703125 0.9640625 0.7703125 0.959375 0.7734375 0.95625 0.7734375 0.9375 0.76875 0.9234375 0.76875 0.88125 0.771875 0.8765625 0.7703125 0.8625 0.7734375 0.8609375
1 0.2515625 0.45625 0.25625 0.475 0.25625 0.4859375 0.2515625 0.503125 0.2515625 0.5203125 0.25 0.521875 0.2515625 0.53125 0.246875 0.5359375 0.24375 0.534375 0.246875 0.5078125 0.24375 0.4984375 0.24375 0.4890625 0.240625 0.4828125 0.240625 0.4765625 0.25 0.4578125
1 0.384375 0.38046875 0.01640625 0.0609375
1 0.325 0.58125 0.334375 0.6 0.334375 0.6109375 0.3296875 0.615625 0.3265625 0.6359375 0.3265625 0.6484375 0.3296875 0.6546875 0.325 0.6546875 0.3203125 0.6515625 0.3140625 0.6609375 0.3125 0.6578125 0.3125 0.653125 0.3203125 0.6421875 0.3171875 0.6 0.3234375 0.5828125
1 0.9109375 0.5984375 0.9171875 0.6125 0.9171875 0.63125 0.9125 0.6609375 0.9140625 0.671875 0.9125 0.6921875 0.9078125 0.690625 0.9078125 0.675 0.903125 0.665625 0.9 0.6515625 0.9046875 0.6375 0.90625 0.6109375 0.909375 0.60625 0.909375 0.6
1 0.6296875 0.3671875 0.6375 0.3765625 0.6421875 0.3890625 0.6421875 0.3984375 0.65 0.40625 0.65 0.4109375 0.640625 0.4109375 0.6390625 0.4203125 0.6359375 0.421875 0.628125 0.36875
1 0.584375 0.5515625 0.584375 0.5203125 0.58125 0.5078125 0.5875 0.475 0.590625 0.4765625 0.590625 0.4828125 0.596875 0.49375 0.596875 0.5078125 0.5921875 0.528125 0.5921875 0.55 0.5859375 0.5515625
1 0.08125 0.321875 0.0890625 0.3421875 0.084375 0.3765625 0.0859375 0.3859375 0.0828125 0.3875 0.0796875 0.3859375 0.078125 0.3625 0.0734375 0.353125 0.0734375 0.3375 0.0796875 0.3234375
0 0.36875 0.515625 0.00703125 0.0125
2 0.828125 0.51875 0.83125 0.5015625 0.83125 0.4828125 0.8265625 0.478125 0.8265625 0.475 0.83125 0.4703125 0.83125 0.4640625 0.834375 0.459375 0.8328125 0.4515625 0.8359375 0.45 0.8421875 0.4625 0.840625 0.5296875 0.8390625 0.5296875 0.8390625 0.5140625 0.834375 0.503125 0.83125 0.5125 0.83125 0.521875 0.8296875 0.5203125