1 0.69375 0.4609375 0.6921875 0.415625 0.696875 0.4 0.6984375 0.4 0.6984375 0.40625 0.7015625 0.4125 0.7015625 0.4203125 0.696875 0.4359375 0.696875 0.4609375 0.6953125 0.4609375
1 0.7234375 0.396875 0.7265625 0.396875 0.7296875 0.409375 0.728125 0.4296875 0.734375 0.45 0.73125 0.4546875 0.73125 0.45 0.7265625 0.440625 0.7203125 0.4390625 0.71875 0.4359375 0.721875 0.425 0.721875 0.4 0.7234375 0.3984375
2 0.640625 0.6 0.64375 0.6125 0.6421875 0.6171875 0.64375 0.65625 0.646875 0.6734375 0.64375 0.6734375 0.640625 0.6515625 0.6375 0.6484375 0.634375 0.6515625 0.63125 0.671875 0.63125 0.6390625 0.6328125 0.6375 0.63125 0.6109375 0.6359375 0.6015625 0.6390625 0.6
1 0.6203125 0.428125 0.6234375 0.428125 0.628125 0.4359375 0.628125 0.4578125 0.6265625 0.459375 0.628125 0.4734375 0.6234375 0.478125 0.621875 0.471875 0.6234375 0.4671875 0.6203125 0.4609375 0.621875 0.446875 0.6171875 0.4375 0.6203125 0.4296875
1 0.4640625 0.59375 0.4671875 0.5953125 0.4703125 0.6046875 0.46875 0.6578125 0.4671875 0.659375 0.465625 0.6578125 0.465625 0.6484375 0.4625 0.64375 0.4578125 0.6484375 0.45625 0.6578125 0.453125 0.6546875 0.4578125 0.6390625 0.45625 0.6046875 0.4640625 0.5953125
1 0.5078125 0.4859375 0.5125 0.5 0.5125 0.515625 0.5078125 0.534375 0.5078125 0.5484375 0.5046875 0.5484375 0.5015625 0.54375 0.503125 0.525 0.5 0.515625 0.5 0.5 0.50625 0.4875
1 0.70625 0.471875 0.7140625 0.4828125 0.7109375 0.5203125 0.709375 0.5203125 0.7078125 0.5078125 0.7015625 0.496875 0.7015625 0.4859375 0.70625 0.4734375
1 0.6328125 0.4328125 0.6375 0.4359375 0.640625 0.4453125 0.6390625 0.45625 0.640625 0.4984375 0.6328125 0.4953125 0.63125 0.4828125 0.6328125 0.434375
1 0.69375 0.4609375 0.6953125 0.4265625 0.6984375 0.4234375 0.7015625 0.4125 0.70625 0.4171875 0.709375 0.4328125 0.7046875 0.4453125 0.70625 0.4515625 0.7046875 0.4609375 0.703125 0.4625 0.6953125 0.4609375
1 0.5984375 0.4546875 0.6078125 0.4671875 0.60625 0.4859375 0.609375 0.503125 0.609375 0.5140625 0.6078125 0.5140625 0.60625 0.5015625 0.6 0.4953125 0.596875 0.4984375 0.5953125 0.5109375 0.59375 0.5109375 0.5953125 0.4640625 0.5984375 0.45625
1 0.04375 0.5640625 0.046875 0.56875 0.046875 0.5953125 0.0453125 0.596875 0.046875 0.6296875 0.040625 0.6328125 0.034375 0.621875 0.034375 0.596875 0.03125 0.590625 0.03125 0.5828125 0.034375 0.5703125 0.0421875 0.5640625
1 0.2875 0.646875 0.290625 0.646875 0.2953125 0.6734375 0.2953125 0.7046875 0.290625 0.7140625 0.290625 0.7234375 0.2890625 0.725 0.2875 0.7234375 0.2875 0.7171875 0.284375 0.7109375 0.284375 0.684375 0.2828125 0.6828125 0.2828125 0.6671875 0.2875 0.6484375
1 0.0671875 0.625 0.0640625 0.59375 0.065625 0.5828125 0.0625 0.5734375 0.0671875 0.5546875 0.0703125 0.55 0.0765625 0.5625 0.0765625 0.6015625 0.075 0.603125 0.075 0.6234375 0.0703125 0.6265625 0.06875 0.625
1 0.5015625 0.4234375 0.50625 0.43125 0.5046875 0.4796875 0.5015625 0.475 0.496875 0.4828125 0.4953125 0.4828125 0.49375 0.4375 0.496875 0.425 0.5 0.4234375
1 0.1828125 0.775 0.184375 0.803125 0.1875 0.8140625 0.1875 0.8421875 0.1828125 0.853125 0.1828125 0.859375 0.18125 0.8609375 0.178125 0.859375 0.175 0.8640625 0.171875 0.8640625 0.171875 0.8515625 0.1765625 0.8390625 0.175 0.796875 0.178125 0.7859375 0.178125 0.7765625 0.18125 0.775
1 0.025 0.59375 0.03125 0.6 0.03125 0.6171875 0.0328125 0.61875 0.028125 0.646875 0.028125 0.6703125 0.025 0.6734375 0.021875 0.671875 0.021875 0.6484375 0.0171875 0.621875 0.0203125 0.6 0.025 0.5953125
1 0.3734375 0.6328125 0.3765625 0.634375 0.375 0.646875 0.3765625 0.6546875 0.371875 0.696875 0.3734375 0.70625 0.3703125 0.70625 0.36875 0.703125 0.3671875 0.6875 0.365625 0.6859375 0.35625 0.6875 0.365625 0.678125 0.365625 0.65625 0.371875 0.6421875 0.371875 0.634375
1 0.4390625 0.5390625 0.44375 0.55 0.44375 0.5890625 0.4453125 0.5984375 0.4484375 0.6015625 0.4484375 0.60625 0.4453125 0.60625 0.4421875 0.5953125 0.4390625 0.5921875 0.4359375 0.5953125 0.4359375 0.6 0.434375 0.6015625 0.4328125 0.5984375 0.4375 0.584375 0.434375 0.5546875 0.4390625 0.540625
1 0.0078125 0.5796875 0.0125 0.5890625 0.0125 0.6046875 0.0140625 0.60625 0.0140625 0.634375 0.0109375 0.6390625 0.0109375 0.6578125 0.009375 0.659375 0.00625 0.653125 0.00625 0.64375 0.0015625 0.634375 0.003125 0.6234375 0 0.6140625 0 0.5875 0.003125 0.58125 0.00625 0.5796875
1 0.65546875 0.446875 0.0125 0.05546875
1 0.7125 0.4359375 0.7171875 0.4390625 0.7203125 0.4453125 0.71875 0.4953125 0.715625 0.496875 0.715625 0.4859375 0.7078125 0.4671875 0.7109375 0.4375
1 0.6859375 0.7203125 0.6875 0.6953125 0.6921875 0.6859375 0.6921875 0.65625 0.690625 0.6546875 0.6921875 0.646875 0.703125 0.665625 0.703125 0.6703125 0.70625 0.675 0.70625 0.684375 0.7 0.6890625 0.6953125 0.7046875 0.690625 0.7125 0.690625 0.7203125 0.6890625 0.721875 0.6875 0.7203125
1 0.8765625 0.33125 0.8703125 0.3234375 0.871875 0.315625 0.8703125 0.284375 0.8734375 0.2828125 0.875 0.290625 0.8796875 0.296875 0.8796875 0.3234375 0.8765625 0.3296875
1 0.6140625 0.4375 0.6171875 0.4375 0.6203125 0.44375 0.6203125 0.4734375 0.6234375 0.4875 0.6234375 0.4953125 0.6203125 0.49375 0.6125 0.478125 0.609375 0.465625 0.609375 0.45 0.6140625 0.4390625