0 0.6142708328125 0.6375 0.6146817125 0.6291666671875 0.6090895062499999 0.6263888890625 0.6088020828125 0.6375 0.6142708328125 0.6375
1 0.6359375 0.525 0.6484375 0.5453125 0.6515625 0.5734375 0.6625 0.5796875 0.6625 0.5859375 0.6609375 0.5875 0.6578125 0.5828125 0.65 0.58125 0.646875 0.584375 0.6484375 0.596875 0.64375 0.5984375 0.64375 0.5859375 0.6390625 0.575 0.6390625 0.553125 0.6328125 0.540625 0.634375 0.5265625
1 0.634375 0.659375 0.6390625 0.6625 0.646875 0.6765625 0.6484375 0.684375 0.653125 0.6875 0.659375 0.715625 0.6703125 0.728125 0.671875 0.7328125 0.6703125 0.7390625 0.659375 0.7265625 0.65625 0.7265625 0.653125 0.7328125 0.6484375 0.7328125 0.6421875 0.7203125 0.6421875 0.6875 0.6390625 0.6859375 0.6359375 0.678125 0.634375 0.6609375
1 0.4734375 0.3875 0.4796875 0.4046875 0.48125 0.4375 0.484375 0.4484375 0.48125 0.4484375 0.48125 0.4421875 0.475 0.4328125 0.4703125 0.4390625 0.4640625 0.4421875 0.4609375 0.4390625 0.4609375 0.434375 0.46875 0.4296875 0.46875 0.4171875 0.465625 0.403125 0.471875 0.3890625
1 0.628125 0.5546875 0.6359375 0.5671875 0.6359375 0.5734375 0.640625 0.5859375 0.6390625 0.596875 0.6328125 0.6109375 0.634375 0.6234375 0.6375 0.6296875 0.6375 0.6390625 0.634375 0.640625 0.6328125 0.6375 0.634375 0.6359375 0.6328125 0.625 0.625 0.6078125 0.621875 0.6078125 0.61875 0.6125 0.61875 0.61875 0.6140625 0.6296875 0.6140625 0.6375 0.6125 0.6390625 0.609375 0.6375 0.609375 0.625 0.6140625 0.61875 0.6125 0.615625 0.6171875 0.603125 0.625 0.590625 0.6265625 0.55625
1 0.6806597222222222 0.68984375 0.021718749999999964 0.084375
1 0.5015625 0.378125 0.5078125 0.3875 0.5078125 0.403125 0.5109375 0.4203125 0.509375 0.421875 0.50625 0.4203125 0.5 0.4265625 0.4984375 0.434375 0.496875 0.43125 0.5 0.421875 0.5 0.40625 0.496875 0.3890625 0.5 0.3796875
1 0.14375 0.5578125 0.1484375 0.559375 0.1484375 0.578125 0.1515625 0.584375 0.153125 0.6484375 0.15625 0.65 0.1546875 0.653125 0.1484375 0.65 0.1484375 0.63125 0.1453125 0.6234375 0.1421875 0.625 0.1390625 0.634375 0.1375 0.6359375 0.1359375 0.634375 0.140625 0.6171875 0.1359375 0.5796875 0.14375 0.559375
1 0.5359375 0.4703125 0.540625 0.475 0.54375 0.484375 0.540625 0.540625 0.5390625 0.5421875 0.5375 0.540625 0.534375 0.528125 0.534375 0.515625 0.5296875 0.5078125 0.5296875 0.4859375 0.5328125 0.48125 0.534375 0.471875
1 0.5390625 0.4046875 0.5421875 0.4046875 0.5515625 0.4171875 0.5515625 0.4375 0.5546875 0.4421875 0.55625 0.4515625 0.55625 0.4703125 0.553125 0.4625 0.5515625 0.446875 0.5484375 0.4421875 0.54375 0.4453125 0.5390625 0.465625 0.5375 0.4625 0.540625 0.44375 0.5375 0.4234375 0.5390625 0.40625
1 0.671875 0.6 0.6765625 0.6 0.6828125 0.6109375 0.6859375 0.634375 0.6859375 0.6578125 0.678125 0.6484375 0.675 0.6484375 0.671875 0.653125 0.6703125 0.6703125 0.665625 0.66875 0.66875 0.659375 0.6671875 0.64375 0.671875 0.634375 0.6734375 0.6234375 0.671875 0.6015625
1 0.1078125 0.4921875 0.1109375 0.4921875 0.1125 0.4953125 0.1109375 0.5078125 0.1125 0.509375 0.1125 0.5359375 0.1171875 0.5453125 0.1203125 0.56875 0.1234375 0.575 0.1234375 0.578125 0.11875 0.578125 0.1171875 0.575 0.1171875 0.5625 0.1125 0.5484375 0.109375 0.5484375 0.103125 0.5546875 0.0921875 0.5578125 0.0921875 0.5515625 0.1015625 0.5484375 0.1 0.5390625 0.1046875 0.5109375 0.103125 0.5046875 0.1078125 0.49375
1 0.42288194444444444 0.4796875 0.017760416666666678 0.065625
1 0.515625 0.4109375 0.51875 0.4109375 0.5234375 0.415625 0.525 0.421875 0.525 0.4375 0.5265625 0.4390625 0.525 0.4671875 0.528125 0.475 0.528125 0.478125 0.5234375 0.475 0.521875 0.465625 0.5171875 0.45625 0.515625 0.440625 0.5125 0.4390625 0.5109375 0.421875 0.515625 0.4125
1 0.059375 0.353125 0.0625 0.3671875 0.065625 0.371875 0.0703125 0.4171875 0.06875 0.41875 0.065625 0.4171875 0.0625 0.4234375 0.059375 0.421875 0.05625 0.3703125 0.0546875 0.36875 0.0578125 0.3546875
1 0.490625 0.490625 0.4921875 0.490625 0.496875 0.5078125 0.5 0.509375 0.5015625 0.5234375 0.496875 0.521875 0.49375 0.525 0.4875 0.54375 0.4890625 0.5453125 0.484375 0.55 0.48125 0.5578125 0.478125 0.55625 0.478125 0.55 0.48125 0.546875 0.4796875 0.5453125 0.4828125 0.5390625 0.4828125 0.515625 0.484375 0.5140625 0.4828125 0.5078125 0.490625 0.4921875
1 0.7171875 0.3984375 0.7296875 0.4171875 0.7265625 0.4296875 0.728125 0.4671875 0.7265625 0.46875 0.725 0.4671875 0.7234375 0.4546875 0.71875 0.4625 0.715625 0.4625 0.7171875 0.4578125 0.7171875 0.440625 0.7140625 0.4359375 0.7140625 0.4125 0.715625 0.4109375 0.7140625 0.4015625 0.715625 0.4
2 0.3140625 0.475 0.31875 0.4765625 0.31875 0.4828125 0.321875 0.4890625 0.3234375 0.54375 0.325 0.5453125 0.325 0.5546875 0.3234375 0.5546875 0.3171875 0.5390625 0.3140625 0.5421875 0.315625 0.5515625 0.3125 0.5546875 0.3109375 0.553125 0.3125 0.546875 0.3109375 0.5453125 0.3109375 0.51875 0.3078125 0.509375 0.3078125 0.4875 0.3140625 0.4765625