0 0.5737847222222222 0.3427199074074074 0.00821759259259256 0.010995370370370372
1 0.2546875 0.59375 0.25625 0.60625 0.2625 0.6109375 0.2640625 0.615625 0.2640625 0.625 0.259375 0.634375 0.2640625 0.6953125 0.259375 0.69375 0.2578125 0.66875 0.2546875 0.665625 0.2515625 0.690625 0.2484375 0.6921875 0.246875 0.6890625 0.2484375 0.684375 0.246875 0.6140625 0.25 0.6046875 0.25 0.5953125 0.253125 0.59375
1 0.5515625 0.2796875 0.5734375 0.3015625 0.5734375 0.3046875 0.5671875 0.309375 0.56875 0.3296875 0.5765625 0.3359375 0.5765625 0.340625 0.575 0.340625 0.565625 0.334375 0.5609375 0.3390625 0.5609375 0.3484375 0.559375 0.35 0.55625 0.3484375 0.559375 0.3421875 0.559375 0.3140625 0.5578125 0.3125 0.5578125 0.2953125 0.5546875 0.2921875 0.5515625 0.28125
1 0.446875 0.46875 0.4578125 0.4859375 0.4578125 0.503125 0.4546875 0.509375 0.4546875 0.5234375 0.4609375 0.5328125 0.4671875 0.534375 0.46875 0.5390625 0.46875 0.54375 0.465625 0.5453125 0.459375 0.5375 0.4484375 0.5328125 0.4421875 0.55 0.4375 0.5515625 0.4375 0.5453125 0.44375 0.528125 0.4421875 0.5234375 0.44375 0.5046875 0.440625 0.4875 0.446875 0.4703125
1 0.4140625 0.53125 0.4171875 0.534375 0.4171875 0.5421875 0.421875 0.5484375 0.425 0.5671875 0.421875 0.571875 0.421875 0.603125 0.425 0.609375 0.425 0.634375 0.421875 0.63125 0.4203125 0.6109375 0.415625 0.6015625 0.4125 0.6046875 0.4109375 0.6296875 0.409375 0.63125 0.40625 0.6296875 0.4078125 0.5859375 0.409375 0.584375 0.4078125 0.5515625 0.4125 0.5421875 0.4140625 0.5328125
1 0.55 0.340625 0.5546875 0.3546875 0.5546875 0.3859375 0.559375 0.396875 0.5625 0.415625 0.5609375 0.4171875 0.5578125 0.4140625 0.55625 0.403125 0.5515625 0.396875 0.5484375 0.4046875 0.5484375 0.4125 0.5453125 0.415625 0.5453125 0.4 0.546875 0.3984375 0.54375 0.390625 0.54375 0.3625 0.540625 0.359375 0.540625 0.3546875 0.5484375 0.3421875
1 0.7984375 0.5015625 0.803125 0.503125 0.8046875 0.515625 0.809375 0.525 0.8078125 0.559375 0.815625 0.56875 0.815625 0.575 0.80625 0.5703125 0.803125 0.5765625 0.803125 0.5859375 0.7984375 0.5859375 0.7984375 0.565625 0.796875 0.5640625 0.7984375 0.5375 0.7921875 0.534375 0.7921875 0.5296875 0.7984375 0.5234375 0.796875 0.521875 0.7984375 0.503125
1 0.5734375 0.3546875 0.5765625 0.346875 0.578125 0.346875 0.5796875 0.3546875 0.5765625 0.365625 0.5765625 0.371875 0.58125 0.3734375 0.58125 0.3828125 0.578125 0.39375 0.5765625 0.3953125 0.5609375 0.3953125 0.5578125 0.3921875 0.5578125 0.375 0.565625 0.3734375 0.571875 0.36875 0.575 0.35625
1 0.6265625 0.3609375 0.6234375 0.359375 0.6203125 0.3625 0.615625 0.3734375 0.6125 0.39375 0.609375 0.39375 0.6109375 0.384375 0.6078125 0.378125 0.609375 0.3640625 0.6125 0.35625 0.6125 0.340625 0.615625 0.33125 0.6171875 0.3296875 0.6203125 0.33125 0.6203125 0.3359375 0.625 0.3453125 0.6265625 0.359375
1 0.4234375 0.440625 0.43125 0.421875 0.434375 0.4203125 0.440625 0.446875 0.4359375 0.459375 0.4375 0.48125 0.440625 0.4828125 0.440625 0.4875 0.4390625 0.4890625 0.4375 0.4875 0.434375 0.4765625 0.4296875 0.4734375 0.4265625 0.4765625 0.4265625 0.490625 0.4234375 0.5015625 0.421875 0.5 0.4234375 0.49375 0.421875 0.4796875 0.425 0.46875 0.425 0.4421875
1 0.2575231481481482 0.5388657407407408 0.026302083333333347 0.09860532407407412
1 0.340625 0.403125 0.34375 0.403125 0.3453125 0.40625 0.346875 0.4390625 0.3484375 0.440625 0.346875 0.4640625 0.34375 0.4765625 0.3453125 0.4890625 0.340625 0.490625 0.3359375 0.4796875 0.3328125 0.48125 0.334375 0.4828125 0.3328125 0.484375 0.3296875 0.4828125 0.3359375 0.4421875 0.3328125 0.434375 0.33125 0.4375 0.328125 0.4359375 0.3296875 0.428125 0.340625 0.4046875
1 0.9734375 0.496875 0.9765625 0.4984375 0.978125 0.509375 0.984375 0.521875 0.98125 0.5609375 0.99375 0.5796875 0.9921875 0.5875 0.9890625 0.58125 0.9765625 0.5703125 0.9734375 0.5765625 0.9734375 0.5953125 0.9703125 0.596875 0.965625 0.59375 0.96875 0.590625 0.96875 0.5671875 0.9703125 0.565625 0.96875 0.55 0.9734375 0.5375 0.9734375 0.528125 0.9703125 0.5203125 0.9734375 0.509375 0.971875 0.4984375
1 0.065625 0.425 0.06875 0.4234375 0.0734375 0.4125 0.0765625 0.4140625 0.078125 0.41875 0.078125 0.425 0.0734375 0.4359375 0.075 0.446875 0.0703125 0.4828125 0.0734375 0.4890625 0.071875 0.5015625 0.065625 0.4984375 0.0671875 0.4859375 0.0625 0.465625 0.0609375 0.440625 0.0640625 0.4359375 0.065625 0.4265625
1 0.5984375 0.3046875 0.6046875 0.3171875 0.6015625 0.34375 0.6015625 0.353125 0.6046875 0.359375 0.5953125 0.3625 0.5921875 0.3546875 0.5921875 0.3453125 0.596875 0.328125 0.5984375 0.30625
1 0.94375 0.3171875 0.946875 0.31875 0.9484375 0.3296875 0.95 0.3640625 0.959375 0.3703125 0.959375 0.378125 0.94375 0.371875 0.940625 0.375 0.9390625 0.3859375 0.9359375 0.3875 0.934375 0.3828125 0.9390625 0.365625 0.9375 0.35 0.94375 0.31875
2 0.5984375 0.640625 0.596875 0.6328125 0.603125 0.609375 0.6015625 0.6078125 0.603125 0.5703125 0.6046875 0.56875 0.603125 0.5625 0.6078125 0.5515625 0.6078125 0.5453125 0.609375 0.54375 0.6125 0.5453125 0.61875 0.5578125 0.61875 0.5640625 0.621875 0.5671875 0.621875 0.5765625 0.6171875 0.5859375 0.615625 0.60625 0.6234375 0.6296875 0.6234375 0.6390625 0.621875 0.640625 0.6203125 0.6390625 0.6203125 0.6328125 0.615625 0.6203125 0.6078125 0.609375 0.6 0.6390625