0 0.2625 0.4484375 0.265625 0.45 0.265625 0.45625 0.2625 0.4578125 0.2609375 0.45625 0.2609375 0.45
1 0.58125 0.26875 0.584375 0.278125 0.584375 0.3015625 0.590625 0.3109375 0.590625 0.3171875 0.58125 0.30625 0.578125 0.3109375 0.5765625 0.3203125 0.5734375 0.3234375 0.5765625 0.3 0.5765625 0.2765625 0.5796875 0.2703125
1 0.73125 0.4515625 0.734375 0.453125 0.7359375 0.4625 0.7359375 0.503125 0.740625 0.51875 0.740625 0.5234375 0.7359375 0.5265625 0.734375 0.5234375 0.7359375 0.5203125 0.728125 0.5078125 0.7265625 0.475 0.7296875 0.4671875 0.73125 0.453125
1 0.83125 0.35625 0.8359375 0.371875 0.834375 0.38125 0.828125 0.3921875 0.8296875 0.3984375 0.828125 0.4140625 0.825 0.403125 0.825 0.3890625 0.8296875 0.3578125
1 0.2828125 0.5625 0.2859375 0.5640625 0.2859375 0.5734375 0.290625 0.5859375 0.290625 0.59375 0.2875 0.6 0.2875 0.6234375 0.2984375 0.6390625 0.2984375 0.6484375 0.296875 0.65 0.2953125 0.6484375 0.29375 0.6390625 0.2890625 0.6359375 0.2828125 0.6265625 0.2796875 0.6453125 0.278125 0.6484375 0.2734375 0.6484375 0.278125 0.6359375 0.2796875 0.6203125 0.275 0.5984375 0.275 0.584375 0.28125 0.5640625
1 0.5390625 0.4296875 0.54375 0.4328125 0.5546875 0.4484375 0.5625 0.4546875 0.565625 0.4609375 0.5546875 0.4609375 0.55 0.4578125 0.5328125 0.4546875 0.5390625 0.43125
1 0.6234375 0.478125 0.6265625 0.478125 0.6265625 0.484375 0.6296875 0.4875 0.63125 0.4953125 0.63125 0.5078125 0.6265625 0.515625 0.628125 0.546875 0.625 0.5484375 0.625 0.5421875 0.6203125 0.53125 0.6171875 0.534375 0.6171875 0.5484375 0.6125 0.55 0.6140625 0.5234375 0.6171875 0.5125 0.615625 0.4921875 0.621875 0.4859375 0.6234375 0.4796875
1 0.896875 0.446875 0.896875 0.4640625 0.8984375 0.465625 0.896875 0.4796875 0.9 0.4953125 0.9 0.5109375 0.903125 0.5171875 0.9046875 0.5296875 0.89375 0.5109375 0.890625 0.5140625 0.8890625 0.53125 0.8828125 0.5328125 0.8828125 0.528125 0.8859375 0.525 0.8875 0.5 0.890625 0.49375 0.890625 0.4765625 0.8828125 0.4625 0.884375 0.4609375 0.8859375 0.4625 0.896875 0.4484375
1 0.834375 0.378125 0.8375 0.3796875 0.8453125 0.403125 0.8453125 0.4109375 0.853125 0.425 0.8515625 0.4296875 0.84375 0.41875 0.8375 0.421875 0.8375 0.415625 0.83125 0.4078125 0.83125 0.4 0.828125 0.3984375 0.8265625 0.390625 0.8328125 0.3859375 0.834375 0.3796875
1 0.5953125 0.3875 0.5984375 0.3875 0.6 0.40625 0.60625 0.41875 0.6015625 0.4203125 0.5984375 0.425 0.6 0.453125 0.5953125 0.4515625 0.5953125 0.4359375 0.59375 0.434375 0.5890625 0.4375 0.5859375 0.4484375 0.584375 0.45 0.5828125 0.4484375 0.5890625 0.4296875 0.5890625 0.4125 0.5953125 0.3890625
1 0.18984375 0.4109375 0.0140625 0.071875
1 0.83125 0.3046875 0.8421875 0.315625 0.846875 0.3125 0.85 0.3140625 0.8453125 0.3234375 0.84375 0.3390625 0.8453125 0.3671875 0.8359375 0.36875 0.8375 0.3234375 0.83125 0.3109375 0.83125 0.30625
2 0.7578125 0.3609375 0.7609375 0.3625 0.7671875 0.384375 0.7625 0.3984375 0.7578125 0.403125 0.7546875 0.4203125 0.7515625 0.4203125 0.7515625 0.4140625 0.7546875 0.4046875 0.75625 0.3625