1 0.2921875 0.6703125 0.296875 0.6875 0.2953125 0.7140625 0.2984375 0.7375 0.2984375 0.7578125 0.296875 0.759375 0.2984375 0.7703125 0.2953125 0.7703125 0.290625 0.7640625 0.2890625 0.690625 0.2921875 0.671875
1 0.41875 0.509375 0.425 0.5234375 0.4265625 0.5359375 0.421875 0.5421875 0.4171875 0.559375 0.4140625 0.559375 0.4109375 0.5453125 0.4109375 0.5234375 0.4171875 0.5109375
1 0.58125 0.4515625 0.584375 0.453125 0.5859375 0.459375 0.5859375 0.4953125 0.5828125 0.5078125 0.5796875 0.5109375 0.575 0.509375 0.5765625 0.4625 0.58125 0.453125
1 0.6125 0.571875 0.615625 0.571875 0.621875 0.5828125 0.6296875 0.5890625 0.6296875 0.5921875 0.621875 0.5890625 0.61875 0.5953125 0.621875 0.6125 0.6203125 0.6375 0.6171875 0.6359375 0.6171875 0.6171875 0.615625 0.615625 0.6109375 0.61875 0.6078125 0.6359375 0.6046875 0.6375 0.6078125 0.590625 0.5953125 0.5890625 0.5953125 0.584375 0.603125 0.584375 0.6125 0.5734375
1 0.5015625 0.465625 0.509375 0.478125 0.5046875 0.5 0.5046875 0.5234375 0.5015625 0.5265625 0.4953125 0.525 0.496875 0.4765625 0.5015625 0.4671875
1 0.58125 0.5140625 0.584375 0.5203125 0.5828125 0.575 0.58125 0.5765625 0.5796875 0.5734375 0.5796875 0.5609375 0.5765625 0.5578125 0.571875 0.5625 0.5703125 0.571875 0.5671875 0.5734375 0.5671875 0.5625 0.5703125 0.559375 0.5734375 0.546875 0.5734375 0.528125 0.5796875 0.515625
1 0.675 0.6640625 0.678125 0.6640625 0.6796875 0.675 0.6859375 0.6828125 0.6984375 0.6828125 0.6984375 0.6859375 0.6953125 0.6875 0.684375 0.6875 0.6796875 0.690625 0.6765625 0.709375 0.678125 0.7375 0.675 0.7375 0.675 0.7234375 0.671875 0.715625 0.66875 0.71875 0.6671875 0.7390625 0.6640625 0.740625 0.66875 0.6875 0.6640625 0.6828125 0.6578125 0.68125 0.653125 0.675 0.6546875 0.6734375 0.65625 0.675 0.671875 0.675 0.675 0.6703125 0.675 0.665625
1 0.3578125 0.590625 0.359375 0.609375 0.35625 0.6125 0.35625 0.65 0.3515625 0.6484375 0.3515625 0.63125 0.3484375 0.628125 0.3453125 0.634375 0.3453125 0.646875 0.340625 0.6453125 0.3421875 0.628125 0.3453125 0.6234375 0.3453125 0.6 0.3484375 0.5890625 0.3515625 0.5859375 0.35625 0.590625
1 0.4703125 0.471875 0.4734375 0.4734375 0.4765625 0.4796875 0.475 0.525 0.4734375 0.5296875 0.46875 0.528125 0.465625 0.5234375 0.4671875 0.5171875 0.465625 0.4828125 0.4703125 0.4734375
1 0.2609375 0.60625 0.2640625 0.60625 0.265625 0.6171875 0.2703125 0.6234375 0.265625 0.628125 0.2671875 0.678125 0.2546875 0.671875 0.2546875 0.665625 0.259375 0.6578125 0.2578125 0.628125 0.2609375 0.6078125
1 0.4875 0.66875 0.490625 0.721875 0.484375 0.73125 0.4828125 0.7453125 0.4796875 0.7484375 0.4765625 0.7453125 0.4765625 0.7265625 0.4796875 0.7234375 0.48125 0.684375 0.484375 0.6703125 0.4859375 0.6703125
1 0.809375 0.6875 0.8140625 0.703125 0.8140625 0.7125 0.8125 0.7234375 0.809375 0.728125 0.80625 0.759375 0.803125 0.759375 0.803125 0.7390625 0.8046875 0.7375 0.803125 0.7328125 0.8 0.73125 0.79375 0.7359375 0.7890625 0.7359375 0.7890625 0.7265625 0.79375 0.7234375 0.7953125 0.71875 0.796875 0.7 0.8078125 0.6875
1 0.5640625 0.4625 0.56875 0.4671875 0.5671875 0.5125 0.565625 0.5140625 0.5671875 0.5234375 0.5640625 0.5234375 0.5609375 0.50625 0.5546875 0.5125 0.553125 0.5203125 0.55 0.5203125 0.55 0.5125 0.55625 0.496875 0.5578125 0.475 0.5625 0.4640625
1 0.4515625 0.5578125 0.459375 0.5640625 0.4609375 0.5734375 0.44375 0.5734375 0.4421875 0.575 0.43125 0.5734375 0.43125 0.5703125 0.4421875 0.5609375 0.45 0.5578125
1 0.3984375 0.5609375 0.4015625 0.559375 0.4109375 0.5640625 0.4171875 0.5578125 0.4234375 0.5734375 0.4328125 0.584375 0.4328125 0.5875 0.425 0.58125 0.4203125 0.584375 0.4203125 0.60625 0.4140625 0.6359375 0.4125 0.634375 0.4125 0.615625 0.4078125 0.6109375 0.4109375 0.6015625 0.4109375 0.5734375 0.4 0.5625
1 0.39375 0.421875 0.3984375 0.4265625 0.3953125 0.478125 0.3921875 0.4734375 0.390625 0.4625 0.384375 0.4796875 0.38125 0.478125 0.3875 0.453125 0.3859375 0.43125 0.3890625 0.425 0.3921875 0.4234375
1 0.6203125 0.4328125 0.621875 0.4484375 0.615625 0.475 0.6140625 0.4984375 0.6078125 0.4953125 0.6078125 0.4875 0.6109375 0.478125 0.6109375 0.4453125 0.615625 0.434375 0.61875 0.4328125
1 0.57421875 0.43194444374999996 0.5703125 0.4263888890625 0.56328125 0.4361111109375 0.5640625 0.459722221875 0.571875 0.4625 0.575 0.45277777812500003 0.57421875 0.43194444374999996
1 0.35546875 0.547222221875 0.3515625 0.5541666671875001 0.35078125 0.5833333328125 0.359375 0.5930555562500001 0.36328125 0.5583333328125 0.35546875 0.547222221875
2 0.634375 0.60625 0.6375 0.60625 0.64375 0.61875 0.64375 0.6359375 0.6359375 0.646875 0.634375 0.665625 0.63125 0.66875 0.6296875 0.65625 0.6265625 0.6515625 0.6265625 0.6421875 0.628125 0.640625 0.628125 0.6125 0.634375 0.6078125