1 0.2563271609375 0.5065740734374999 0.2579411015625 0.5079513890625 0.25819830312500003 0.5148958343750001 0.256266075 0.52602430625 0.25798289531249996 0.530179396875 0.26256751562499997 0.5273668984375 0.2703896609375 0.50646990625 0.266441615625 0.4842708328125 0.27019354375 0.48007523125 0.2692579734375 0.47591435156250006 0.2684767234375 0.47592013906249997 0.265094521875 0.46899884218750004 0.266203703125 0.4356481484375 0.2606320734375 0.4329108796875 0.25844264375 0.43709490781250004 0.252912809375 0.456585646875 0.24930555625 0.4857870375 0.2491930296875 0.5038483796875 0.24210069375 0.52335069375 0.2425122171875 0.5344618046875 0.24646990781250003 0.535821759375 0.24835069375000002 0.5233043984375 0.2563271609375 0.5065740734374999
1 0.665875771875 0.46603009218749997 0.66536136875 0.45214120312499995 0.6621849281250001 0.4507754640625 0.659944059375 0.4535706015625 0.65879308125 0.46469328593750003 0.6544142234375 0.47306134218749996 0.651279578125 0.4939236109375 0.6518968625 0.510590278125 0.6526781125000001 0.510584490625 0.6551247421874999 0.5133449078125001 0.6608410499999999 0.5410879625 0.6608314046875 0.5619270843749999 0.6658789859375001 0.5716145828125 0.6706179265625 0.57296875 0.6735886062499999 0.5687789343749999 0.6734342843750001 0.5646122671875 0.667039609375 0.5396527765625 0.66652520625 0.5257638890624999 0.6698141718749999 0.5090682875 0.671807484375 0.47848958281250004 0.665875771875 0.46603009218749997
1 0.590621784375 0.56522569375 0.591505915625 0.567997684375 0.595412165625 0.56796875 0.5939911265625 0.48740162031249995 0.592171425 0.48046875 0.5881108546875 0.47633101875 0.5873296046875 0.47633680624999997 0.57956854375 0.4777835640625 0.5744598765625 0.487546296875 0.5725276484374999 0.49867476875000005 0.5776170265625 0.530590278125 0.5766718109375 0.5472685187499999 0.5786458328124999 0.55836805625 0.5819251546875 0.562511575 0.5817290374999999 0.5361168984375 0.5838670265625 0.53054398125 0.5862622171874999 0.531915509375 0.5888117281249999 0.5374537046875 0.590621784375 0.56522569375
1 0.56584040625 0.6557118046875 0.5721418468749999 0.6570543984375 0.574382715625 0.6542592593750001 0.5740740734374999 0.6459259265624999 0.5676279578125001 0.619577546875 0.570547196875 0.6139988437499999 0.573672196875 0.6139756953125 0.5793981484375 0.6208796296875 0.5891235859374999 0.651371528125 0.591518775 0.6527430546875 0.5929783953125 0.6499537046875 0.588197659375 0.626371528125 0.58143325625 0.6125289359375 0.5770736875 0.57921875 0.5777102625 0.5542071749999999 0.5734953703125 0.545902778125 0.5727141203125 0.5459085640625 0.5710487390625001 0.5431423609375 0.5706372171874999 0.53203125 0.5681391453125 0.52788194375 0.5627732765625 0.53070023125 0.56396605 0.5418055546875 0.5622395828125 0.5584895828125 0.565612140625 0.5862499999999999 0.5644611625 0.5973726859374999 0.560236625 0.6099074078125 0.5626221703125001 0.6321180546875 0.566991384375 0.6445891203125 0.56584040625 0.6557118046875
1 0.42322209375000003 0.6873321765625 0.42634709375 0.6873090281249999 0.42785815312500003 0.685908565625 0.4255754890625 0.66647569375 0.42626350312500005 0.642853009375 0.41796553437500006 0.5665046296875 0.41718428437500005 0.566510415625 0.41035879687500004 0.57211805625 0.40998906875 0.5832349531250001 0.40654578125 0.5957638890625 0.4109471453125 0.6513020843749999 0.40963220156249996 0.679097221875 0.412911521875 0.683240740625 0.4158822015625 0.6790509250000001 0.41448366718749996 0.6623900468749999 0.4178755140625 0.648472221875 0.42037358593749996 0.652621528125 0.4198913328125 0.68179976875 0.42322209375000003 0.6873321765625
1 0.430320859375 0.54140625 0.453758359375 0.5412326375000001 0.4497460140625 0.43289930468750004 0.4263085140625 0.4330729171875 0.430320859375 0.54140625
1 0.6287680046874999 0.519097221875 0.624604553125 0.5121817140625 0.6238747421874999 0.5135763890625 0.6251093109375 0.546909721875 0.6292116765625 0.5732754640625 0.6354616765625 0.5732291671875 0.6360468109374999 0.546828703125 0.6287680046874999 0.519097221875
1 0.5502539859375 0.572471065625 0.55373906875 0.5821701390625 0.5546649953125 0.6071701390625 0.555549125 0.6099421296875 0.558674125 0.60991898125 0.5600823046875 0.605740740625 0.55694444375 0.5210185187499999 0.55179398125 0.508553240625 0.551382459375 0.49744212968749996 0.549717078125 0.494675925 0.5489358281250001 0.4946817125 0.54508101875 0.4960995375 0.543930040625 0.507222221875 0.5401781125 0.511417825 0.536734825 0.523946759375 0.5370434671875 0.5322800921875 0.5414641203125 0.546140046875 0.5433674125 0.5975289359375 0.5413323046875 0.6058796296875 0.5452899953125 0.6072395828125 0.5475308640625001 0.6044444437500001 0.5475919499999999 0.5849942125 0.5502539859375 0.572471065625
1 0.411683384375 0.523483796875 0.4136477625 0.555422453125 0.41936406875000004 0.583165509375 0.42165637812499995 0.581759259375 0.4225598 0.542853009375 0.42844971718749997 0.5330844906250001 0.42256944374999994 0.5220138890625 0.4205021859375 0.48729745468749996 0.4197209359375 0.487303240625 0.41430362656249997 0.4887326390625 0.411683384375 0.523483796875
1 0.2354648921875 0.6817766203125 0.240625 0.673402778125 0.24308127499999999 0.6553240734375 0.24980388437499998 0.6469386578125 0.2522505140625 0.649699075 0.2568254890625 0.66772569375 0.26161586875 0.6704687500000001 0.257265946875 0.6163194453124999 0.2601337453125 0.6093518515625 0.2734149953125 0.609253471875 0.2771154828125 0.6036689828124999 0.27545010312499996 0.600902778125 0.266856353125 0.6009664359375 0.255353009375 0.5857696765625 0.2533789859375 0.5746701390625 0.2525977359375 0.5746759265625 0.2479102359375 0.5747106484375 0.243634259375 0.58585648125 0.23977944999999998 0.58727430625 0.233375128125 0.5831539343750001 0.2322852359375 0.5748263890625 0.2292116765625 0.5762384265625 0.230353009375 0.5859548609375 0.24039673281249999 0.6039409734375 0.241538065625 0.6136574078125 0.2389178234375 0.6484085640624999 0.23452932031249998 0.6776157406250001 0.2354648921875 0.6817766203125
1 0.24238683125 0.8053703703125 0.25332433125 0.8052893515624999 0.2570762609375 0.80109375 0.2562950109375 0.8010995375000001 0.252131559375 0.7941840265625 0.25091628125 0.719172453125 0.248170653125 0.6872395828125 0.24921875 0.6733391203125 0.24447980937499997 0.6719849531250001 0.2378600828125 0.6831481484374999 0.23540380625 0.7012268515625 0.23596000468749997 0.73734375 0.24417438281249998 0.7692361109375 0.2394772375 0.7901099546875 0.2398887609375 0.801221065625 0.24238683125 0.8053703703125
1 0.5213188015625 0.635202546875 0.5284432875 0.6587673609375 0.532400978125 0.660127315625 0.5312082046875 0.649021990625 0.5250707296875 0.63100694375 0.52393904375 0.6004513890625 0.5274337703125 0.58931134375 0.5261895578125 0.5768171296875 0.520309284375 0.5657465265625 0.51901363125 0.5518634265625 0.51823238125 0.5518692140625 0.5128665125 0.5546875 0.5132265953124999 0.5644097234375 0.5073881171875 0.5755671296875 0.5057130921875 0.5936400453124999 0.5058674125 0.5978067125 0.50909529375 0.60056134375 0.509754371875 0.63945601875 0.511985596875 0.6575 0.516673096875 0.657465278125 0.5149659203125 0.6324710640625 0.5179880406249999 0.6296701390624999 0.5213188015625 0.635202546875
1 0.2742283953125 0.652314815625 0.2676601078125 0.6648668984375 0.26666345156250004 0.68015625 0.271711034375 0.68984375 0.2745402515625 0.7662326390625 0.2807902515625 0.76618634375 0.278559028125 0.7481423609375 0.281899434375 0.7328356484375 0.2847479421875 0.7675462953125 0.2855291921875 0.7675405078125 0.29172775156249997 0.7661053250000001 0.2890239203125 0.7564004625 0.2879436734375 0.727233796875 0.290030221875 0.7202719906249999 0.2906667953125 0.695260415625 0.2878086421875 0.6813888890625 0.2872427984375 0.6661111125 0.2820408953125 0.6522569453125 0.28225630156250003 0.6369733796875 0.2766846703125 0.6342361109375 0.273816871875 0.6412037046875 0.2742283953125 0.652314815625
1 0.183262603125 0.6015856484375 0.1869116515625 0.59461226875 0.1900366515625 0.5945891203125 0.19425154375 0.60289351875 0.19684284999999999 0.6306597218750001 0.203925540625 0.6319965265625 0.20122170781249998 0.6222916671875 0.199668853125 0.6014641203125 0.189059284375 0.56820023125 0.18875064375 0.5598668984375 0.1915670015625 0.5515104171874999 0.2001093109375 0.5500578703125 0.20078767968750003 0.5472743046875 0.19834105 0.5445138890625 0.1921424890625 0.5459490734375 0.1878761578125 0.5362557875 0.18585069375000002 0.5237673609375 0.18506944375 0.5237731484375 0.1818930046875 0.5224074078125 0.17657857500000002 0.5266145843750001 0.1770415375 0.539114584375 0.172868440625 0.5530381953125 0.172704475 0.5697106468750001 0.1771154828125 0.6044097234375 0.1704861109375 0.6364120375 0.17137024218750002 0.6391840281250001 0.1760577421875 0.63914930625 0.1778870890625 0.62524305625 0.182892875 0.612702546875 0.183262603125 0.6015856484375
1 0.35390625 0.6725636578125 0.35703125 0.672540509375 0.3567226078125 0.6642071765625001 0.34621592031250004 0.6337210640625 0.33848379687499996 0.5726504625 0.330105453125 0.5574305546875 0.323074203125 0.5574826390625 0.32312564374999997 0.558871528125 0.32176890468749997 0.5644386578125 0.3236914859375 0.57414930625 0.32310635312499997 0.60054976875 0.325913065625 0.6130324078125 0.3231995890625 0.6241666671874999 0.325266846875 0.6588831015625 0.32396154843749997 0.6658391203125 0.33099279843749996 0.6657870375 0.3298096703125 0.6338425921875 0.33278035 0.6296527765625 0.3409014921875 0.637928240625 0.35390625 0.6725636578125
1 0.29581404375 0.6021412046875 0.32315779375 0.6019386578125 0.31888824531250004 0.4866608796875 0.29154449531250004 0.48686342656250003 0.29581404375 0.6021412046875
1 0.6388342328125 0.6009895843749999 0.628121784375 0.564947915625 0.624749228125 0.5371875 0.6276684671874999 0.531608796875 0.6275141453125 0.5274421296875 0.6241319437499999 0.5205208328125 0.6248103140625 0.51773726875 0.6203896609374999 0.5038773140624999 0.6171103390625 0.499733796875 0.6163805296875 0.5011284734375 0.6140882203125 0.502534721875 0.613667053125 0.51226273125 0.6078800156249999 0.524809028125 0.605999228125 0.5373263890625 0.61123328125 0.594247684375 0.61300154375 0.5997916671875 0.6152938531250001 0.5983854171874999 0.6152520578125 0.5761574078125 0.6213477359375 0.5719444453125 0.62884195 0.5843923609375 0.63409529375 0.5996354171875 0.6388342328125 0.6009895843749999
2 0.380137603125 0.600127315625 0.371080890625 0.5876909718750001 0.3700424375 0.5807523140625 0.3692611875 0.5807581015625 0.3660847484375 0.5793923609375 0.36462512812500003 0.5821817125 0.36420396093749996 0.591909721875 0.3576356734375 0.6044618046875 0.3574717078125 0.621134259375 0.36651877499999996 0.654409721875 0.37035429531249997 0.6946701390625 0.3786811984375 0.7085011578125 0.37986111093749997 0.6348611109375 0.38257458906249997 0.6237268515625 0.382163065625 0.612615740625 0.380137603125 0.600127315625
1 0.6179044499999999 0.5844733796875 0.6231674375 0.5788773140625 0.6213477359375 0.5719444453125 0.6205664859375 0.57195023125 0.6152520578125 0.5761574078125 0.6179044499999999 0.5844733796875