1 0.4 0.4171875 0.403125 0.41875 0.4109375 0.434375 0.4109375 0.4453125 0.4078125 0.4546875 0.409375 0.5015625 0.4078125 0.5125 0.40625 0.5140625 0.4046875 0.5125 0.403125 0.5 0.4046875 0.4890625 0.4 0.484375 0.396875 0.4875 0.396875 0.4953125 0.3921875 0.5046875 0.390625 0.515625 0.3890625 0.51875 0.3875 0.5171875 0.3890625 0.4984375 0.3921875 0.4953125 0.3953125 0.4703125 0.39375 0.434375 0.3984375 0.4265625 0.4 0.41875
1 0.54375 0.3953125 0.546875 0.3953125 0.5515625 0.40625 0.5546875 0.43125 0.5546875 0.471875 0.55625 0.4734375 0.5546875 0.4765625 0.5515625 0.4765625 0.55 0.4734375 0.55 0.4671875 0.546875 0.4609375 0.546875 0.446875 0.540625 0.4328125 0.5359375 0.4125 0.5359375 0.40625 0.54375 0.396875
1 0.490625 0.5296875 0.4984375 0.528125 0.4984375 0.5109375 0.503125 0.50625 0.509375 0.5234375 0.509375 0.546875 0.5109375 0.5484375 0.509375 0.5625 0.5109375 0.6125 0.50625 0.6140625 0.5 0.5765625 0.5015625 0.55 0.5 0.5453125 0.4921875 0.540625 0.490625 0.53125
1 0.615625 0.384375 0.61875 0.3875 0.6203125 0.3984375 0.625 0.4078125 0.625 0.41875 0.6171875 0.4171875 0.6109375 0.40625 0.603125 0.403125 0.5984375 0.3984375 0.5984375 0.3953125 0.609375 0.384375 0.6140625 0.384375
1 0.5828125 0.6875 0.584375 0.7015625 0.590625 0.7109375 0.5890625 0.765625 0.590625 0.7671875 0.5921875 0.8015625 0.5890625 0.8046875 0.5859375 0.790625 0.5859375 0.775 0.58125 0.7703125 0.578125 0.7734375 0.5765625 0.78125 0.5765625 0.803125 0.5703125 0.8046875 0.571875 0.796875 0.5703125 0.721875 0.571875 0.7125 0.5765625 0.7046875 0.578125 0.6890625 0.58125 0.6875
1 0.4308969907407407 0.22973958333333333 0.01542245370370372 0.07911458333333332
1 0.09375 0.609375 0.1046875 0.6125 0.1078125 0.628125 0.1078125 0.665625 0.1046875 0.6703125 0.1046875 0.6953125 0.1078125 0.7015625 0.109375 0.7203125 0.1046875 0.721875 0.1 0.7140625 0.1 0.6953125 0.0984375 0.68125 0.0953125 0.675 0.09375 0.6515625 0.0875 0.640625 0.0875 0.61875 0.0890625 0.6125 0.0921875 0.6109375
1 0.5578125 0.6875 0.5546875 0.6734375 0.5515625 0.6921875 0.5453125 0.6953125 0.546875 0.6875 0.546875 0.6640625 0.5453125 0.6625 0.546875 0.6125 0.540625 0.5984375 0.540625 0.590625 0.5515625 0.575 0.55625 0.575 0.559375 0.58125 0.5578125 0.584375 0.559375 0.5953125 0.5578125 0.65625 0.5625 0.6765625 0.5625 0.6859375 0.559375 0.6875
1 0.3203125 0.61875 0.321875 0.6265625 0.3296875 0.6390625 0.33125 0.6484375 0.3265625 0.6921875 0.33125 0.703125 0.3328125 0.7171875 0.3234375 0.7234375 0.31875 0.7296875 0.3140625 0.7265625 0.3203125 0.7125 0.3171875 0.659375 0.3125 0.65625 0.309375 0.6578125 0.315625 0.640625 0.315625 0.6203125 0.31875 0.61875
1 0.503125 0.415625 0.5046875 0.4359375 0.5015625 0.4421875 0.5015625 0.465625 0.5 0.4671875 0.5015625 0.484375 0.5 0.496875 0.496875 0.503125 0.4953125 0.5015625 0.496875 0.4703125 0.49375 0.4671875 0.490625 0.4703125 0.490625 0.4828125 0.4890625 0.490625 0.4875 0.490625 0.4875 0.4640625 0.484375 0.4546875 0.484375 0.4328125 0.4875 0.425 0.490625 0.4 0.4921875 0.3984375 0.4953125 0.4 0.4953125 0.40625 0.5015625 0.415625
1 0.478125 0.465625 0.4828125 0.46875 0.4828125 0.4796875 0.4875 0.4890625 0.4859375 0.534375 0.490625 0.55625 0.490625 0.565625 0.4890625 0.565625 0.4828125 0.54375 0.4796875 0.55 0.4796875 0.5703125 0.475 0.56875 0.4765625 0.559375 0.4734375 0.540625 0.471875 0.4921875 0.4734375 0.484375 0.478125 0.4765625 0.4765625 0.4734375 0.478125 0.4671875
1 0.1015625 0.584375 0.10625 0.5921875 0.1046875 0.60625 0.10625 0.6125 0.1046875 0.6140625 0.1015625 0.6109375 0.09375 0.6109375 0.090625 0.6140625 0.0859375 0.60625 0.0875 0.5953125 0.0921875 0.59375 0.096875 0.5859375 0.1 0.5859375
1 0.578125 0.5140625 0.5828125 0.515625 0.584375 0.5296875 0.5875 0.5359375 0.5875 0.60625 0.5890625 0.6078125 0.5890625 0.621875 0.58125 0.6265625 0.5734375 0.6265625 0.5734375 0.6234375 0.5765625 0.621875 0.578125 0.6109375 0.5765625 0.609375 0.578125 0.571875 0.5734375 0.5640625 0.578125 0.5546875 0.578125 0.5328125 0.5765625 0.53125 0.578125 0.515625
1 0.5380671296296297 0.4146875 0.016313657407407332 0.0940104166666667
1 0.4015625 0.5953125 0.4078125 0.65 0.4046875 0.653125 0.403125 0.6375 0.4015625 0.6328125 0.3984375 0.63125 0.39375 0.6359375 0.3890625 0.6515625 0.3765625 0.6609375 0.3671875 0.6640625 0.3640625 0.6609375 0.3734375 0.6484375 0.375 0.6390625 0.378125 0.6359375 0.384375 0.615625 0.3953125 0.6015625 0.3953125 0.5984375 0.4 0.5953125
2 0.0796875 0.621875 0.078125 0.61875 0.0796875 0.56875 0.0765625 0.55625 0.0765625 0.5328125 0.0828125 0.509375 0.0875 0.509375 0.0890625 0.515625 0.0875 0.525 0.0890625 0.575 0.084375 0.5890625 0.0859375 0.59375 0.0828125 0.6 0.084375 0.61875 0.08125 0.621875