1 0.33125 0.43125 0.3375 0.4375 0.3390625 0.4765625 0.3375 0.478125 0.334375 0.471875 0.3296875 0.471875 0.328125 0.4640625 0.328125 0.4484375 0.3296875 0.446875 0.328125 0.434375 0.3296875 0.4328125
1 0.303125 0.4296875 0.30625 0.4296875 0.3109375 0.4375 0.3078125 0.45625 0.309375 0.465625 0.30625 0.4828125 0.3046875 0.4828125 0.3 0.4765625 0.3015625 0.4375 0.303125 0.4359375 0.3015625 0.4328125 0.303125 0.43125
1 0.3734375 0.44375 0.3765625 0.44375 0.378125 0.446875 0.38125 0.4640625 0.38125 0.4828125 0.3796875 0.484375 0.38125 0.5 0.36875 0.496875 0.3671875 0.49375 0.3703125 0.475 0.3671875 0.4609375 0.3734375 0.4453125
1 0.4171875 0.484375 0.421875 0.4890625 0.421875 0.49375 0.425 0.496875 0.425 0.515625 0.421875 0.521875 0.425 0.5421875 0.4203125 0.54375 0.4140625 0.540625 0.4125 0.503125 0.415625 0.4859375
1 0.3859375 0.4546875 0.39375 0.4640625 0.39375 0.4890625 0.390625 0.4875 0.384375 0.490625 0.3828125 0.484375 0.3828125 0.45625 0.384375 0.45625
1 0.421875 0.4890625 0.415625 0.4828125 0.4140625 0.4671875 0.4109375 0.4640625 0.4125 0.4578125 0.41875 0.45625 0.4234375 0.4640625 0.425 0.478125 0.4234375 0.4875
1 0.275 0.4875 0.278125 0.4875 0.28125 0.4953125 0.28125 0.5234375 0.2828125 0.525 0.28125 0.5265625 0.28125 0.546875 0.2796875 0.5484375 0.2734375 0.546875 0.275 0.5265625 0.271875 0.4953125 0.275 0.4890625
1 0.40625 0.459375 0.409375 0.459375 0.4140625 0.4703125 0.4125 0.5 0.409375 0.496875 0.40625 0.5078125 0.403125 0.5109375 0.4015625 0.509375 0.403125 0.4734375 0.40625 0.4609375
1 0.98125 0.6546875 0.9875 0.65625 0.990625 0.671875 0.984375 0.7046875 0.9859375 0.721875 0.984375 0.7265625 0.98125 0.728125 0.975 0.7203125 0.9765625 0.6890625 0.9734375 0.6859375 0.9734375 0.68125 0.9765625 0.68125 0.98125 0.675 0.9796875 0.6703125 0.98125 0.65625
1 0.371875 0.5671875 0.375 0.571875 0.3796875 0.615625 0.375 0.63125 0.36875 0.6296875 0.36875 0.6234375 0.371875 0.6203125 0.3703125 0.5859375 0.36875 0.584375 0.371875 0.56875
1 0.3875 0.4625 0.3921875 0.4703125 0.39375 0.4796875 0.396875 0.534375 0.39375 0.5359375 0.390625 0.5328125 0.3828125 0.53125 0.38125 0.525 0.3828125 0.521875 0.38125 0.50625 0.3859375 0.4953125 0.384375 0.49375 0.3859375 0.4640625
1 0.2578125 0.590625 0.259375 0.5890625 0.2578125 0.584375 0.2640625 0.5703125 0.2671875 0.5734375 0.2703125 0.5859375 0.271875 0.640625 0.26875 0.640625 0.265625 0.634375 0.265625 0.6203125 0.2625 0.615625 0.259375 0.5921875
1 0.1328125 0.828125 0.1375 0.7953125 0.140625 0.79375 0.14375 0.8046875 0.14375 0.8265625 0.15 0.84375 0.153125 0.8578125 0.153125 0.8703125 0.15625 0.8734375 0.15625 0.878125 0.15 0.8796875 0.146875 0.875 0.1453125 0.8609375 0.1421875 0.8578125 0.1421875 0.85 0.134375 0.84375 0.134375 0.8296875
1 0.0859375 0.325 0.0890625 0.3296875 0.0890625 0.3421875 0.0921875 0.346875 0.09375 0.3609375 0.0921875 0.3625 0.0875 0.3609375 0.0828125 0.3640625 0.084375 0.3546875 0.0828125 0.3296875 0.084375 0.3265625
1 0.325 0.4125 0.33125 0.421875 0.3296875 0.45625 0.3265625 0.4578125 0.3234375 0.434375 0.3234375 0.4140625
2 0.1810011574074074 0.5816956018518519 0.016307870370370382 0.07353009259259266