1 0.70625 0.7984375 0.709375 0.7984375 0.7109375 0.803125 0.7109375 0.8171875 0.7140625 0.821875 0.7140625 0.834375 0.7171875 0.840625 0.7171875 0.8453125 0.7125 0.8484375 0.7140625 0.8609375 0.7109375 0.8734375 0.7125 0.8859375 0.70625 0.884375 0.7046875 0.8796875 0.70625 0.8703125 0.703125 0.8671875 0.696875 0.871875 0.69375 0.8796875 0.690625 0.878125 0.690625 0.8734375 0.6984375 0.8609375 0.7 0.8453125 0.6984375 0.815625 0.7046875 0.8078125 0.70625 0.8
1 0.446875 0.55 0.45 0.553125 0.45 0.5640625 0.453125 0.56875 0.453125 0.5859375 0.4515625 0.5875 0.453125 0.5921875 0.45 0.6 0.4515625 0.6109375 0.4484375 0.6203125 0.446875 0.6203125 0.446875 0.6140625 0.44375 0.609375 0.44375 0.584375 0.4421875 0.5828125 0.44375 0.5765625 0.440625 0.5671875 0.4421875 0.5515625 0.4453125 0.55
1 0.496875 0.59375 0.4921875 0.590625 0.4875 0.6 0.484375 0.590625 0.4875 0.571875 0.4859375 0.5703125 0.4875 0.5640625 0.4859375 0.521875 0.4890625 0.5203125 0.496875 0.53125 0.4984375 0.5921875
1 0.4734375 0.6 0.4765625 0.6015625 0.4796875 0.6125 0.4796875 0.6328125 0.4828125 0.6546875 0.4828125 0.6734375 0.4796875 0.671875 0.4796875 0.665625 0.4765625 0.6609375 0.46875 0.6703125 0.46875 0.678125 0.465625 0.6796875 0.4640625 0.6734375 0.4640625 0.6671875 0.4703125 0.6546875 0.471875 0.6421875 0.4703125 0.6296875 0.4734375 0.615625 0.471875 0.6109375 0.4734375 0.6015625
1 0.5765625 0.5640625 0.58125 0.565625 0.58125 0.5734375 0.5859375 0.578125 0.584375 0.5984375 0.5875 0.6125 0.5921875 0.621875 0.5890625 0.6390625 0.5859375 0.6375 0.5859375 0.6328125 0.5828125 0.628125 0.5796875 0.634375 0.5765625 0.63125 0.578125 0.6234375 0.5765625 0.6 0.5734375 0.5953125 0.5734375 0.5765625 0.5765625 0.565625
1 0.540625 0.584375 0.54375 0.584375 0.5453125 0.5921875 0.55 0.5984375 0.55 0.6171875 0.5515625 0.61875 0.55 0.659375 0.553125 0.6671875 0.5515625 0.6734375 0.5484375 0.6734375 0.54375 0.6671875 0.5453125 0.6640625 0.54375 0.64375 0.540625 0.6375 0.540625 0.6171875 0.5375 0.6125 0.540625 0.5859375
1 0.6203125 0.56875 0.625 0.5671875 0.6359375 0.5546875 0.640625 0.56875 0.6390625 0.5703125 0.640625 0.5828125 0.6390625 0.5921875 0.6328125 0.5984375 0.6296875 0.596875 0.6265625 0.5765625 0.621875 0.5703125
1 0.5609375 0.5890625 0.5625 0.596875 0.5671875 0.6015625 0.5671875 0.6171875 0.5703125 0.6234375 0.5703125 0.634375 0.575 0.6421875 0.5765625 0.665625 0.5703125 0.659375 0.5703125 0.65 0.5671875 0.6453125 0.5609375 0.646875 0.5609375 0.6546875 0.559375 0.6578125 0.55625 0.6578125 0.5578125 0.640625 0.5515625 0.60625 0.55625 0.5984375 0.55625 0.590625 0.559375 0.5890625
1 0.4104166666666667 0.6527488425925926 0.02265625 0.08559027777777777
1 0.7015625 0.5984375 0.7046875 0.5984375 0.7234375 0.6171875 0.7234375 0.6234375 0.7171875 0.6265625 0.71875 0.63125 0.715625 0.64375 0.7171875 0.671875 0.7109375 0.6734375 0.70625 0.6640625 0.7078125 0.65625 0.703125 0.646875 0.7046875 0.6296875 0.703125 0.6140625 0.7 0.6078125 0.7015625 0.6
1 0.434375 0.54375 0.4390625 0.546875 0.4421875 0.5546875 0.44375 0.5953125 0.4390625 0.60625 0.440625 0.609375 0.4390625 0.625 0.4359375 0.6234375 0.434375 0.609375 0.434375 0.5890625 0.43125 0.5671875 0.4328125 0.5453125
1 0.59375 0.5640625 0.6015625 0.575 0.6046875 0.5953125 0.6046875 0.6015625 0.5984375 0.61875 0.5921875 0.625 0.5890625 0.61875 0.590625 0.6171875 0.5890625 0.6109375 0.590625 0.6 0.5859375 0.578125 0.5921875 0.565625
1 0.784375 0.571875 0.7890625 0.575 0.7890625 0.5796875 0.796875 0.5890625 0.796875 0.5921875 0.8015625 0.5953125 0.8015625 0.6015625 0.7984375 0.5984375 0.79375 0.6015625 0.790625 0.61875 0.7875 0.6265625 0.7828125 0.63125 0.78125 0.640625 0.778125 0.640625 0.778125 0.63125 0.7828125 0.6203125 0.778125 0.590625 0.784375 0.5734375
1 0.6078125 0.596875 0.6140625 0.6046875 0.6125 0.6390625 0.6109375 0.6453125 0.60625 0.6484375 0.6 0.66875 0.596875 0.671875 0.596875 0.659375 0.6015625 0.646875 0.6 0.6421875 0.6015625 0.6234375 0.5984375 0.6203125 0.5984375 0.6078125 0.6 0.5984375 0.60625 0.596875
1 0.590625 0.7234375 0.59375 0.7234375 0.5953125 0.7265625 0.5953125 0.7453125 0.5984375 0.75625 0.596875 0.7671875 0.5984375 0.76875 0.5984375 0.809375 0.5953125 0.8109375 0.5921875 0.8078125 0.59375 0.7890625 0.590625 0.78125 0.5859375 0.7828125 0.58125 0.7921875 0.5734375 0.79375 0.5703125 0.796875 0.56875 0.79375 0.5703125 0.7859375 0.575 0.784375 0.58125 0.778125 0.5828125 0.76875 0.58125 0.7578125 0.584375 0.75 0.584375 0.7390625 0.590625 0.725
1 0.6359375 0.64375 0.6375 0.6421875 0.6359375 0.63125 0.63125 0.621875 0.63125 0.615625 0.628125 0.6125 0.628125 0.6015625 0.640625 0.590625 0.64375 0.6046875 0.6453125 0.6484375 0.6375 0.6609375 0.6328125 0.6640625 0.63125 0.65625 0.6375 0.6453125
2 0.9046875 0.703125 0.903125 0.7 0.9046875 0.6796875 0.9078125 0.6734375 0.90625 0.6375 0.909375 0.628125 0.9078125 0.6234375 0.909375 0.61875 0.9140625 0.6234375 0.91875 0.6453125 0.9171875 0.6609375 0.91875 0.70625 0.915625 0.7015625 0.915625 0.690625 0.9109375 0.684375 0.90625 0.703125
1 0.615625 0.6046875 0.621875 0.6109375 0.621875 0.6171875 0.625 0.6234375 0.6234375 0.6296875 0.625 0.653125 0.621875 0.6625 0.6234375 0.665625 0.6203125 0.66875 0.6203125 0.6765625 0.615625 0.6828125 0.6171875 0.690625 0.6125 0.690625 0.6078125 0.684375 0.6109375 0.6734375 0.6125 0.6359375 0.6140625 0.634375 0.6125 0.61875 0.615625 0.60625