1 0.6359375 0.2703125 0.6390625 0.271875 0.6421875 0.278125 0.64375 0.3015625 0.6484375 0.3140625 0.646875 0.3171875 0.640625 0.3125 0.6375 0.3140625 0.634375 0.309375 0.634375 0.290625 0.6359375 0.2890625 0.634375 0.275 0.6359375 0.271875
1 0.6546875 0.76875 0.65625 0.7515625 0.653125 0.7421875 0.653125 0.721875 0.65 0.7171875 0.65 0.7109375 0.6578125 0.68125 0.6609375 0.6828125 0.66875 0.709375 0.6609375 0.74375 0.6609375 0.7515625 0.6671875 0.7625 0.66875 0.775 0.6671875 0.7765625 0.6609375 0.76875 0.65625 0.76875
1 0.4578125 0.30234375 0.015625 0.0515625
1 0.36875 0.621875 0.3734375 0.621875 0.3765625 0.63125 0.3765625 0.675 0.384375 0.6828125 0.384375 0.6875 0.3796875 0.6859375 0.36875 0.6734375 0.3671875 0.675 0.36875 0.6921875 0.3671875 0.6953125 0.3640625 0.69375 0.36875 0.6234375
1 0.990625 0.4328125 0.99375 0.44375 0.99375 0.478125 0.996875 0.4984375 0.99375 0.4984375 0.990625 0.4890625 0.9875 0.496875 0.984375 0.4984375 0.984375 0.459375 0.9859375 0.4578125 0.9859375 0.4390625 0.9890625 0.434375
1 0.3484375 0.3796875 0.3515625 0.38125 0.3515625 0.3859375 0.35625 0.39375 0.359375 0.4046875 0.359375 0.415625 0.3671875 0.4234375 0.3671875 0.428125 0.3578125 0.4234375 0.35625 0.425 0.3578125 0.434375 0.353125 0.4359375 0.35 0.4171875 0.3484375 0.38125
1 0.6328125 0.5046875 0.6390625 0.5234375 0.6390625 0.5484375 0.646875 0.55625 0.646875 0.5609375 0.6421875 0.5609375 0.640625 0.5578125 0.6375 0.5578125 0.634375 0.571875 0.6328125 0.5734375 0.6296875 0.571875 0.63125 0.565625 0.6296875 0.5078125 0.63125 0.50625
1 0.384375 0.3640625 0.3921875 0.3765625 0.3953125 0.396875 0.3984375 0.4015625 0.3984375 0.4078125 0.39375 0.4046875 0.3890625 0.40625 0.3859375 0.4171875 0.384375 0.4171875 0.384375 0.3875 0.3796875 0.36875 0.3796875 0.365625 0.3828125 0.3640625
1 0.69375 0.846875 0.6953125 0.8578125 0.6984375 0.8609375 0.6984375 0.91875 0.7015625 0.9265625 0.7015625 0.9515625 0.7 0.953125 0.696875 0.95 0.6953125 0.91875 0.690625 0.9140625 0.6859375 0.9140625 0.6796875 0.93125 0.6765625 0.9296875 0.675 0.925 0.6828125 0.9046875 0.6859375 0.8875 0.6859375 0.8640625 0.6890625 0.8609375 0.6890625 0.8484375 0.6921875 0.846875
1 0.2578125 0.5921875 0.259375 0.5984375 0.2546875 0.6203125 0.25625 0.6484375 0.2484375 0.6671875 0.2453125 0.665625 0.2453125 0.6515625 0.2484375 0.646875 0.2484375 0.640625 0.2453125 0.6359375 0.2453125 0.625 0.246875 0.6140625 0.253125 0.596875 0.25625 0.59375
1 0.5703125 0.790625 0.5765625 0.8140625 0.575 0.8625 0.578125 0.8953125 0.575 0.8953125 0.575 0.8890625 0.571875 0.8828125 0.56875 0.8859375 0.565625 0.884375 0.565625 0.875 0.5609375 0.8578125 0.5625 0.8109375 0.565625 0.8046875 0.565625 0.7921875 0.56875 0.790625
1 0.8765625 0.546875 0.8796875 0.546875 0.884375 0.5515625 0.8890625 0.5640625 0.8875 0.6265625 0.8859375 0.628125 0.88125 0.6265625 0.8796875 0.6 0.8765625 0.5921875 0.8765625 0.5765625 0.878125 0.575 0.8765625 0.5484375
1 0.171875 0.6234375 0.1703125 0.6140625 0.1671875 0.609375 0.1671875 0.596875 0.1625 0.5890625 0.1625 0.5734375 0.1703125 0.5609375 0.1703125 0.55625 0.1734375 0.5546875 0.18125 0.58125 0.1796875 0.5828125 0.1796875 0.603125 0.1875 0.625 0.1859375 0.63125 0.178125 0.6171875 0.175 0.61875 0.175 0.6234375 0.171875 0.625
1 0.2203125 0.503125 0.2234375 0.5046875 0.2328125 0.525 0.234375 0.5453125 0.2453125 0.553125 0.2390625 0.565625 0.234375 0.5671875 0.234375 0.5625 0.2265625 0.5484375 0.2265625 0.5390625 0.21875 0.534375 0.221875 0.5265625 0.21875 0.5046875
1 0.359375 0.6046875 0.3625 0.615625 0.3671875 0.621875 0.3640625 0.659375 0.3609375 0.6625 0.3640625 0.6796875 0.3625 0.68125 0.359375 0.675 0.353125 0.671875 0.3515625 0.6515625 0.3453125 0.6484375 0.3453125 0.64375 0.3515625 0.634375 0.3515625 0.6265625 0.3578125 0.60625
1 0.05 0.275 0.0546875 0.2765625 0.0578125 0.296875 0.0546875 0.31875 0.05625 0.3359375 0.053125 0.3359375 0.05 0.3296875 0.046875 0.303125 0.04375 0.29375 0.05 0.2765625
0 0.29375 0.6375 0.3 0.6421875 0.3 0.6484375 0.2953125 0.65 0.290625 0.646875 0.2921875 0.6390625
2 0.6203125 0.3375 0.6234375 0.3390625 0.6296875 0.3515625 0.6296875 0.375 0.6375 0.3890625 0.6359375 0.3921875 0.6265625 0.378125 0.6234375 0.3828125 0.6234375 0.39375 0.6203125 0.396875 0.6203125 0.3546875 0.61875 0.353125 0.6203125 0.3390625