0 0.58671875 0.5421875 0.00625 0.009375
1 0.621875 0.44375 0.6265625 0.446875 0.6296875 0.45625 0.628125 0.459375 0.6296875 0.5078125 0.628125 0.50625 0.6265625 0.4875 0.6203125 0.48125 0.61875 0.4671875 0.61875 0.45 0.621875 0.4453125
1 0.51875 0.453125 0.521875 0.45625 0.525 0.4671875 0.525 0.50625 0.521875 0.5109375 0.521875 0.496875 0.51875 0.4921875 0.50625 0.503125 0.5046875 0.5078125 0.503125 0.50625 0.503125 0.5015625 0.5109375 0.490625 0.5125 0.484375 0.5109375 0.4734375 0.51875 0.4546875
1 0.525 0.55 0.528125 0.55 0.534375 0.565625 0.534375 0.5734375 0.5375 0.5796875 0.5359375 0.5984375 0.540625 0.6078125 0.5390625 0.6109375 0.528125 0.5953125 0.5234375 0.6 0.5203125 0.6109375 0.51875 0.6125 0.515625 0.6109375 0.521875 0.5953125 0.5265625 0.575 0.525 0.5515625
1 0.86875 0.34375 0.8734375 0.3515625 0.8734375 0.35625 0.86875 0.3765625 0.86875 0.39375 0.865625 0.4 0.859375 0.3984375 0.859375 0.3828125 0.8625 0.3515625 0.8640625 0.3453125 0.8671875 0.34375
1 0.1953125 0.446875 0.1984375 0.4515625 0.1984375 0.4859375 0.203125 0.50625 0.1984375 0.5078125 0.196875 0.490625 0.1921875 0.4890625 0.1890625 0.49375 0.1890625 0.5109375 0.1859375 0.5109375 0.184375 0.5078125 0.1890625 0.4625 0.19375 0.4484375
1 0.6125 0.45 0.6171875 0.4515625 0.61875 0.4625 0.6171875 0.515625 0.6140625 0.5140625 0.6125 0.509375 0.6109375 0.515625 0.609375 0.5171875 0.6078125 0.515625 0.6078125 0.49375 0.609375 0.4921875 0.6078125 0.4640625 0.6125 0.4515625
1 0.3484375 0.4953125 0.3484375 0.5203125 0.35 0.521875 0.3484375 0.5703125 0.3453125 0.5734375 0.340625 0.5734375 0.340625 0.534375 0.3375 0.5203125 0.340625 0.5078125 0.346875 0.496875
1 0.4078125 0.540625 0.409375 0.5421875 0.4078125 0.571875 0.4109375 0.5796875 0.4109375 0.5953125 0.4078125 0.5984375 0.4046875 0.596875 0.3984375 0.603125 0.396875 0.6125 0.39375 0.6125 0.39375 0.6046875 0.3984375 0.59375 0.396875 0.56875 0.40625 0.5421875
1 0.2328125 0.3796875 0.2359375 0.3796875 0.2375 0.3875 0.2390625 0.4359375 0.2421875 0.4421875 0.2359375 0.4453125 0.2328125 0.44375 0.2328125 0.425 0.2296875 0.4046875 0.2296875 0.3921875 0.2328125 0.38125
1 0.546875 0.5671875 0.55 0.5671875 0.5609375 0.590625 0.5609375 0.5984375 0.553125 0.6109375 0.55 0.6125 0.546875 0.625 0.5453125 0.6265625 0.540625 0.625 0.55 0.5953125 0.55 0.5875 0.540625 0.58125 0.546875 0.5734375 0.546875 0.56875
1 0.48125 0.528125 0.4875 0.54375 0.4875 0.55 0.4828125 0.5546875 0.4828125 0.5859375 0.478125 0.5953125 0.478125 0.6 0.475 0.5984375 0.4765625 0.571875 0.4734375 0.5609375 0.4734375 0.5390625 0.48125 0.5296875
1 0.8890625 0.74375 0.890625 0.7546875 0.896875 0.7640625 0.896875 0.7703125 0.9 0.7765625 0.9015625 0.7953125 0.9 0.796875 0.8984375 0.7921875 0.896875 0.790625 0.8953125 0.7921875 0.89375 0.8296875 0.890625 0.828125 0.8890625 0.821875 0.8875 0.8203125 0.8859375 0.821875 0.884375 0.8421875 0.88125 0.8375 0.8828125 0.8328125 0.88125 0.8234375 0.8828125 0.8203125 0.8828125 0.7875 0.8796875 0.7828125 0.8796875 0.7640625 0.884375 0.7546875 0.884375 0.7453125 0.8875 0.74375
1 0.3296875 0.4375 0.3296875 0.4296875 0.3265625 0.4265625 0.321875 0.4296875 0.3203125 0.4390625 0.3171875 0.4359375 0.321875 0.41875 0.321875 0.390625 0.3265625 0.38125 0.3296875 0.384375 0.3296875 0.4125 0.334375 0.434375 0.334375 0.4375 0.33125 0.4375
1 0.128125 0.5625 0.1328125 0.5625 0.134375 0.56875 0.134375 0.5859375 0.1328125 0.5875 0.134375 0.6453125 0.1234375 0.64375 0.125 0.6125 0.121875 0.596875 0.121875 0.58125 0.1265625 0.5734375 0.128125 0.5640625
1 0.46875 0.3046875 0.4734375 0.3125 0.4734375 0.353125 0.4671875 0.3546875 0.465625 0.3140625 0.46875 0.30625
1 0.8046875 0.609375 0.8078125 0.609375 0.809375 0.6171875 0.815625 0.628125 0.8140625 0.6765625 0.8109375 0.6890625 0.8078125 0.6875 0.8046875 0.6578125 0.8015625 0.653125 0.8015625 0.625 0.8046875 0.6109375
1 0.39765625 0.26875 0.0078125 0.04609375
1 0.415625 0.6890625 0.4203125 0.690625 0.421875 0.7203125 0.425 0.725 0.4234375 0.753125 0.41875 0.771875 0.421875 0.7828125 0.4203125 0.784375 0.409375 0.7828125 0.409375 0.775 0.415625 0.7578125 0.415625 0.740625 0.4109375 0.7203125 0.4109375 0.7078125 0.415625 0.690625
1 0.5015625 0.490625 0.5046875 0.4765625 0.5046875 0.446875 0.5109375 0.434375 0.5140625 0.4359375 0.5171875 0.4546875 0.50625 0.4828125 0.50625 0.4890625 0.503125 0.490625
1 0.41875 0.5875 0.415625 0.6125 0.4171875 0.6265625 0.415625 0.6578125 0.4125 0.6578125 0.4109375 0.653125 0.4125 0.6390625 0.4109375 0.6375 0.4078125 0.640625 0.4078125 0.646875 0.4046875 0.6484375 0.403125 0.6375 0.4078125 0.621875 0.4078125 0.6 0.4125 0.590625 0.4171875 0.5875
1 0.56015625 0.40546875 0.0140625 0.05546875
2 0.403125 0.3875 0.40625 0.3875 0.4109375 0.4 0.4078125 0.4453125 0.4046875 0.446875 0.4015625 0.440625 0.4015625 0.4203125 0.3984375 0.4109375 0.3984375 0.403125 0.403125 0.3890625