0 0.821875 0.5578125 0.8265625 0.559375 0.825 0.56875 0.821875 0.56875 0.8203125 0.5640625 0.821875 0.559375
1 0.6859375 0.45 0.01484375 0.075
1 0.26875 0.7171875 0.2671875 0.715625 0.26875 0.6875 0.265625 0.68125 0.265625 0.659375 0.2671875 0.6515625 0.271875 0.646875 0.2734375 0.634375 0.275 0.6328125 0.278125 0.634375 0.278125 0.6484375 0.28125 0.6546875 0.2828125 0.6671875 0.28125 0.6765625 0.28125 0.71875 0.2828125 0.7203125 0.2796875 0.7234375 0.278125 0.721875 0.275 0.7 0.2703125 0.715625
1 0.5328125 0.4125 0.5359375 0.4109375 0.5390625 0.403125 0.5421875 0.4078125 0.54375 0.415625 0.5421875 0.4421875 0.5484375 0.4625 0.546875 0.4671875 0.5390625 0.4515625 0.5375 0.453125 0.5375 0.46875 0.534375 0.4671875 0.534375 0.45 0.53125 0.4390625 0.5328125 0.4140625
1 0.4734375 0.4375 0.478125 0.4390625 0.478125 0.446875 0.4828125 0.45625 0.4828125 0.496875 0.4859375 0.509375 0.484375 0.5125 0.48125 0.509375 0.4796875 0.490625 0.4765625 0.4875 0.4734375 0.490625 0.471875 0.5078125 0.4703125 0.515625 0.46875 0.515625 0.46875 0.5 0.4703125 0.4984375 0.46875 0.453125 0.471875 0.4484375 0.4734375 0.4390625
1 0.621875 0.525 0.6203125 0.521875 0.6203125 0.4625 0.6234375 0.459375 0.6265625 0.4453125 0.6296875 0.446875 0.6296875 0.4953125 0.6265625 0.5078125 0.628125 0.5203125 0.6234375 0.525
1 0.5875 0.4 0.590625 0.3984375 0.6015625 0.4 0.5984375 0.4046875 0.5984375 0.409375 0.6015625 0.4140625 0.60625 0.4328125 0.6171875 0.446875 0.615625 0.45625 0.6140625 0.45 0.6015625 0.4375 0.5984375 0.440625 0.5984375 0.4515625 0.5953125 0.4484375 0.590625 0.4359375 0.5921875 0.4296875 0.5890625 0.4265625 0.58125 0.425 0.590625 0.415625 0.5875 0.4015625
1 0.3359375 0.6421875 0.3375 0.6078125 0.334375 0.5953125 0.334375 0.5796875 0.3359375 0.578125 0.3359375 0.5609375 0.340625 0.55 0.34375 0.5515625 0.3421875 0.5625 0.3453125 0.5671875 0.3453125 0.5890625 0.3421875 0.6109375 0.3421875 0.6421875 0.340625 0.64375 0.3375 0.6421875
1 0.6296875 0.51875 0.628125 0.509375 0.63125 0.490625 0.63125 0.4484375 0.634375 0.446875 0.6359375 0.45 0.6359375 0.496875 0.634375 0.4984375 0.6359375 0.5 0.6359375 0.5171875 0.6296875 0.5203125
1 0.45 0.46875 0.453125 0.4703125 0.453125 0.53125 0.4578125 0.540625 0.4578125 0.5453125 0.45625 0.546875 0.4515625 0.54375 0.4515625 0.534375 0.4484375 0.53125 0.446875 0.5328125 0.446875 0.5484375 0.44375 0.5484375 0.44375 0.5 0.4484375 0.4703125
1 0.2953125 0.640625 0.01796875 0.09453125
1 0.5328125 0.490625 0.5359375 0.490625 0.5390625 0.5078125 0.5390625 0.5390625 0.540625 0.540625 0.5390625 0.553125 0.540625 0.5765625 0.5375 0.5765625 0.5359375 0.5734375 0.5296875 0.575 0.5296875 0.5484375 0.528125 0.546875 0.528125 0.5296875 0.525 0.5234375 0.525 0.5125 0.5328125 0.4921875
1 0.371875 0.5390625 0.3765625 0.5515625 0.3796875 0.5953125 0.3828125 0.6046875 0.384375 0.6234375 0.3796875 0.6234375 0.378125 0.6015625 0.3734375 0.6 0.3703125 0.603125 0.36875 0.6265625 0.3671875 0.628125 0.365625 0.6265625 0.365625 0.6078125 0.3671875 0.60625 0.365625 0.5546875 0.3703125 0.5484375 0.3703125 0.540625
1 0.8828125 0.56328125 0.0296875 0.07890625
1 0.7265625 0.634375 0.728125 0.6453125 0.734375 0.6546875 0.7375 0.6765625 0.7375 0.6859375 0.734375 0.6875 0.7328125 0.6953125 0.7328125 0.728125 0.73125 0.73125 0.728125 0.734375 0.7234375 0.734375 0.721875 0.73125 0.7234375 0.715625 0.7203125 0.7015625 0.7203125 0.6859375 0.7171875 0.675 0.7171875 0.65625 0.7234375 0.6453125 0.7234375 0.6359375 0.725 0.6359375
1 0.35625 0.57265625 0.0140625 0.09609375
1 0.428125 0.478125 0.43125 0.478125 0.43125 0.49375 0.4359375 0.5125 0.43125 0.534375 0.43125 0.5609375 0.4265625 0.5609375 0.4234375 0.55625 0.4234375 0.5375 0.425 0.5359375 0.421875 0.5234375 0.4203125 0.5 0.428125 0.4796875
1 0.396875 0.5046875 0.4 0.50625 0.3984375 0.5703125 0.396875 0.571875 0.3984375 0.590625 0.396875 0.5921875 0.3921875 0.590625 0.39375 0.5625 0.390625 0.553125 0.390625 0.525 0.396875 0.50625
1 0.8015625 0.43125 0.8046875 0.43125 0.809375 0.446875 0.809375 0.4890625 0.8109375 0.490625 0.8109375 0.5078125 0.809375 0.509375 0.8046875 0.5078125 0.8015625 0.5015625 0.8015625 0.4859375 0.8 0.484375 0.8015625 0.4328125
1 0.559375 0.3875 0.5625 0.3875 0.5625 0.3953125 0.5671875 0.4046875 0.5640625 0.4125 0.5640625 0.4234375 0.5671875 0.4375 0.5703125 0.4421875 0.56875 0.44375 0.5640625 0.4421875 0.5625 0.4296875 0.55625 0.4265625 0.553125 0.4484375 0.55 0.45 0.553125 0.4296875 0.55 0.4109375 0.559375 0.3890625
1 0.1375 0.3875 0.1390625 0.4515625 0.134375 0.4484375 0.1328125 0.440625 0.128125 0.446875 0.1265625 0.4578125 0.125 0.45625 0.1265625 0.40625 0.1328125 0.3890625 0.1359375 0.3875
2 0.4921875 0.575 0.496875 0.575 0.496875 0.58125 0.5015625 0.5875 0.5046875 0.609375 0.503125 0.6171875 0.5046875 0.6640625 0.503125 0.6640625 0.4984375 0.64375 0.4953125 0.653125 0.496875 0.6671875 0.49375 0.66875 0.4921875 0.6390625 0.4875 0.61875 0.4875 0.590625 0.4921875 0.584375 0.4921875 0.5765625