1 0.3171875 0.75 0.3265625 0.7734375 0.325 0.803125 0.328125 0.8203125 0.328125 0.828125 0.321875 0.821875 0.31875 0.8234375 0.3171875 0.828125 0.315625 0.8265625 0.315625 0.815625 0.3125 0.80625 0.3109375 0.7671875 0.315625 0.759375 0.3171875 0.7515625
1 0.4734375 0.51875 0.4765625 0.5234375 0.4765625 0.571875 0.4734375 0.5734375 0.4703125 0.571875 0.4671875 0.565625 0.46875 0.5203125 0.471875 0.51875
1 0.425 0.534375 0.01328125 0.06953125
1 0.3875 0.546875 0.390625 0.546875 0.3953125 0.5578125 0.39375 0.5828125 0.396875 0.60625 0.396875 0.6109375 0.39375 0.6109375 0.390625 0.60625 0.384375 0.615625 0.384375 0.590625 0.38125 0.5640625 0.3828125 0.55625 0.3875 0.5484375
1 0.3453125 0.528125 0.3484375 0.5328125 0.3453125 0.5671875 0.3390625 0.5734375 0.3375 0.571875 0.3390625 0.546875 0.34375 0.5296875
1 0.4625 0.571875 0.4671875 0.5765625 0.4703125 0.5859375 0.46875 0.5890625 0.4703125 0.634375 0.4703125 0.6265625 0.4640625 0.6171875 0.4609375 0.61875 0.459375 0.6234375 0.459375 0.6359375 0.45625 0.6359375 0.4546875 0.6328125 0.45625 0.584375 0.4609375 0.5734375
1 0.2 0.6046875 0.203125 0.59375 0.203125 0.5796875 0.209375 0.5578125 0.2140625 0.5546875 0.2140625 0.56875 0.2171875 0.578125 0.2125 0.5890625 0.2125 0.60625 0.2078125 0.5984375 0.2 0.60625
1 0.271875 0.55 0.2765625 0.55 0.28125 0.575 0.28125 0.58125 0.2765625 0.5890625 0.275 0.6 0.26875 0.6078125 0.2671875 0.60625 0.265625 0.575 0.259375 0.571875 0.2625 0.5625 0.271875 0.5515625
1 0.3515625 0.53125 0.3546875 0.540625 0.353125 0.553125 0.3546875 0.590625 0.3515625 0.5875 0.3453125 0.553125 0.3484375 0.5421875 0.346875 0.5328125 0.35 0.53125
1 0.3171875 0.55 0.3203125 0.58125 0.3171875 0.5875 0.3171875 0.6109375 0.3140625 0.63125 0.309375 0.6265625 0.309375 0.6203125 0.3078125 0.61875 0.303125 0.621875 0.3015625 0.61875 0.3078125 0.603125 0.309375 0.5578125 0.3125 0.5515625 0.315625 0.55
1 0.3453125 0.5671875 0.3484375 0.5703125 0.353125 0.5859375 0.353125 0.6203125 0.3453125 0.6265625 0.34375 0.609375 0.3390625 0.5953125 0.3390625 0.5765625 0.34375 0.56875
1 0.4171875 0.6671875 0.425 0.675 0.4296875 0.6875 0.43125 0.709375 0.4421875 0.728125 0.4421875 0.7359375 0.4390625 0.7359375 0.43125 0.71875 0.425 0.7140625 0.4234375 0.7234375 0.4265625 0.734375 0.425 0.7375 0.421875 0.7375 0.4171875 0.7171875 0.41875 0.715625 0.41875 0.6984375 0.4140625 0.69375 0.4171875 0.6859375 0.4171875 0.66875
1 0.9984375 0.9578125 0.9984375 0.9984375 0.9890625 0.996875 0.990625 0.975 0.9984375 0.959375
2 0.0890625 0.559375 0.0921875 0.559375 0.09375 0.59375 0.0953125 0.5953125 0.09375 0.6296875 0.0921875 0.6328125 0.0859375 0.63125 0.0890625 0.6125 0.0859375 0.5984375 0.0859375 0.56875 0.0890625 0.5609375
1 0.4609375 0.5171875 0.4640625 0.5171875 0.4671875 0.5234375 0.4671875 0.546875 0.4640625 0.5578125 0.4640625 0.5671875 0.45625 0.5765625 0.45625 0.5296875 0.4609375 0.51875
1 0.3765625 0.5453125 0.38125 0.5515625 0.3796875 0.578125 0.3765625 0.578125 0.3703125 0.5875 0.36875 0.55625 0.3703125 0.55 0.375 0.546875
1 0.4703125 0.575 0.4765625 0.575 0.4765625 0.58125 0.4796875 0.5875 0.478125 0.64375 0.4765625 0.6453125 0.4734375 0.64375 0.4703125 0.6296875 0.4703125 0.60625 0.46875 0.6046875 0.4703125 0.5765625