2 0.21875 0.5484375 0.221875 0.5484375 0.228125 0.5703125 0.2265625 0.5953125 0.2296875 0.609375 0.2359375 0.61875 0.23125 0.6203125 0.2265625 0.6109375 0.225 0.6015625 0.221875 0.5984375 0.2171875 0.6015625 0.2125 0.609375 0.203125 0.615625 0.203125 0.609375 0.2125 0.6 0.215625 0.590625 0.2109375 0.5734375 0.2109375 0.5625 0.21875 0.55
0 0.36633680555555553 0.5478645833333333 0.005677083333333321 0.009739583333333357
1 0.5625 0.6234375 0.5625 0.63125 0.56875 0.6390625 0.5703125 0.6453125 0.578125 0.653125 0.575 0.6546875 0.5671875 0.65 0.565625 0.6515625 0.565625 0.6703125 0.5734375 0.696875 0.571875 0.7 0.5671875 0.6953125 0.565625 0.684375 0.5609375 0.6796875 0.55625 0.684375 0.54375 0.6890625 0.5421875 0.6875 0.5421875 0.68125 0.55625 0.6734375 0.55625 0.653125 0.553125 0.65 0.546875 0.6625 0.546875 0.6546875 0.55625 0.6375 0.5578125 0.625 0.5609375 0.6234375
1 0.3515625 0.4953125 0.35625 0.496875 0.3546875 0.5015625 0.35625 0.53125 0.3578125 0.540625 0.3625 0.55 0.3609375 0.559375 0.35 0.5390625 0.346875 0.5140625 0.3515625 0.496875
1 0.4984375 0.546875 0.4984375 0.553125 0.5046875 0.5625 0.50625 0.5703125 0.5046875 0.60625 0.5 0.621875 0.496875 0.6203125 0.496875 0.59375 0.4921875 0.58125 0.4953125 0.5609375 0.49375 0.5484375 0.496875 0.546875
1 0.2671875 0.4875 0.2734375 0.48125 0.271875 0.46875 0.275 0.4546875 0.28125 0.453125 0.2796875 0.4734375 0.284375 0.5125 0.284375 0.51875 0.2828125 0.5203125 0.2796875 0.5171875 0.2796875 0.50625 0.2671875 0.4890625
1 0.275 0.775 0.2765625 0.7875 0.2828125 0.803125 0.2828125 0.8125 0.278125 0.8171875 0.2796875 0.8375 0.2765625 0.84375 0.275 0.865625 0.2734375 0.8671875 0.2703125 0.865625 0.2703125 0.84375 0.265625 0.840625 0.26875 0.8296875 0.265625 0.79375 0.271875 0.784375 0.2734375 0.7765625
1 0.3453125 0.5171875 0.35 0.528125 0.35 0.5484375 0.353125 0.5546875 0.353125 0.565625 0.346875 0.575 0.34375 0.5859375 0.340625 0.5859375 0.34375 0.559375 0.340625 0.55 0.340625 0.534375 0.34375 0.51875
1 0.3375 0.6609375 0.3421875 0.6828125 0.346875 0.690625 0.3421875 0.7 0.34375 0.7203125 0.340625 0.7265625 0.3390625 0.7421875 0.3375 0.74375 0.3359375 0.740625 0.3359375 0.7265625 0.3296875 0.7234375 0.3296875 0.7171875 0.3328125 0.7140625 0.3328125 0.6921875 0.3296875 0.6890625 0.3296875 0.6796875 0.3359375 0.6625
1 0.4671875 0.5609375 0.4640625 0.55 0.4578125 0.5421875 0.4515625 0.553125 0.4515625 0.5609375 0.4484375 0.5625 0.446875 0.55625 0.45 0.5484375 0.4484375 0.5078125 0.4515625 0.49375 0.4546875 0.4953125 0.4625 0.5109375 0.4640625 0.5171875 0.4625 0.5328125 0.4671875 0.5546875 0.4703125 0.5578125 0.46875 0.5609375
1 0.76875 0.4953125 0.7796875 0.5171875 0.78125 0.5671875 0.778125 0.5671875 0.775 0.5625 0.775 0.546875 0.7703125 0.53125 0.7671875 0.496875