1 0.671875 0.4640625 0.675 0.471875 0.675 0.4859375 0.671875 0.4921875 0.6734375 0.525 0.671875 0.5265625 0.665625 0.51875 0.6609375 0.5265625 0.659375 0.525 0.659375 0.515625 0.6640625 0.5078125 0.665625 0.4984375 0.6640625 0.48125 0.671875 0.465625
1 0.321875 0.8046875 0.3265625 0.8046875 0.3265625 0.85625 0.3296875 0.88125 0.3328125 0.8953125 0.3390625 0.903125 0.3375 0.909375 0.334375 0.9109375 0.33125 0.909375 0.325 0.884375 0.325 0.8765625 0.321875 0.8734375 0.31875 0.875 0.3140625 0.8875 0.3140625 0.8984375 0.309375 0.9 0.3109375 0.88125 0.315625 0.8703125 0.315625 0.8359375 0.321875 0.80625
1 0.446875 0.496875 0.446875 0.478125 0.44375 0.4703125 0.44375 0.4578125 0.45 0.440625 0.453125 0.4421875 0.4546875 0.4859375 0.4484375 0.496875
1 0.6046875 0.3203125 0.609375 0.3328125 0.6078125 0.3734375 0.603125 0.3765625 0.6015625 0.3671875 0.6015625 0.3375 0.6 0.3359375 0.603125 0.321875
1 0.5390625 0.3875 0.54375 0.3828125 0.55 0.3875 0.5484375 0.415625 0.5453125 0.425 0.5453125 0.440625 0.546875 0.4421875 0.5453125 0.4453125 0.5421875 0.44375 0.5390625 0.4359375 0.540625 0.4265625 0.5375 0.3984375 0.5390625 0.3890625
1 0.55 0.3484375 0.5546875 0.3640625 0.5515625 0.3953125 0.55 0.3953125 0.5484375 0.3875 0.5421875 0.384375 0.5421875 0.3609375 0.5484375 0.35
1 0.678125 0.7203125 0.684375 0.75625 0.684375 0.7796875 0.6828125 0.78125 0.684375 0.79375 0.68125 0.796875 0.6796875 0.7953125 0.6765625 0.796875 0.6765625 0.8109375 0.671875 0.8109375 0.671875 0.7765625 0.6703125 0.775 0.6703125 0.759375 0.6671875 0.7515625 0.66875 0.7390625 0.675 0.73125 0.675 0.721875 0.6765625 0.721875
1 0.521875 0.3578125 0.525 0.3578125 0.5265625 0.3609375 0.528125 0.3765625 0.521875 0.384375 0.51875 0.384375 0.5203125 0.378125 0.51875 0.365625 0.521875 0.359375
1 0.4453125 0.525 0.45 0.5265625 0.4515625 0.534375 0.4515625 0.5734375 0.446875 0.596875 0.4421875 0.6 0.440625 0.5984375 0.4421875 0.5484375 0.434375 0.540625 0.434375 0.5375 0.44375 0.5328125 0.4453125 0.5265625
1 0.3171875 0.34375 0.321875 0.35625 0.321875 0.3828125 0.3203125 0.384375 0.3234375 0.3984375 0.3234375 0.40625 0.31875 0.403125 0.3140625 0.4046875 0.3125 0.4 0.3140625 0.3984375 0.3125 0.3578125 0.3171875 0.3453125
1 0.475 0.39375 0.478125 0.3953125 0.48125 0.403125 0.48125 0.4234375 0.484375 0.4453125 0.4828125 0.4546875 0.4796875 0.453125 0.478125 0.44375 0.475 0.4453125 0.475 0.4546875 0.4734375 0.45625 0.471875 0.4546875 0.4703125 0.4046875 0.475 0.3953125
1 0.165625 0.721875 0.16875 0.725 0.16875 0.7703125 0.1703125 0.771875 0.16875 0.809375 0.1734375 0.8171875 0.171875 0.8203125 0.165625 0.81875 0.165625 0.8015625 0.1640625 0.8 0.159375 0.8015625 0.1546875 0.815625 0.1515625 0.8109375 0.1515625 0.803125 0.1578125 0.79375 0.159375 0.7390625 0.1640625 0.7234375
1 0.5046875 0.7203125 0.50625 0.721875 0.5046875 0.7484375 0.509375 0.7515625 0.5015625 0.759375 0.50625 0.7765625 0.50625 0.79375 0.5046875 0.7953125 0.50625 0.8078125 0.5046875 0.8109375 0.5015625 0.8109375 0.5 0.803125 0.5015625 0.7859375 0.4984375 0.7828125 0.4765625 0.803125 0.4765625 0.79375 0.4890625 0.78125 0.490625 0.7765625 0.490625 0.7671875 0.4953125 0.7515625 0.4953125 0.740625 0.503125 0.721875
1 0.9421875 0.5078125 0.9484375 0.5265625 0.9484375 0.540625 0.9453125 0.5453125 0.9453125 0.5609375 0.95 0.5671875 0.95 0.578125 0.9484375 0.5796875 0.946875 0.578125 0.946875 0.5734375 0.9421875 0.5640625 0.9390625 0.5671875 0.9390625 0.578125 0.934375 0.5796875 0.934375 0.5421875 0.93125 0.5375 0.928125 0.5390625 0.93125 0.5359375 0.9375 0.5125 0.940625 0.509375
1 0.5046875 0.4234375 0.5078125 0.425 0.5078125 0.4484375 0.509375 0.45 0.5078125 0.46875 0.5046875 0.4734375 0.5046875 0.4859375 0.5 0.48125 0.5 0.4453125 0.503125 0.425
1 0.51875 0.4078125 0.521875 0.4078125 0.525 0.4140625 0.525 0.465625 0.5265625 0.4671875 0.5265625 0.471875 0.5203125 0.471875 0.51875 0.4625 0.5171875 0.4734375 0.5140625 0.4734375 0.515625 0.459375 0.5140625 0.421875 0.51875 0.409375
1 0.45625 0.4296875 0.459375 0.4296875 0.4640625 0.4390625 0.459375 0.475 0.45625 0.4796875 0.45625 0.484375 0.4546875 0.4515625 0.453125 0.45 0.453125 0.4375 0.45625 0.43125
1 0.528125 0.38125 0.53125 0.3875 0.5296875 0.4234375 0.5328125 0.43125 0.5296875 0.4359375 0.5265625 0.4171875 0.51875 0.4046875 0.5203125 0.3875 0.5265625 0.38125
1 0.6140625 0.5453125 0.6171875 0.5453125 0.61875 0.55 0.61875 0.5671875 0.621875 0.575 0.621875 0.584375 0.6171875 0.5875 0.6140625 0.6234375 0.6109375 0.6234375 0.609375 0.6203125 0.6109375 0.609375 0.6078125 0.60625 0.603125 0.60625 0.603125 0.6 0.609375 0.5953125 0.609375 0.590625 0.6078125 0.5890625 0.6078125 0.56875 0.6 0.5609375 0.60625 0.5578125 0.6125 0.5515625 0.6140625 0.546875
1 0.3171875 0.55 0.3203125 0.5515625 0.3203125 0.55625 0.325 0.565625 0.3234375 0.6265625 0.3203125 0.628125 0.3171875 0.6234375 0.3140625 0.6296875 0.3125 0.5671875 0.3171875 0.5515625
1 0.8046875 0.2765625 0.8078125 0.2796875 0.80625 0.2828125 0.8078125 0.284375 0.809375 0.321875 0.80625 0.3203125 0.803125 0.3140625 0.8015625 0.321875 0.8 0.3234375 0.7984375 0.321875 0.8015625 0.303125 0.8015625 0.2875 0.8046875 0.278125
2 0.49609375 0.60703125 0.0125 0.0859375