0 0.8459027777777777 0.7723842592592594 0.008871527777777822 0.01294560185185185
1 0.1421875 0.403125 0.1484375 0.4296875 0.14375 0.434375 0.14375 0.446875 0.1390625 0.45625 0.1390625 0.465625 0.1296875 0.465625 0.1296875 0.4578125 0.1359375 0.446875 0.1328125 0.4171875 0.1375 0.4046875 0.140625 0.403125
1 0.16875 0.5171875 0.171875 0.515625 0.1734375 0.5109375 0.178125 0.515625 0.1765625 0.51875 0.178125 0.5203125 0.178125 0.5421875 0.1828125 0.565625 0.18125 0.5765625 0.178125 0.5765625 0.1765625 0.56875 0.165625 0.571875 0.1625 0.5703125 0.1625 0.565625 0.1703125 0.5578125 0.16875 0.51875
1 0.40625 0.58125 0.4 0.5765625 0.3984375 0.5859375 0.396875 0.5875 0.3953125 0.584375 0.3953125 0.5671875 0.3890625 0.5390625 0.3890625 0.5296875 0.39375 0.5203125 0.39375 0.5140625 0.396875 0.5125 0.3984375 0.515625 0.4015625 0.525 0.403125 0.5546875 0.4078125 0.5765625 0.40625 0.5796875
1 0.2140625 0.5125 0.2171875 0.54375 0.2171875 0.5859375 0.215625 0.5890625 0.2125 0.5890625 0.2109375 0.58125 0.203125 0.5890625 0.2015625 0.5875 0.2078125 0.571875 0.20625 0.5390625 0.209375 0.51875 0.2125 0.5140625
1 0.178125 0.4546875 0.178125 0.459375 0.1828125 0.4671875 0.1796875 0.5171875 0.1734375 0.5109375 0.1671875 0.5234375 0.165625 0.5234375 0.165625 0.5171875 0.16875 0.5109375 0.1703125 0.496875 0.16875 0.471875 0.1734375 0.45625 0.1765625 0.4546875
1 0.45 0.4265625 0.4515625 0.4328125 0.45 0.434375 0.45 0.4875 0.4515625 0.4921875 0.4484375 0.490625 0.446875 0.4796875 0.44375 0.478125 0.440625 0.484375 0.4390625 0.5 0.4375 0.5 0.4390625 0.44375 0.4421875 0.4328125 0.4484375 0.4265625
2 0.153125 0.640625 0.15625 0.646875 0.1546875 0.6640625 0.15625 0.665625 0.1578125 0.7265625 0.1609375 0.7296875 0.159375 0.7328125 0.153125 0.7296875 0.1546875 0.7171875 0.1515625 0.709375 0.1453125 0.7125 0.1359375 0.734375 0.1328125 0.7328125 0.1453125 0.703125 0.14375 0.659375 0.146875 0.65625 0.1515625 0.6421875
1 0.7484375 0.6625 0.7515625 0.6640625 0.7515625 0.6703125 0.746875 0.6796875 0.746875 0.6953125 0.75 0.6984375 0.7484375 0.7 0.75 0.7015625 0.75 0.7359375 0.746875 0.7375 0.74375 0.7328125 0.74375 0.7140625 0.734375 0.7046875 0.7328125 0.7 0.7359375 0.68125 0.746875 0.6640625
1 0.8375 0.725 0.8453125 0.715625 0.846875 0.7046875 0.8453125 0.69375 0.8484375 0.6890625 0.853125 0.6921875 0.8515625 0.6953125 0.8640625 0.7140625 0.8640625 0.725 0.8609375 0.7296875 0.8609375 0.7578125 0.865625 0.775 0.8640625 0.78125 0.8609375 0.7765625 0.859375 0.7625 0.8546875 0.753125 0.85 0.7546875 0.853125 0.759375 0.8546875 0.771875 0.853125 0.7765625 0.8484375 0.775 0.8484375 0.7671875 0.8453125 0.765625 0.8453125 0.7578125 0.8421875 0.753125 0.846875 0.728125 0.84375 0.725 0.840625 0.7265625 0.8390625 0.725
1 0.0765625 0.5359375 0.0765625 0.525 0.08125 0.51875 0.0796875 0.475 0.0859375 0.4625 0.0875 0.4625 0.0875 0.471875 0.090625 0.4796875 0.090625 0.5109375 0.0828125 0.53125 0.078125 0.5359375
1 0.0010460069444444442 0.6347511574074074 0.0020920138888888885 0.08826967592592591
1 0.1171875 0.5671875 0.121875 0.56875 0.1234375 0.58125 0.121875 0.596875 0.1234375 0.6203125 0.121875 0.6265625 0.1140625 0.6328125 0.1125 0.6484375 0.1078125 0.646875 0.1078125 0.63125 0.1109375 0.6265625 0.109375 0.590625 0.1171875 0.56875
1 0.278125 0.4734375 0.2859375 0.484375 0.2859375 0.503125 0.2828125 0.5140625 0.284375 0.54375 0.28125 0.5375 0.28125 0.5265625 0.2765625 0.5234375 0.271875 0.5328125 0.2703125 0.54375 0.2671875 0.546875 0.2671875 0.5328125 0.2703125 0.5265625 0.2703125 0.515625 0.2734375 0.5109375 0.2734375 0.5 0.2640625 0.4953125 0.2734375 0.4828125 0.2765625 0.475
1 0.0953125 0.4359375 0.1 0.4453125 0.1 0.4671875 0.0984375 0.46875 0.1 0.4796875 0.096875 0.496875 0.09375 0.5 0.090625 0.496875 0.0921875 0.475 0.0890625 0.4625 0.0890625 0.4515625 0.09375 0.4375