0 0.5359375 0.471875 0.5375 0.465625 0.5390625 0.465625 0.5390625 0.471875 0.5375 0.471875
1 0.2515625 0.6828125 0.2515625 0.6984375 0.25 0.7 0.2515625 0.721875 0.2484375 0.7265625 0.2484375 0.7484375 0.2453125 0.75 0.24375 0.734375 0.240625 0.73125 0.234375 0.7375 0.2265625 0.7390625 0.2234375 0.7375 0.2234375 0.734375 0.234375 0.725 0.240625 0.696875 0.25 0.684375
1 0.1421875 0.465625 0.1453125 0.465625 0.1421875 0.4875 0.1421875 0.5046875 0.14375 0.50625 0.1421875 0.525 0.140625 0.5265625 0.1390625 0.525 0.140625 0.5109375 0.1375 0.5078125 0.134375 0.509375 0.128125 0.521875 0.1234375 0.5203125 0.1328125 0.503125 0.134375 0.4828125 0.1421875 0.4671875
1 0.6 0.3875 0.60625 0.3921875 0.6078125 0.4 0.6078125 0.40625 0.6046875 0.409375 0.603125 0.41875 0.603125 0.4359375 0.6015625 0.4375 0.59375 0.4359375 0.5953125 0.40625 0.6 0.3890625
1 0.02418981481481481 0.693912037037037 0.02028356481481482 0.08461226851851852
1 0.3703125 0.4453125 0.371875 0.4609375 0.365625 0.471875 0.3640625 0.4953125 0.3625 0.496875 0.3609375 0.4953125 0.3578125 0.4875 0.3578125 0.471875 0.3625 0.4546875 0.36875 0.446875
1 0.121875 0.4625 0.11875 0.4546875 0.115625 0.45625 0.115625 0.4625 0.1125 0.4640625 0.1109375 0.4625 0.1125 0.4359375 0.115625 0.4296875 0.1171875 0.4171875 0.1203125 0.4140625 0.1234375 0.4171875 0.121875 0.425 0.125 0.434375 0.1234375 0.4359375 0.1234375 0.453125 0.1265625 0.4609375 0.1234375 0.4625
1 0.4359375 0.515625 0.440625 0.51875 0.440625 0.521875 0.4375 0.534375 0.4375 0.5484375 0.434375 0.55625 0.434375 0.571875 0.43125 0.571875 0.4296875 0.56875 0.4296875 0.559375 0.421875 0.5546875 0.4296875 0.540625 0.43125 0.525 0.4359375 0.5171875
1 0.425 0.5078125 0.434375 0.5 0.4359375 0.51875 0.43125 0.525 0.4265625 0.5390625 0.41875 0.546875 0.4125 0.5453125 0.41875 0.534375 0.421875 0.5109375 0.425 0.509375
1 0.0390625 0.9328125 0.05 0.93125 0.0421875 0.9515625 0.04375 0.9671875 0.0421875 0.978125 0.028125 0.9953125 0.0234375 0.99375 0.0234375 0.9890625 0.03125 0.98125 0.0328125 0.975 0.03125 0.959375 0.0390625 0.934375
1 0.0671875 0.5375 0.0703125 0.5375 0.0734375 0.54375 0.0703125 0.565625 0.0734375 0.596875 0.06875 0.5953125 0.06875 0.5828125 0.065625 0.5796875 0.0578125 0.5859375 0.0546875 0.59375 0.05 0.59375 0.05 0.5890625 0.0578125 0.578125 0.059375 0.5546875 0.0671875 0.5390625
1 0.1921875 0.5265625 0.1953125 0.5265625 0.196875 0.53125 0.190625 0.5515625 0.190625 0.5703125 0.1859375 0.5796875 0.1859375 0.5859375 0.1796875 0.584375 0.1734375 0.590625 0.1734375 0.58125 0.178125 0.5734375 0.178125 0.5578125 0.1828125 0.5421875 0.1921875 0.528125
1 0.3375 0.6375 0.3390625 0.6390625 0.3390625 0.675 0.3375 0.6890625 0.3328125 0.7015625 0.3265625 0.703125 0.321875 0.7109375 0.3203125 0.7109375 0.3203125 0.7046875 0.3265625 0.6828125 0.33125 0.6484375 0.3359375 0.6390625
1 0.2265625 0.5953125 0.225 0.6046875 0.2265625 0.6203125 0.221875 0.63125 0.221875 0.6375 0.21875 0.640625 0.21875 0.65 0.215625 0.65 0.2125 0.6453125 0.20625 0.65625 0.203125 0.6546875 0.203125 0.6515625 0.2125 0.6359375 0.2140625 0.609375 0.21875 0.6 0.225 0.5953125
1 0.721875 0.4625 0.7265625 0.4703125 0.7265625 0.48125 0.7203125 0.49375 0.7203125 0.5046875 0.7171875 0.515625 0.709375 0.5234375 0.70625 0.5234375 0.70625 0.51875 0.7140625 0.503125 0.7140625 0.475 0.7203125 0.4640625
1 0.2015625 0.44375 0.2046875 0.415625 0.2109375 0.4046875 0.2171875 0.40625 0.2171875 0.4203125 0.215625 0.428125 0.2125 0.43125 0.2125 0.44375 0.2078125 0.440625 0.203125 0.44375
1 0.3109375 0.525 0.3125 0.5265625 0.3125 0.5421875 0.309375 0.5515625 0.3109375 0.5640625 0.3078125 0.56875 0.30625 0.578125 0.303125 0.5796875 0.3015625 0.575 0.2984375 0.5734375 0.2953125 0.5828125 0.2921875 0.5828125 0.3 0.5578125 0.3 0.55 0.303125 0.5453125 0.30625 0.53125 0.3109375 0.5265625
1 0.5671875 0.5703125 0.571875 0.5703125 0.5703125 0.578125 0.5734375 0.5859375 0.5734375 0.59375 0.56875 0.5984375 0.5703125 0.6078125 0.56875 0.634375 0.565625 0.6328125 0.565625 0.6203125 0.5625 0.61875 0.5515625 0.634375 0.5515625 0.6390625 0.55 0.640625 0.546875 0.6390625 0.5484375 0.63125 0.553125 0.6265625 0.559375 0.6140625 0.5609375 0.5921875 0.5546875 0.5890625 0.55625 0.5828125 0.5671875 0.571875