1 0.78125 0.453125 0.7859375 0.4484375 0.7859375 0.440625 0.790625 0.4375 0.7921875 0.4484375 0.796875 0.4578125 0.796875 0.4734375 0.7984375 0.475 0.7953125 0.5015625 0.7953125 0.5375 0.79375 0.5390625 0.790625 0.5359375 0.790625 0.51875 0.7875 0.509375 0.784375 0.5140625 0.784375 0.53125 0.7828125 0.5328125 0.78125 0.53125 0.78125 0.5078125 0.7828125 0.50625 0.78125 0.4734375 0.7796875 0.471875 0.78125 0.4546875
1 0.3390625 0.7046875 0.340625 0.7171875 0.3453125 0.7234375 0.3484375 0.7359375 0.346875 0.76875 0.34375 0.784375 0.3484375 0.80625 0.3484375 0.825 0.3375 0.8328125 0.3359375 0.8203125 0.328125 0.8 0.328125 0.7859375 0.334375 0.7625 0.3328125 0.7578125 0.334375 0.728125 0.3328125 0.7265625 0.3359375 0.7203125 0.334375 0.7109375 0.3375 0.70625
1 0.64375 0.4953125 0.646875 0.496875 0.65 0.5109375 0.6546875 0.515625 0.65625 0.5234375 0.6515625 0.5578125 0.6515625 0.5921875 0.65 0.5953125 0.646875 0.5953125 0.6453125 0.5921875 0.6421875 0.596875 0.6390625 0.596875 0.6390625 0.534375 0.6375 0.5328125 0.6375 0.51875 0.640625 0.50625 0.6390625 0.496875 0.6421875 0.4953125
1 0.7140625 0.475 0.715625 0.4828125 0.7234375 0.4953125 0.7203125 0.5796875 0.7171875 0.5796875 0.7171875 0.5484375 0.7140625 0.54375 0.7109375 0.55 0.70625 0.578125 0.7046875 0.5796875 0.7015625 0.578125 0.70625 0.5546875 0.7046875 0.55 0.70625 0.5484375 0.7078125 0.48125 0.709375 0.4765625 0.7125 0.475
1 0.965625 0.51875 0.971875 0.51875 0.9734375 0.5265625 0.9765625 0.5484375 0.9734375 0.565625 0.9703125 0.56875 0.9625 0.56875 0.959375 0.565625 0.9484375 0.565625 0.94375 0.5640625 0.940625 0.5578125 0.940625 0.5515625 0.9640625 0.5390625 0.965625 0.5203125
1 0.74375 0.45625 0.7515625 0.4921875 0.75 0.53125 0.753125 0.55625 0.7484375 0.559375 0.746875 0.5578125 0.7484375 0.553125 0.746875 0.53125 0.7421875 0.525 0.7375 0.5328125 0.7359375 0.553125 0.7296875 0.553125 0.734375 0.5390625 0.7359375 0.5125 0.7390625 0.5046875 0.7375 0.4671875 0.7390625 0.4578125 0.7421875 0.45625
1 0.2890625 0.5796875 0.2921875 0.60625 0.2921875 0.634375 0.2859375 0.6609375 0.2953125 0.6765625 0.2953125 0.684375 0.290625 0.6890625 0.2890625 0.6765625 0.284375 0.6734375 0.28125 0.678125 0.278125 0.6984375 0.271875 0.6984375 0.271875 0.69375 0.2765625 0.684375 0.278125 0.675 0.2796875 0.6109375 0.2828125 0.603125 0.2828125 0.584375 0.2875 0.5796875
1 0.8953125 0.565625 0.8984375 0.5671875 0.9015625 0.5734375 0.9015625 0.5796875 0.90625 0.5859375 0.9078125 0.59375 0.9078125 0.60625 0.9046875 0.6203125 0.9078125 0.6765625 0.9046875 0.6765625 0.9015625 0.6703125 0.9015625 0.65 0.9 0.6421875 0.8953125 0.6359375 0.8921875 0.6390625 0.8875 0.65625 0.88125 0.6609375 0.8796875 0.66875 0.878125 0.6703125 0.8765625 0.66875 0.8765625 0.65625 0.88125 0.6515625 0.8859375 0.6375 0.884375 0.590625 0.8890625 0.58125 0.8890625 0.56875 0.89375 0.565625
1 0.59375 0.4578125 0.5984375 0.4578125 0.6 0.465625 0.609375 0.478125 0.6078125 0.49375 0.609375 0.4984375 0.6078125 0.5015625 0.609375 0.5578125 0.60625 0.5578125 0.603125 0.525 0.5984375 0.5265625 0.5984375 0.540625 0.5953125 0.5515625 0.5921875 0.553125 0.59375 0.5046875 0.590625 0.4953125 0.590625 0.46875 0.59375 0.459375
1 0.8328125 0.721875 0.8359375 0.7265625 0.8359375 0.7390625 0.8421875 0.7625 0.840625 0.7953125 0.8375 0.8140625 0.8453125 0.825 0.8453125 0.8359375 0.84375 0.840625 0.840625 0.8390625 0.8390625 0.8328125 0.8375 0.83125 0.8359375 0.8328125 0.834375 0.846875 0.83125 0.8546875 0.825 0.8546875 0.825 0.8484375 0.828125 0.8421875 0.828125 0.821875 0.825 0.8109375 0.8265625 0.7953125 0.825 0.7765625 0.828125 0.7640625 0.828125 0.7234375 0.83125 0.721875
1 0.321875 0.5953125 0.3234375 0.653125 0.31875 0.6609375 0.31875 0.6703125 0.321875 0.675 0.3234375 0.6890625 0.3140625 0.7046875 0.3109375 0.703125 0.3125 0.6875 0.3078125 0.671875 0.3078125 0.659375 0.3109375 0.65 0.3109375 0.6046875 0.3125 0.603125 0.3109375 0.5921875 0.315625 0.5875 0.3203125 0.5953125
1 0.8894618055555554 0.5419097222222222 0.016024305555555608 0.054600694444444375
1 0.6953125 0.440625 0.6984375 0.44375 0.7 0.453125 0.709375 0.4625 0.7046875 0.4921875 0.70625 0.49375 0.7046875 0.5234375 0.7 0.528125 0.7 0.515625 0.696875 0.5125 0.6953125 0.5140625 0.6953125 0.5359375 0.69375 0.540625 0.690625 0.5421875 0.690625 0.5015625 0.6875 0.4984375 0.6875 0.46875 0.6890625 0.459375 0.6921875 0.4546875 0.6921875 0.4453125 0.6953125 0.4421875
1 0.646875 0.471875 0.6546875 0.4703125 0.6546875 0.478125 0.6625 0.5 0.6625 0.509375 0.65625 0.5234375 0.653125 0.5453125 0.6546875 0.5203125 0.6484375 0.509375 0.6453125 0.4984375 0.640625 0.49375 0.646875 0.4734375
1 0.75625 0.503125 0.753125 0.490625 0.7546875 0.446875 0.759375 0.4390625 0.759375 0.43125 0.7625 0.428125 0.765625 0.4296875 0.765625 0.4359375 0.7703125 0.4421875 0.771875 0.45 0.771875 0.48125 0.7703125 0.4828125 0.771875 0.490625 0.76875 0.5015625 0.76875 0.528125 0.7671875 0.5296875 0.7640625 0.528125 0.7625 0.509375 0.7578125 0.503125
1 0.85625 0.421875 0.8625 0.4390625 0.8625 0.46875 0.8609375 0.4703125 0.8609375 0.4859375 0.8640625 0.5015625 0.8640625 0.5203125 0.8625 0.521875 0.8578125 0.5171875 0.8578125 0.5 0.853125 0.49375 0.85 0.4984375 0.85 0.51875 0.8484375 0.5203125 0.8453125 0.51875 0.84375 0.446875 0.8453125 0.4375 0.8515625 0.4296875 0.8515625 0.4234375 0.8546875 0.421875
2 0.8797106481481481 0.5970486111111111 0.01803240740740737 0.11482638888888888