1 0.496875 0.4296875 0.5015625 0.44375 0.5015625 0.4578125 0.5 0.4640625 0.49375 0.471875 0.49375 0.4828125 0.490625 0.4890625 0.484375 0.4828125 0.490625 0.45625 0.490625 0.4359375 0.4921875 0.43125 0.4953125 0.4296875
1 0.5125 0.471875 0.5171875 0.4796875 0.5171875 0.4921875 0.5203125 0.496875 0.5203125 0.503125 0.528125 0.5125 0.5296875 0.51875 0.5265625 0.51875 0.5140625 0.5046875 0.5109375 0.5046875 0.50625 0.509375 0.5046875 0.515625 0.5015625 0.515625 0.5046875 0.5078125 0.50625 0.4859375 0.5 0.4828125 0.5046875 0.4734375 0.5078125 0.4703125 0.5109375 0.471875
1 0.6265625 0.3625 0.63125 0.3703125 0.6296875 0.3953125 0.634375 0.4109375 0.634375 0.421875 0.628125 0.4109375 0.6234375 0.41875 0.621875 0.3828125 0.625 0.3640625
1 0.4734375 0.5359375 0.4796875 0.5390625 0.4875 0.5578125 0.4875 0.5671875 0.490625 0.575 0.490625 0.578125 0.4875 0.5765625 0.4875 0.571875 0.484375 0.5671875 0.4765625 0.5703125 0.471875 0.565625 0.471875 0.5390625 0.4734375 0.5375
1 0.9203125 0.5578125 0.91875 0.54375 0.91875 0.528125 0.921875 0.5203125 0.9203125 0.5 0.9234375 0.4953125 0.925 0.4859375 0.93125 0.4984375 0.93125 0.5140625 0.9328125 0.515625 0.93125 0.5328125 0.9375 0.5484375 0.9375 0.55625 0.9359375 0.5578125 0.934375 0.55625 0.93125 0.5453125 0.928125 0.5421875 0.925 0.5453125 0.925 0.55625 0.921875 0.5578125
1 0.8203761574074075 0.5150520833333333 0.011921296296296369 0.06689236111111115
1 0.4375 0.4703125 0.440625 0.478125 0.4453125 0.4828125 0.4484375 0.49375 0.446875 0.51875 0.4515625 0.5328125 0.45 0.5375 0.446875 0.5375 0.44375 0.5328125 0.4375 0.50625 0.4375 0.496875 0.434375 0.49375 0.4359375 0.471875
1 0.23125 0.3640625 0.2359375 0.378125 0.234375 0.3890625 0.2359375 0.4125 0.2328125 0.4109375 0.2265625 0.415625 0.2265625 0.3875 0.2234375 0.3734375 0.2296875 0.365625
1 0.75625 0.4109375 0.759375 0.415625 0.759375 0.4546875 0.7625 0.4609375 0.7625 0.4703125 0.759375 0.46875 0.75 0.4515625 0.7515625 0.421875 0.7546875 0.4125
1 0.884375 0.821875 0.8875 0.8171875 0.890625 0.81875 0.89375 0.834375 0.9 0.84375 0.9 0.85625 0.896875 0.8625 0.8984375 0.9046875 0.8953125 0.9109375 0.8890625 0.909375 0.8828125 0.9109375 0.88125 0.8359375 0.8859375 0.828125 0.8859375 0.8234375
1 0.4390625 0.56875 0.4421875 0.5703125 0.4421875 0.5796875 0.446875 0.5984375 0.4484375 0.625 0.453125 0.6453125 0.453125 0.653125 0.45 0.6546875 0.45 0.64375 0.446875 0.6375 0.44375 0.6359375 0.440625 0.640625 0.4375 0.640625 0.4359375 0.5875 0.4390625 0.5703125
1 0.4703125 0.5640625 0.4765625 0.5734375 0.4796875 0.5953125 0.4828125 0.6 0.4796875 0.6078125 0.4828125 0.621875 0.4765625 0.6234375 0.475 0.6203125 0.4703125 0.625 0.4671875 0.6234375 0.4671875 0.603125 0.4640625 0.6 0.4625 0.584375 0.4578125 0.58125 0.4578125 0.578125 0.4703125 0.565625
1 0.4078125 0.540625 0.4109375 0.540625 0.4125 0.5484375 0.4078125 0.5625 0.40625 0.609375 0.403125 0.6109375 0.4 0.603125 0.3984375 0.6015625 0.3921875 0.603125 0.390625 0.5984375 0.3921875 0.59375 0.3984375 0.5890625 0.3984375 0.565625 0.4 0.5578125 0.4078125 0.5421875
2 0.703125 0.5046875 0.7078125 0.515625 0.70625 0.540625 0.7 0.553125 0.703125 0.575 0.6953125 0.5671875 0.6953125 0.528125 0.7 0.5109375 0.6984375 0.50625 0.7015625 0.5046875