1 0.696875 0.3375 0.7 0.3375 0.7015625 0.3421875 0.7078125 0.3484375 0.7078125 0.375 0.70625 0.3765625 0.7078125 0.4015625 0.703125 0.4 0.6984375 0.4015625 0.6953125 0.3859375 0.6984375 0.3640625 0.690625 0.35625 0.690625 0.35 0.6953125 0.346875 0.696875 0.3390625
1 0.1328125 0.3640625 0.1359375 0.353125 0.1375 0.3515625 0.140625 0.353125 0.1453125 0.396875 0.1453125 0.428125 0.1421875 0.4265625 0.1421875 0.4125 0.1390625 0.4046875 0.134375 0.409375 0.1296875 0.4296875 0.128125 0.4171875 0.1328125 0.4046875 0.1328125 0.3796875 0.134375 0.378125 0.1328125 0.36875 0.134375 0.365625
1 0.4984375 0.284375 0.5 0.2875 0.5 0.3109375 0.4984375 0.3125 0.5 0.3265625 0.496875 0.3375 0.4921875 0.3390625 0.49375 0.296875 0.496875 0.2859375
1 0.146875 0.553125 0.1484375 0.55625 0.146875 0.571875 0.15 0.578125 0.1484375 0.5921875 0.1453125 0.596875 0.1453125 0.63125 0.1421875 0.6328125 0.1375 0.6328125 0.1375 0.6296875 0.13125 0.6234375 0.125 0.621875 0.125 0.61875 0.134375 0.6078125 0.134375 0.5984375 0.1390625 0.578125 0.1375 0.575 0.140625 0.56875 0.1421875 0.5546875 0.1453125 0.553125
1 0.0046875 0.35625 0.0078125 0.35625 0.009375 0.359375 0.0109375 0.36875 0.0109375 0.3921875 0.009375 0.39375 0.0125 0.409375 0.0109375 0.425 0.009375 0.415625 0.00625 0.4109375 0.0046875 0.3578125
1 0.8265625 0.3625 0.83125 0.3640625 0.83125 0.3703125 0.8375 0.378125 0.8375 0.3890625 0.834375 0.3953125 0.8359375 0.4359375 0.8375 0.4375 0.8359375 0.4390625 0.8328125 0.4375 0.8328125 0.4171875 0.8296875 0.4125 0.8234375 0.415625 0.81875 0.4359375 0.815625 0.4375 0.8171875 0.4234375 0.8234375 0.403125 0.821875 0.3875 0.8265625 0.3640625
1 0.6421875 0.4 0.6375 0.396875 0.640625 0.3828125 0.6375 0.3703125 0.6375 0.346875 0.6421875 0.334375 0.6453125 0.3328125 0.646875 0.3703125 0.6484375 0.371875 0.6484375 0.3796875 0.64375 0.3859375 0.6421875 0.3984375
1 0.3859375 0.3703125 0.3890625 0.3703125 0.3859375 0.43125 0.384375 0.4328125 0.3828125 0.43125 0.3828125 0.4203125 0.3796875 0.4171875 0.375 0.4203125 0.3703125 0.4203125 0.3703125 0.4125 0.3765625 0.4046875 0.3765625 0.396875 0.3859375 0.371875
1 0.2546875 0.3390625 0.259375 0.35625 0.259375 0.3828125 0.2640625 0.403125 0.2625 0.4046875 0.259375 0.403125 0.2578125 0.3890625 0.2546875 0.3859375 0.2390625 0.3921875 0.2390625 0.3890625 0.25 0.3796875 0.2484375 0.346875 0.2546875 0.340625
1 0.546875 0.2953125 0.5484375 0.296875 0.5484375 0.3171875 0.5515625 0.328125 0.55 0.3484375 0.5484375 0.35 0.546875 0.3484375 0.54375 0.3375 0.5375 0.3421875 0.534375 0.35 0.5328125 0.346875 0.534375 0.3390625 0.5375 0.3375 0.540625 0.33125 0.540625 0.3109375 0.5453125 0.296875
1 0.6328125 0.365625 0.6359375 0.3671875 0.6390625 0.3765625 0.634375 0.4265625 0.6328125 0.4265625 0.63125 0.4171875 0.628125 0.415625 0.61875 0.4265625 0.61875 0.4296875 0.6171875 0.43125 0.615625 0.4296875 0.615625 0.4234375 0.6234375 0.4140625 0.6265625 0.4046875 0.625 0.378125 0.6328125 0.3671875
1 0.8390625 0.4375 0.8421875 0.440625 0.840625 0.5234375 0.8359375 0.5234375 0.8375 0.5125 0.8359375 0.496875 0.8296875 0.5 0.8265625 0.5078125 0.8171875 0.5125 0.8140625 0.5171875 0.8125 0.515625 0.8140625 0.50625 0.825 0.4984375 0.8296875 0.4578125 0.8359375 0.446875 0.8375 0.4390625
1 0.475 0.4359375 0.4765625 0.43125 0.4828125 0.425 0.484375 0.415625 0.4875 0.4140625 0.4890625 0.415625 0.4875 0.434375 0.4890625 0.4390625 0.49375 0.4421875 0.49375 0.4453125 0.4890625 0.4453125 0.4859375 0.4484375 0.490625 0.475 0.478125 0.484375 0.475 0.4921875 0.475 0.5 0.471875 0.5 0.4703125 0.4921875 0.478125 0.471875 0.4765625 0.4375
1 0.0234375 0.3890625 0.0265625 0.3921875 0.0265625 0.415625 0.0234375 0.4265625 0.0265625 0.440625 0.028125 0.471875 0.0234375 0.46875 0.0234375 0.4578125 0.0203125 0.4484375 0.0140625 0.4515625 0.009375 0.4625 0.009375 0.4703125 0.00625 0.471875 0.0078125 0.4546875 0.0140625 0.44375 0.0140625 0.425 0.0125 0.4234375 0.0140625 0.4109375 0.0203125 0.4 0.021875 0.390625
1 0.715625 0.3390625 0.7203125 0.3390625 0.7296875 0.3453125 0.7328125 0.3734375 0.7390625 0.3921875 0.7359375 0.396875 0.73125 0.3796875 0.725 0.3734375 0.721875 0.3765625 0.7203125 0.39375 0.71875 0.3953125 0.7171875 0.39375 0.721875 0.359375 0.715625 0.340625
1 0.1578125 0.5578125 0.1625 0.559375 0.165625 0.584375 0.165625 0.59375 0.1625 0.5984375 0.1625 0.61875 0.165625 0.63125 0.165625 0.6484375 0.171875 0.659375 0.171875 0.665625 0.1671875 0.6671875 0.1640625 0.6640625 0.1609375 0.6375 0.1578125 0.634375 0.15 0.6421875 0.1390625 0.6421875 0.140625 0.634375 0.146875 0.6328125 0.1515625 0.628125 0.153125 0.5984375 0.15 0.5921875 0.15 0.58125 0.15625 0.56875 0.1578125 0.559375
1 0.934375 0.421875 0.9359375 0.43125 0.9421875 0.4375 0.9453125 0.45 0.9453125 0.45625 0.9390625 0.4625 0.9375 0.46875 0.9375 0.4890625 0.94375 0.5125 0.9390625 0.5109375 0.934375 0.4984375 0.93125 0.4984375 0.925 0.509375 0.921875 0.509375 0.9234375 0.4984375 0.928125 0.49375 0.93125 0.4828125 0.928125 0.471875 0.928125 0.453125 0.925 0.45 0.9203125 0.4515625 0.9203125 0.4484375 0.9265625 0.434375 0.9296875 0.4328125 0.9296875 0.4234375 0.9328125 0.421875
1 0.396875 0.35625 0.4 0.35625 0.4015625 0.359375 0.4 0.36875 0.3953125 0.378125 0.39375 0.3890625 0.3953125 0.396875 0.39375 0.4015625 0.3890625 0.4046875 0.3890625 0.378125 0.3921875 0.3640625 0.396875 0.3578125
1 0.2546875 0.3140625 0.25625 0.340625 0.2546875 0.3453125 0.2515625 0.3453125 0.24375 0.353125 0.2390625 0.353125 0.2390625 0.35 0.2421875 0.3453125 0.246875 0.34375 0.2484375 0.3203125 0.25 0.315625 0.253125 0.3140625
2 0.365625 0.3828125 0.36875 0.3828125 0.3671875 0.39375 0.3703125 0.425 0.365625 0.4515625 0.3609375 0.446875 0.365625 0.434375 0.3640625 0.428125 0.3578125 0.43125 0.35 0.44375 0.3484375 0.4515625 0.346875 0.453125 0.3453125 0.4515625 0.35 0.434375 0.3546875 0.4265625 0.359375 0.3953125 0.365625 0.384375