1 0.425 0.3890625 0.4296875 0.3890625 0.4296875 0.3953125 0.4328125 0.3984375 0.4359375 0.409375 0.434375 0.4359375 0.4375 0.45 0.4375 0.4546875 0.4359375 0.45625 0.4328125 0.4546875 0.43125 0.4453125 0.425 0.4359375 0.425 0.4140625 0.4265625 0.4125 0.425 0.390625
1 0.68125 0.41875 0.684375 0.4203125 0.684375 0.43125 0.6875 0.4359375 0.6859375 0.459375 0.6890625 0.4671875 0.6890625 0.4703125 0.6828125 0.475 0.6828125 0.48125 0.6796875 0.4875 0.678125 0.4765625 0.6796875 0.4484375 0.6765625 0.440625 0.6796875 0.4359375 0.68125 0.4203125
1 0.56875 0.33125 0.575 0.3296875 0.5796875 0.3421875 0.578125 0.365625 0.584375 0.3796875 0.5828125 0.3828125 0.578125 0.3765625 0.571875 0.3828125 0.571875 0.375 0.56875 0.36875 0.571875 0.3546875 0.571875 0.334375 0.5703125 0.3328125
1 0.43125 0.3875 0.4359375 0.3875 0.45 0.4015625 0.446875 0.4234375 0.4578125 0.4375 0.4578125 0.44375 0.45625 0.44375 0.4453125 0.43125 0.4421875 0.434375 0.4421875 0.4453125 0.440625 0.446875 0.4375 0.4453125 0.4375 0.4125 0.434375 0.4015625 0.43125 0.3984375 0.43125 0.3890625
1 0.496875 0.34375 0.5015625 0.353125 0.5046875 0.3828125 0.5125 0.390625 0.5140625 0.3953125 0.5140625 0.4 0.5125 0.4 0.509375 0.3921875 0.5046875 0.3875 0.5 0.3921875 0.5 0.3984375 0.4984375 0.3984375 0.496875 0.390625 0.49375 0.3875 0.496875 0.3453125
1 0.86875 0.3515625 0.871875 0.353125 0.875 0.3625 0.8765625 0.3984375 0.8859375 0.4140625 0.88125 0.41875 0.88125 0.4140625 0.8765625 0.409375 0.8703125 0.4125 0.865625 0.4015625 0.865625 0.3921875 0.86875 0.38125 0.8671875 0.3703125 0.8671875 0.3546875 0.86875 0.353125
1 0.2984375 0.3953125 0.3078125 0.4125 0.3109375 0.425 0.3109375 0.4390625 0.315625 0.446875 0.315625 0.4515625 0.3125 0.453125 0.309375 0.45 0.30625 0.453125 0.3078125 0.465625 0.30625 0.4671875 0.303125 0.465625 0.3046875 0.45 0.3015625 0.44375 0.3015625 0.43125 0.296875 0.4265625 0.2984375 0.4234375 0.296875 0.3984375 0.2984375 0.396875
1 0.8375 0.384375 0.840625 0.384375 0.8421875 0.3875 0.84375 0.4078125 0.846875 0.4109375 0.846875 0.4234375 0.8578125 0.44375 0.8578125 0.4484375 0.85625 0.4484375 0.85 0.4375 0.8421875 0.43125 0.840625 0.446875 0.8375 0.4484375 0.8359375 0.4375 0.8375 0.421875 0.8359375 0.4109375 0.8359375 0.3921875 0.8375 0.390625 0.8359375 0.3875 0.8375 0.3859375
1 0.465625 0.4109375 0.4640625 0.4015625 0.4609375 0.3984375 0.459375 0.3828125 0.459375 0.3640625 0.4625 0.3625 0.4671875 0.371875 0.4671875 0.3828125 0.4703125 0.3890625 0.4703125 0.396875 0.4734375 0.4 0.4765625 0.4171875 0.4765625 0.4203125 0.475 0.421875 0.4734375 0.4203125 0.46875 0.403125 0.465625 0.409375
1 0.2421875 0.4453125 0.24375 0.453125 0.2515625 0.4640625 0.2546875 0.4953125 0.2609375 0.5046875 0.2609375 0.5078125 0.25 0.5109375 0.2515625 0.521875 0.25 0.528125 0.246875 0.5265625 0.2453125 0.5171875 0.24375 0.4859375 0.2390625 0.4796875 0.240625 0.4734375 0.2390625 0.4484375 0.240625 0.446875
1 0.4078125 0.3703125 0.4140625 0.375 0.4171875 0.3828125 0.41875 0.4109375 0.421875 0.4140625 0.421875 0.41875 0.4171875 0.4234375 0.4171875 0.43125 0.4140625 0.43125 0.4140625 0.4140625 0.4046875 0.384375 0.4078125 0.371875
1 0.559375 0.4734375 0.5609375 0.471875 0.559375 0.45625 0.5640625 0.453125 0.5640625 0.459375 0.571875 0.4734375 0.571875 0.509375 0.578125 0.5109375 0.58125 0.515625 0.5796875 0.51875 0.575 0.5171875 0.56875 0.5234375 0.56875 0.540625 0.565625 0.540625 0.5609375 0.503125 0.5625 0.4875 0.5578125 0.4828125 0.5578125 0.478125 0.5609375 0.475
1 0.8921875 0.5796875 0.8984375 0.590625 0.8984375 0.6015625 0.890625 0.6078125 0.8890625 0.6125 0.8890625 0.621875 0.8921875 0.628125 0.890625 0.6859375 0.884375 0.6875 0.8859375 0.6484375 0.890625 0.6296875 0.8859375 0.6125 0.8921875 0.6 0.890625 0.58125
1 0.175 0.446875 0.1859375 0.4671875 0.1859375 0.475 0.1828125 0.4796875 0.18125 0.503125 0.1859375 0.5046875 0.1875 0.5078125 0.1875 0.5125 0.18125 0.5140625 0.178125 0.51875 0.178125 0.5296875 0.1734375 0.528125 0.175 0.496875 0.171875 0.490625 0.171875 0.4828125 0.16875 0.478125 0.1703125 0.4640625 0.16875 0.4625 0.171875 0.4578125 0.1734375 0.4484375
1 0.709375 0.45625 0.7078125 0.4453125 0.7015625 0.434375 0.703125 0.41875 0.7015625 0.3921875 0.703125 0.390625 0.70625 0.39375 0.70625 0.4046875 0.709375 0.4078125 0.7109375 0.421875 0.709375 0.4359375 0.7125 0.4421875 0.7125 0.45625 0.7109375 0.45625
1 0.8921875 0.59375 0.9015625 0.603125 0.90625 0.6125 0.9078125 0.61875 0.9046875 0.6296875 0.90625 0.6625 0.9125 0.6828125 0.91875 0.6859375 0.9203125 0.69375 0.91875 0.7 0.915625 0.7015625 0.903125 0.671875 0.9 0.66875 0.896875 0.6703125 0.8953125 0.675 0.8984375 0.6953125 0.89375 0.7 0.890625 0.69375 0.8921875 0.684375 0.8890625 0.6765625 0.8921875 0.659375 0.8921875 0.628125 0.8890625 0.6234375 0.8890625 0.609375 0.8921875 0.6046875 0.8921875 0.5953125
2 0.6953125 0.43125 0.7015625 0.434375 0.7078125 0.446875 0.70625 0.46875 0.7125 0.478125 0.70625 0.48125 0.7078125 0.5 0.7046875 0.4953125 0.703125 0.484375 0.696875 0.4765625 0.696875 0.4515625 0.69375 0.44375 0.69375 0.4328125