2 0.159375 0.6234375 0.1578125 0.6203125 0.1578125 0.5859375 0.153125 0.565625 0.15625 0.5390625 0.159375 0.534375 0.1625 0.5359375 0.1625 0.5484375 0.1671875 0.5765625 0.1671875 0.5984375 0.1609375 0.6125 0.1625 0.6171875 0.1625 0.6234375 0.1609375 0.6234375
0 0.4515625 0.659375 0.4546875 0.6625 0.453125 0.66875 0.446875 0.6671875 0.446875 0.6609375 0.45 0.659375
1 0.53125 0.6171875 0.5328125 0.6265625 0.5375 0.6359375 0.5375 0.6640625 0.53125 0.6828125 0.5296875 0.70625 0.5265625 0.709375 0.5234375 0.709375 0.5234375 0.696875 0.5203125 0.6859375 0.521875 0.6734375 0.5203125 0.6578125 0.5265625 0.63125 0.5265625 0.61875 0.5296875 0.6171875
1 0.3109375 0.590625 0.309375 0.5875 0.3140625 0.5734375 0.3140625 0.5375 0.3203125 0.521875 0.3234375 0.5203125 0.328125 0.5265625 0.328125 0.56875 0.33125 0.5875 0.3265625 0.5859375 0.3265625 0.571875 0.3203125 0.565625 0.3125 0.5890625
1 0.6140625 0.5578125 0.6171875 0.5421875 0.6109375 0.5296875 0.615625 0.51875 0.61875 0.5171875 0.628125 0.5359375 0.63125 0.5734375 0.6296875 0.575 0.6265625 0.56875 0.621875 0.58125 0.6203125 0.5703125 0.615625 0.559375
1 0.2640625 0.509375 0.2671875 0.5109375 0.271875 0.5359375 0.2765625 0.546875 0.2703125 0.553125 0.26875 0.5875 0.2625 0.596875 0.259375 0.59375 0.2609375 0.5625 0.25625 0.5328125 0.2640625 0.5109375
1 0.390625 0.675 0.3953125 0.675 0.3984375 0.69375 0.3984375 0.7171875 0.39375 0.7234375 0.39375 0.7359375 0.390625 0.740625 0.384375 0.74375 0.3796875 0.75625 0.3796875 0.740625 0.3828125 0.7359375 0.384375 0.696875 0.390625 0.6765625
1 0.3140625 0.43125 0.3171875 0.4421875 0.3171875 0.4640625 0.3140625 0.475 0.3140625 0.5078125 0.3125 0.509375 0.309375 0.5078125 0.3078125 0.5015625 0.3078125 0.4828125 0.3046875 0.465625 0.3046875 0.4421875 0.309375 0.4328125 0.3125 0.43125
1 0.3734375 0.5953125 0.378125 0.59375 0.38125 0.5890625 0.384375 0.5578125 0.3921875 0.5484375 0.3921875 0.54375 0.39375 0.5421875 0.396875 0.54375 0.396875 0.5484375 0.4 0.553125 0.4 0.5734375 0.3953125 0.575 0.396875 0.596875 0.3921875 0.60625 0.3921875 0.6125 0.390625 0.6140625 0.3875 0.609375 0.3921875 0.596875 0.3921875 0.5921875 0.3890625 0.5890625 0.3859375 0.590625 0.3828125 0.5984375 0.3796875 0.5984375 0.375 0.603125 0.3734375 0.6078125 0.3703125 0.60625 0.3703125 0.6015625 0.3734375 0.596875
1 0.35 0.6578125 0.0140625 0.090625
1 0.359375 0.475 0.365625 0.4875 0.365625 0.5109375 0.3609375 0.55 0.3578125 0.55 0.359375 0.5296875 0.35625 0.525 0.353125 0.528125 0.35 0.54375 0.3453125 0.5484375 0.35 0.5265625 0.3484375 0.5140625 0.35 0.4953125 0.3515625 0.4875 0.35625 0.4828125 0.3578125 0.4765625