0 0.8171875 0.565625 0.81875 0.5671875 0.8171875 0.575 0.8125 0.5734375 0.8125 0.5671875 0.815625 0.565625
1 0.3546875 0.559375 0.3578125 0.559375 0.359375 0.5640625 0.35625 0.5828125 0.359375 0.5890625 0.3546875 0.6234375 0.35625 0.640625 0.3515625 0.6390625 0.35 0.6328125 0.35 0.5984375 0.346875 0.590625 0.3484375 0.575 0.3546875 0.5609375
1 0.5640625 0.334375 0.5671875 0.34375 0.56875 0.371875 0.571875 0.375 0.571875 0.3859375 0.5625 0.3875 0.5609375 0.38125 0.5625 0.3765625 0.559375 0.365625 0.559375 0.34375 0.5625 0.3359375
1 0.46875 0.4078125 0.475 0.41875 0.475 0.4453125 0.4765625 0.446875 0.475 0.465625 0.4703125 0.4671875 0.46875 0.4640625 0.4640625 0.4234375 0.465625 0.4125 0.46875 0.409375
1 0.58125 0.4546875 0.584375 0.4609375 0.5859375 0.496875 0.5765625 0.50625 0.575 0.5125 0.5765625 0.5171875 0.571875 0.515625 0.575 0.5015625 0.5734375 0.4703125 0.58125 0.45625
1 0.8578125 0.3890625 0.8625 0.390625 0.865625 0.403125 0.8625 0.43125 0.8640625 0.446875 0.859375 0.4453125 0.8546875 0.4234375 0.8546875 0.403125 0.8578125 0.390625
1 0.5390625 0.346875 0.54375 0.35 0.55 0.3640625 0.55 0.3703125 0.546875 0.3734375 0.5484375 0.375 0.5484375 0.3953125 0.54375 0.3921875 0.5421875 0.39375 0.5390625 0.3921875 0.5375 0.378125 0.534375 0.375 0.534375 0.359375 0.5390625 0.3484375
1 0.3822048611111111 0.5269270833333334 0.013298611111111126 0.07135416666666669
1 0.4046875 0.4625 0.4078125 0.4640625 0.4109375 0.4828125 0.4109375 0.5296875 0.4125 0.53125 0.409375 0.534375 0.4015625 0.5328125 0.4046875 0.5203125 0.4015625 0.49375 0.4015625 0.4796875 0.4046875 0.4640625
1 0.421875 0.4609375 0.4234375 0.4625 0.4234375 0.484375 0.4203125 0.5171875 0.4234375 0.5296875 0.41875 0.53125 0.4140625 0.5125 0.4140625 0.478125 0.421875 0.4625
1 0.5216145833333334 0.3987673611111111 0.01388888888888884 0.06277777777777778
1 0.23125 0.6921875 0.2359375 0.6953125 0.2375 0.7078125 0.234375 0.76875 0.2296875 0.78125 0.2265625 0.775 0.2296875 0.753125 0.2234375 0.721875 0.2234375 0.709375 0.23125 0.69375
1 0.5875 0.5640625 0.584375 0.54375 0.584375 0.521875 0.58125 0.515625 0.58125 0.509375 0.5859375 0.496875 0.5890625 0.4953125 0.590625 0.4984375 0.590625 0.5125 0.59375 0.5171875 0.59375 0.5609375 0.5890625 0.5625
1 0.503125 0.40625 0.50625 0.409375 0.509375 0.4203125 0.5078125 0.4578125 0.50625 0.4671875 0.5046875 0.4703125 0.503125 0.46875 0.5015625 0.4515625 0.4984375 0.446875 0.496875 0.4375 0.4984375 0.4171875 0.503125 0.4078125
1 0.8328125 0.534375 0.8359375 0.5359375 0.8359375 0.5421875 0.8390625 0.5484375 0.8390625 0.5546875 0.8359375 0.5609375 0.8359375 0.584375 0.8328125 0.590625 0.8265625 0.59375 0.8265625 0.546875 0.8328125 0.5359375
1 0.43125 0.41875 0.4328125 0.4203125 0.4375 0.41875 0.4390625 0.421875 0.434375 0.4265625 0.43125 0.4375 0.4328125 0.465625 0.4296875 0.471875 0.4296875 0.478125 0.428125 0.4796875 0.425 0.4765625 0.425 0.459375 0.4234375 0.4578125 0.4234375 0.4359375 0.425 0.428125 0.4296875 0.4203125
1 0.4515625 0.415625 0.4546875 0.4171875 0.4578125 0.446875 0.4578125 0.4765625 0.45625 0.478125 0.45 0.4734375 0.45 0.453125 0.446875 0.446875 0.446875 0.4359375 0.4515625 0.4171875
1 0.7890625 0.5328125 0.7921875 0.5328125 0.79375 0.54375 0.803125 0.559375 0.8015625 0.5609375 0.7953125 0.5546875 0.7921875 0.5578125 0.790625 0.571875 0.7875 0.5765625 0.7890625 0.5796875 0.7875 0.59375 0.778125 0.5921875 0.7765625 0.58125 0.778125 0.5703125 0.784375 0.5609375 0.784375 0.5546875 0.7734375 0.5484375 0.7734375 0.5453125 0.7828125 0.5453125 0.7875 0.540625 0.7890625 0.534375
1 0.475 0.39375 0.478125 0.3953125 0.478125 0.403125 0.4828125 0.4140625 0.48125 0.4203125 0.4828125 0.440625 0.4875 0.4484375 0.4875 0.4515625 0.4828125 0.4515625 0.478125 0.446875 0.478125 0.4390625 0.475 0.434375 0.475 0.415625 0.4703125 0.409375 0.4703125 0.4046875 0.475 0.3953125
1 0.25 0.3828125 0.253125 0.3828125 0.2546875 0.3875 0.2546875 0.421875 0.25625 0.4234375 0.25625 0.4421875 0.25 0.4453125 0.246875 0.4390625 0.2453125 0.4 0.25 0.384375
1 0.6296875 0.2875 0.6359375 0.3015625 0.6375 0.3390625 0.63125 0.3296875 0.625 0.3359375 0.628125 0.321875 0.628125 0.3046875 0.6265625 0.303125 0.628125 0.2890625
2 0.4890625 0.58125 0.4890625 0.5640625 0.4859375 0.5625 0.4828125 0.56875 0.4828125 0.584375 0.4796875 0.5828125 0.48125 0.5265625 0.4828125 0.515625 0.4875 0.509375 0.490625 0.5125 0.490625 0.5359375 0.4921875 0.5375 0.4921875 0.58125 0.490625 0.58125