0 0.7859375 0.46875 0.7890625 0.4703125 0.790625 0.475 0.7859375 0.478125 0.7828125 0.475 0.784375 0.4703125
1 0.3828125 0.2875 0.3875 0.2953125 0.3875 0.3234375 0.384375 0.334375 0.378125 0.334375 0.3765625 0.3296875 0.378125 0.2984375 0.38125 0.2890625
1 0.414056712962963 0.45046875000000003 0.026284722222222178 0.06968750000000004
1 0.0421875 0.3484375 0.04375 0.3515625 0.04375 0.3859375 0.040625 0.403125 0.034375 0.4046875 0.0328125 0.3953125 0.028125 0.390625 0.03125 0.3828125 0.0328125 0.3625 0.0359375 0.353125 0.040625 0.35
1 0.3578125 0.3359375 0.3609375 0.3390625 0.359375 0.384375 0.353125 0.384375 0.346875 0.38125 0.3515625 0.3640625 0.3515625 0.3515625 0.35625 0.3375
1 0.1046875 0.5890625 0.109375 0.590625 0.1078125 0.665625 0.103125 0.665625 0.1 0.659375 0.09375 0.65625 0.09375 0.6515625 0.1015625 0.6453125 0.1 0.60625 0.1046875 0.590625
1 0.30625 0.4140625 0.3109375 0.41875 0.3140625 0.4484375 0.3109375 0.4703125 0.3125 0.48125 0.30625 0.48125 0.3046875 0.471875 0.2984375 0.46875 0.2984375 0.4640625 0.303125 0.4578125 0.3015625 0.434375 0.303125 0.421875 0.30625 0.415625
1 0.5796875 0.26875 0.578125 0.3125 0.5734375 0.3125 0.5703125 0.3015625 0.5703125 0.284375 0.575 0.2703125 0.578125 0.26875
1 0.7625 0.6265625 0.7625 0.6453125 0.7640625 0.646875 0.759375 0.6578125 0.759375 0.6953125 0.7578125 0.6984375 0.753125 0.696875 0.7546875 0.6765625 0.75 0.6734375 0.7328125 0.6984375 0.7296875 0.6984375 0.728125 0.69375 0.73125 0.6859375 0.7375 0.68125 0.7453125 0.6671875 0.753125 0.6375 0.7578125 0.628125 0.7609375 0.6265625
1 0.6828125 0.4265625 0.6890625 0.4296875 0.690625 0.434375 0.6890625 0.44375 0.684375 0.44375 0.6796875 0.4390625 0.6734375 0.4390625 0.66875 0.4453125 0.6671875 0.4609375 0.6609375 0.4546875 0.653125 0.4546875 0.646875 0.4578125 0.6515625 0.4375 0.6546875 0.43125 0.6625 0.425 0.6796875 0.425 0.68125 0.4265625
1 0.1162673611111111 0.6596354166666667 0.02407407407407409 0.0875
1 0.384375 0.35 0.3875 0.3515625 0.3859375 0.3640625 0.3875 0.3859375 0.384375 0.396875 0.3859375 0.403125 0.384375 0.409375 0.378125 0.40625 0.378125 0.365625 0.3765625 0.3640625 0.378125 0.353125 0.3828125 0.35
1 0.49375 0.4734375 0.4984375 0.4875 0.5 0.5421875 0.496875 0.54375 0.4953125 0.540625 0.4953125 0.528125 0.4921875 0.5203125 0.4890625 0.5203125 0.478125 0.5296875 0.4734375 0.5265625 0.4765625 0.5203125 0.484375 0.5171875 0.4875 0.5 0.4859375 0.4875 0.4921875 0.475
1 0.1125 0.240625 0.115625 0.2453125 0.1171875 0.2578125 0.1171875 0.2796875 0.1140625 0.284375 0.1046875 0.284375 0.10625 0.2453125 0.1109375 0.240625
2 0.3375 0.3234375 0.34375 0.3265625 0.3453125 0.3328125 0.3421875 0.35625 0.33125 0.3578125 0.33125 0.3453125 0.3359375 0.325