0 0.6461111111111111 0.7404050925925926 0.015243055555555607 0.026979166666666644
1 0.540625 0.3921875 0.54375 0.3984375 0.54375 0.409375 0.540625 0.421875 0.540625 0.4515625 0.5390625 0.453125 0.5328125 0.4203125 0.534375 0.41875 0.5328125 0.39375 0.5359375 0.390625 0.5390625 0.3921875
1 0.2109375 0.296875 0.2140625 0.3015625 0.215625 0.3390625 0.2109375 0.346875 0.2109375 0.3609375 0.2078125 0.3609375 0.20625 0.3578125 0.2046875 0.34375 0.20625 0.3078125 0.2109375 0.2984375
1 0.46875 0.3453125 0.471875 0.3484375 0.4671875 0.384375 0.46875 0.390625 0.4671875 0.4078125 0.4625 0.4 0.459375 0.3984375 0.45625 0.4 0.45625 0.390625 0.459375 0.38125 0.45625 0.3609375 0.459375 0.3515625 0.4671875 0.3453125
1 0.51875 0.390625 0.5234375 0.3921875 0.528125 0.403125 0.525 0.421875 0.525 0.4546875 0.5234375 0.4546875 0.5203125 0.4296875 0.515625 0.4328125 0.5109375 0.4484375 0.5109375 0.4375 0.515625 0.41875 0.515625 0.4015625 0.51875 0.396875 0.51875 0.3921875
1 0.546875 0.3390625 0.55 0.346875 0.5484375 0.3515625 0.55 0.353125 0.55 0.3765625 0.54375 0.390625 0.5328125 0.3890625 0.5390625 0.371875 0.5390625 0.3515625 0.5421875 0.3484375 0.5421875 0.3421875 0.5453125 0.340625
1 0.503125 0.3515625 0.509375 0.3546875 0.5140625 0.3671875 0.5140625 0.3765625 0.5109375 0.3859375 0.5109375 0.4078125 0.509375 0.4109375 0.5046875 0.396875 0.5015625 0.4046875 0.5015625 0.4140625 0.4984375 0.4140625 0.4984375 0.384375 0.5 0.3828125 0.4984375 0.365625 0.503125 0.353125
1 0.4015625 0.2875 0.4046875 0.290625 0.4046875 0.309375 0.4015625 0.3125 0.4 0.3421875 0.39375 0.3359375 0.3859375 0.3453125 0.3859375 0.3359375 0.3921875 0.328125 0.39375 0.3125 0.396875 0.309375 0.4015625 0.2890625
1 0.5015625 0.3140625 0.5046875 0.3171875 0.503125 0.328125 0.5046875 0.3484375 0.4953125 0.3609375 0.4921875 0.36875 0.4921875 0.3484375 0.4953125 0.340625 0.4953125 0.3171875 0.5 0.3140625
1 0.553125 0.415625 0.5515625 0.4140625 0.5515625 0.39375 0.5546875 0.384375 0.553125 0.3734375 0.5578125 0.3609375 0.559375 0.359375 0.5625 0.3609375 0.5671875 0.375 0.5671875 0.3859375 0.5640625 0.3890625 0.5671875 0.415625 0.5640625 0.415625 0.5609375 0.403125 0.5546875 0.40625 0.5546875 0.4140625
1 0.43125 0.33125 0.4359375 0.3421875 0.4328125 0.3640625 0.434375 0.3703125 0.4328125 0.3828125 0.43125 0.3875 0.425 0.3859375 0.421875 0.3890625 0.421875 0.396875 0.4140625 0.3875 0.409375 0.396875 0.409375 0.3875 0.415625 0.38125 0.41875 0.3609375 0.421875 0.3578125 0.4234375 0.346875 0.43125 0.3328125
1 0.4125 0.30625 0.415625 0.30625 0.41875 0.315625 0.41875 0.3359375 0.415625 0.3578125 0.4125 0.3578125 0.4109375 0.3515625 0.40625 0.35 0.4078125 0.315625 0.4125 0.3078125
1 0.1703125 0.49375 0.1734375 0.5046875 0.171875 0.51875 0.175 0.534375 0.175 0.55 0.1734375 0.5515625 0.175 0.5703125 0.1703125 0.5765625 0.1671875 0.578125 0.1625 0.55 0.1640625 0.5484375 0.1625 0.515625 0.16875 0.4953125
1 0.4 0.340625 0.403125 0.3453125 0.4046875 0.3609375 0.4015625 0.36875 0.3984375 0.40625 0.396875 0.4078125 0.390625 0.3984375 0.3875 0.4 0.3875 0.3921875 0.3921875 0.3796875 0.390625 0.378125 0.3921875 0.35625 0.396875 0.3421875 0.3984375 0.3421875
1 0.43125 0.33125 0.4375 0.34375 0.4328125 0.3875 0.43125 0.3890625 0.428125 0.3859375 0.4296875 0.38125 0.428125 0.3609375 0.4234375 0.35 0.43125 0.3328125
1 0.690625 0.83125 0.69375 0.8359375 0.7140625 0.8328125 0.7171875 0.8125 0.7140625 0.80625 0.715625 0.796875 0.7203125 0.796875 0.7234375 0.8 0.7234375 0.803125 0.7296875 0.8109375 0.73125 0.821875 0.728125 0.846875 0.7203125 0.8609375 0.7203125 0.8765625 0.7171875 0.884375 0.7171875 0.8921875 0.7125 0.8953125 0.7109375 0.890625 0.715625 0.8828125 0.7171875 0.853125 0.7140625 0.846875 0.709375 0.84375 0.6984375 0.8453125 0.690625 0.84375 0.6890625 0.8375 0.690625 0.8328125
1 0.4796875 0.3265625 0.4875 0.340625 0.484375 0.390625 0.4828125 0.3890625 0.484375 0.3828125 0.48125 0.3796875 0.478125 0.3875 0.4734375 0.3875 0.4765625 0.375 0.4734375 0.3484375 0.4796875 0.328125
1 0.39375 0.4765625 0.396875 0.478125 0.396875 0.4828125 0.4 0.4875 0.3984375 0.4890625 0.403125 0.5 0.403125 0.5109375 0.3984375 0.5140625 0.396875 0.5234375 0.396875 0.5484375 0.39375 0.5484375 0.3921875 0.5453125 0.3890625 0.528125 0.3890625 0.5125 0.384375 0.503125 0.384375 0.49375 0.39375 0.478125
2 0.2078125 0.3578125 0.20625 0.371875 0.203125 0.3765625 0.203125 0.4109375 0.2015625 0.4125 0.203125 0.4328125 0.2 0.434375 0.1953125 0.4296875 0.1953125 0.4109375 0.196875 0.409375 0.1953125 0.38125 0.2 0.36875 0.2078125 0.359375