0 0.4078125 0.45625 0.00859375 0.009375
1 0.3625 0.475 0.371875 0.484375 0.371875 0.490625 0.3625 0.4984375 0.3421875 0.5046875 0.33125 0.503125 0.3296875 0.5 0.3390625 0.4984375 0.346875 0.4921875 0.34375 0.48125 0.3453125 0.4796875 0.3515625 0.48125 0.3609375 0.475
1 0.74375 0.35625 0.746875 0.35625 0.7484375 0.36875 0.7515625 0.375 0.7515625 0.396875 0.7578125 0.4125 0.7578125 0.415625 0.7546875 0.4171875 0.7484375 0.4109375 0.746875 0.4046875 0.7421875 0.4015625 0.74375 0.390625 0.7421875 0.359375 0.74375 0.3578125
1 0.653125 0.5625 0.65625 0.5609375 0.65625 0.553125 0.659375 0.5515625 0.66875 0.5765625 0.6625 0.6 0.6640625 0.6265625 0.6609375 0.6265625 0.6546875 0.634375 0.653125 0.5921875 0.65 0.5828125 0.65 0.5734375 0.653125 0.5640625
1 0.6125 0.9875 0.6125 0.9734375 0.6046875 0.9359375 0.6046875 0.9203125 0.6 0.9046875 0.6015625 0.890625 0.60625 0.884375 0.6078125 0.86875 0.6109375 0.8703125 0.6125 0.88125 0.6203125 0.8984375 0.6203125 0.909375 0.615625 0.91875 0.615625 0.934375 0.6140625 0.9359375 0.6140625 0.9515625 0.61875 0.984375 0.6140625 0.9875
1 0.575 0.734375 0.575 0.725 0.5703125 0.7125 0.5703125 0.684375 0.56875 0.6828125 0.5703125 0.6625 0.575 0.646875 0.578125 0.6484375 0.578125 0.6546875 0.5828125 0.6625 0.58125 0.70625 0.5796875 0.7078125 0.5828125 0.715625 0.5828125 0.728125 0.5796875 0.734375 0.5765625 0.734375
1 0.5578125 0.4625 0.559375 0.465625 0.553125 0.475 0.5515625 0.4875 0.5515625 0.50625 0.5578125 0.5171875 0.55625 0.5265625 0.553125 0.51875 0.54375 0.50625 0.5390625 0.5125 0.5375 0.5203125 0.534375 0.51875 0.54375 0.484375 0.5421875 0.4484375 0.5453125 0.446875 0.55 0.45625 0.55625 0.4625
1 0.609375 0.6 0.6109375 0.6109375 0.615625 0.6203125 0.6140625 0.6546875 0.61875 0.6609375 0.61875 0.66875 0.6109375 0.665625 0.603125 0.68125 0.6046875 0.6609375 0.6015625 0.640625 0.6015625 0.61875 0.6078125 0.6015625
1 0.9015625 0.5125 0.90625 0.5390625 0.90625 0.5671875 0.9140625 0.5984375 0.9078125 0.596875 0.9078125 0.5875 0.9015625 0.575 0.8984375 0.5796875 0.9 0.590625 0.8984375 0.5984375 0.896875 0.5984375 0.896875 0.590625 0.89375 0.584375 0.8921875 0.5703125 0.896875 0.5375 0.896875 0.5140625 0.9 0.5125
1 0.675 0.4015625 0.6796875 0.4078125 0.6828125 0.41875 0.68125 0.4453125 0.684375 0.453125 0.684375 0.4609375 0.678125 0.4609375 0.6765625 0.471875 0.671875 0.4734375 0.671875 0.425 0.675 0.403125
1 0.3390625 0.565625 0.03203125 0.08203125
1 0.371875 0.5140625 0.3796875 0.5359375 0.378125 0.55 0.3828125 0.5796875 0.375 0.5703125 0.3734375 0.5859375 0.371875 0.5859375 0.3703125 0.5765625 0.3609375 0.571875 0.365625 0.55625 0.3640625 0.5328125 0.3703125 0.515625
1 0.3796875 0.4953125 0.3859375 0.5078125 0.3859375 0.5328125 0.3796875 0.55 0.378125 0.546875 0.3796875 0.5328125 0.375 0.525 0.3734375 0.5171875 0.378125 0.496875
1 0.975 0.75 0.978125 0.7671875 0.9734375 0.784375 0.971875 0.80625 0.96875 0.8140625 0.9703125 0.821875 0.9765625 0.8296875 0.9734375 0.84375 0.965625 0.8421875 0.9671875 0.834375 0.965625 0.825 0.9578125 0.8109375 0.9578125 0.7984375 0.9625 0.784375 0.9625 0.753125 0.965625 0.7484375 0.965625 0.7390625 0.9671875 0.7375 0.9703125 0.7390625 0.9734375 0.75
2 0.803125 0.5875 0.80625 0.5875 0.8125 0.6015625 0.8140625 0.609375 0.8125 0.64375 0.8234375 0.6671875 0.821875 0.66875 0.8109375 0.65625 0.809375 0.6484375 0.80625 0.6453125 0.8015625 0.65 0.8 0.675 0.796875 0.6734375 0.7953125 0.628125 0.8 0.61875 0.8 0.6 0.803125 0.5953125 0.803125 0.5890625