1 0.28984375 0.48194444374999995 0.29375 0.49305555625 0.29609375 0.4888888890625 0.29453125 0.46944444374999994 0.29765625 0.4513888890625 0.28828125 0.427777778125 0.284375 0.4263888890625 0.28046875 0.440277778125 0.28359375 0.4625 0.28125 0.4763888890625 0.28984375 0.48194444374999995
0 0.28203125 0.477777778125 0.28828125 0.4763888890625 0.2828125 0.47083333281249995 0.28203125 0.477777778125
1 0.6296875 0.2541666671875 0.63203125 0.24722222187499998 0.6296875 0.23194444375 0.6265625 0.22916666718749998 0.6265625 0.2625 0.63359375 0.2611111109375 0.6296875 0.2541666671875
1 0.8 0.48333333281249996 0.8046875 0.48194444374999995 0.7984375 0.46944444374999994 0.80078125 0.434722221875 0.79296875 0.42083333281249996 0.790625 0.4236111109375 0.7890625 0.44305555625000004 0.7921875 0.4861111109375 0.796875 0.4916666671875 0.8 0.48333333281249996
2 0.7984375 0.48333333281249996 0.8046875 0.48055555625 0.7984375 0.47222222187499996 0.80078125 0.434722221875 0.79921875 0.427777778125 0.79296875 0.42222222187499997 0.790625 0.425 0.7921875 0.48472222187499997 0.79296875 0.490277778125 0.796875 0.490277778125 0.7984375 0.48333333281249996
1 0.9875 0.3013888890625 0.984375 0.3 0.9828125 0.3138888890625 0.98203125 0.334722221875 0.9859375 0.3458333328125 0.9890625 0.315277778125 0.9875 0.3013888890625
1 0.28125 0.9583333328125001 0.27578125 0.9736111109375001 0.275 0.9875 0.2828125 0.9875 0.2859375 0.9611111109375001 0.28125 0.9583333328125001
1 0.3859375 0.39027777812500003 0.38671875 0.34027777812500004 0.3828125 0.33055555625 0.37890625 0.33055555625 0.3765625 0.375 0.3828125 0.377777778125 0.3828125 0.39027777812500003 0.3859375 0.39027777812500003
1 0.79296875 0.26944444375 0.7921875 0.275 0.79140625 0.309722221875 0.809375 0.30555555624999997 0.79921875 0.272222221875 0.79296875 0.26944444375
1 0.49453125 0.40833333281249995 0.4890625 0.3958333328125 0.4875 0.36666666718749996 0.48046875 0.35694444375 0.4765625 0.35972222187499997 0.47578125 0.3763888890625 0.48046875 0.38333333281250004 0.4828125 0.40833333281249995 0.49453125 0.40833333281249995
1 0.08125 0.3736111109375 0.084375 0.375 0.09296875 0.365277778125 0.09375 0.35555555625 0.09140625 0.3236111109375 0.08828125 0.31944444375000003 0.08359375 0.322222221875 0.08046875 0.32777777812500003 0.08046875 0.3416666671875 0.0828125 0.34861111093749997 0.08125 0.3736111109375
1 0.33828125 0.5013888890625 0.34140625 0.4916666671875 0.34765625 0.4875 0.3484375 0.45416666718750004 0.3421875 0.434722221875 0.33828125 0.434722221875 0.33359375 0.45277777812500003 0.33046875 0.47361111093749997 0.334375 0.477777778125 0.334375 0.5013888890625 0.33828125 0.5013888890625
1 0.475 0.665277778125 0.47734375 0.6611111109375 0.47578125 0.6291666671875 0.48046875 0.60555555625 0.4734375 0.584722221875 0.4703125 0.5833333328125 0.4609375 0.6083333328125 0.46015625 0.6125 0.46640625 0.6208333328125 0.46796875 0.6513888890625 0.475 0.665277778125
1 0.6859375 0.5722222218749999 0.68203125 0.5319444437499999 0.6859375 0.5069444437499999 0.67890625 0.4916666671875 0.671875 0.5069444437499999 0.67109375 0.5638888890625 0.68125 0.56805555625 0.68203125 0.5736111109375 0.6859375 0.5722222218749999
1 0.58125 0.5583333328125 0.58515625 0.559722221875 0.5875 0.5541666671875001 0.58046875 0.4875 0.578125 0.48333333281249996 0.57421875 0.4875 0.56875 0.527777778125 0.5703125 0.55 0.578125 0.547222221875 0.58125 0.5583333328125
1 0.825 0.7430555562500001 0.8390625 0.7291666671875 0.84609375 0.73055555625 0.834375 0.7166666671875 0.840625 0.6791666671875001 0.83515625 0.6555555562500001 0.8296875 0.6541666671875 0.8265625 0.684722221875 0.821875 0.6916666671875 0.828125 0.702777778125 0.825 0.7430555562500001
1 0.30546875 0.75555555625 0.309375 0.7541666671875 0.3109375 0.7430555562500001 0.321875 0.7236111109375 0.3296875 0.7291666671875 0.32890625 0.7513888890625 0.3359375 0.7513888890625 0.325 0.6666666671875 0.3203125 0.66944444375 0.31171875 0.6958333328124999 0.31640625 0.7041666671875 0.315625 0.7236111109375 0.30390625 0.75 0.30546875 0.75555555625
1 0.96328125 0.9166666671874999 0.96875 0.93194444375 0.96796875 0.9416666671874999 0.97421875 0.94305555625 0.975 0.934722221875 0.96640625 0.9111111109375001 0.96640625 0.9013888890624999 0.9765625 0.86944444375 0.96640625 0.8236111109375001 0.9609375 0.825 0.9609375 0.8361111109375001 0.94921875 0.8625 0.95859375 0.8652777781250001 0.95859375 0.89305555625 0.9484375 0.91805555625 0.96328125 0.9166666671874999
1 0.6453125 0.9486111109375001 0.64375 0.9986111109375001 0.66328125 0.9986111109375001 0.6609375 0.959722221875 0.6625 0.9208333328125 0.65546875 0.9083333328125001 0.65390625 0.89305555625 0.6484375 0.897222221875 0.65 0.909722221875 0.640625 0.940277778125 0.640625 0.9458333328125 0.6453125 0.9486111109375001
2 0.28671875 0.95694444375 0.28359375 0.9513888890625 0.27890625 0.952777778125 0.27109375 0.9833333328125 0.27109375 0.9986111109375001 0.28671875 0.9986111109375001 0.28671875 0.95694444375
1 0.65078125 0.41944444374999995 0.646875 0.38333333281250004 0.6421875 0.384722221875 0.63984375 0.40138888906250003 0.6390625 0.43194444374999996 0.64375 0.4458333328125 0.646875 0.4458333328125 0.65078125 0.41944444374999995
1 0.6387348796875 0.4022311828125 0.64609375 0.3708333328125 0.6390625 0.3583333328125 0.6359375 0.38333333281250004 0.6387348796875 0.4022311828125