2 0.7296875 0.6 0.725 0.584375 0.725 0.5640625 0.721875 0.553125 0.7234375 0.5390625 0.7265625 0.540625 0.734375 0.5625 0.7328125 0.584375 0.7296875 0.5875 0.73125 0.6
0 0.56875 0.478125 0.571875 0.4796875 0.5703125 0.4859375 0.5671875 0.4828125 0.56875 0.4796875
1 0.7671875 0.8390625 0.76875 0.846875 0.775 0.85625 0.7796875 0.8890625 0.7875 0.9 0.79375 0.9 0.796875 0.903125 0.796875 0.9109375 0.79375 0.9125 0.7890625 0.9078125 0.7828125 0.9078125 0.7765625 0.8984375 0.7703125 0.8984375 0.7671875 0.9046875 0.765625 0.91875 0.7625 0.9203125 0.759375 0.9171875 0.7625 0.9109375 0.7625 0.903125 0.765625 0.8953125 0.7640625 0.890625 0.7671875 0.8828125 0.7671875 0.865625 0.7640625 0.85 0.765625 0.840625
1 0.4296875 0.5171875 0.4296875 0.5109375 0.421875 0.4953125 0.421875 0.4828125 0.415625 0.4734375 0.4203125 0.453125 0.4296875 0.465625 0.4296875 0.4890625 0.4328125 0.4953125 0.4328125 0.5125 0.434375 0.5140625 0.43125 0.5171875
1 0.5890625 0.4328125 0.5921875 0.4328125 0.596875 0.4390625 0.6 0.465625 0.609375 0.4703125 0.6078125 0.4765625 0.6015625 0.4765625 0.59375 0.471875 0.590625 0.475 0.590625 0.4828125 0.5875 0.4828125 0.5890625 0.434375
1 0.6328125 0.5171875 0.6375 0.5203125 0.640625 0.528125 0.640625 0.5453125 0.646875 0.5609375 0.6421875 0.5671875 0.6453125 0.5828125 0.64375 0.584375 0.6390625 0.5828125 0.6359375 0.5515625 0.6296875 0.5421875 0.6328125 0.5375 0.6328125 0.51875
1 0.85 0.6546875 0.846875 0.6453125 0.8375 0.634375 0.840625 0.6203125 0.8390625 0.5890625 0.8421875 0.584375 0.84375 0.584375 0.85 0.60625 0.8515625 0.6375 0.8578125 0.6515625 0.85625 0.6609375 0.853125 0.659375 0.8515625 0.6546875
1 0.828125 0.6296875 0.8296875 0.6375 0.8359375 0.64375 0.8375 0.6484375 0.8375 0.678125 0.8515625 0.684375 0.853125 0.6890625 0.85 0.6921875 0.8390625 0.690625 0.83125 0.6828125 0.825 0.7 0.821875 0.696875 0.821875 0.6921875 0.825 0.6890625 0.8234375 0.68125 0.825 0.6796875 0.825 0.64375 0.8265625 0.6421875 0.825 0.6328125 0.8265625 0.63125
1 0.7140625 0.4453125 0.7171875 0.4453125 0.721875 0.45625 0.725 0.478125 0.73125 0.48125 0.7296875 0.4859375 0.7171875 0.4953125 0.7171875 0.5 0.715625 0.5015625 0.7125 0.5 0.715625 0.4890625 0.715625 0.4703125 0.7125 0.4671875 0.7140625 0.446875
1 0.4828125 0.5796875 0.4828125 0.584375 0.4890625 0.59375 0.490625 0.615625 0.4953125 0.6234375 0.4953125 0.628125 0.4921875 0.63125 0.49375 0.653125 0.4875 0.6515625 0.4890625 0.64375 0.48125 0.628125 0.48125 0.6109375 0.4828125 0.609375 0.478125 0.5859375 0.478125 0.5796875 0.48125 0.5796875
1 0.6203125 0.696875 0.6203125 0.7046875 0.6234375 0.709375 0.625 0.71875 0.625 0.740625 0.63125 0.746875 0.63125 0.753125 0.625 0.7546875 0.621875 0.759375 0.6203125 0.775 0.6171875 0.7734375 0.615625 0.734375 0.6125 0.73125 0.6140625 0.725 0.6125 0.7140625 0.615625 0.7078125 0.615625 0.6984375 0.61875 0.696875
1 0.44375 0.53125 0.446875 0.534375 0.446875 0.540625 0.4515625 0.5484375 0.453125 0.5734375 0.465625 0.596875 0.4640625 0.6015625 0.453125 0.5828125 0.446875 0.578125 0.44375 0.58125 0.446875 0.5984375 0.4453125 0.6015625 0.4421875 0.6015625 0.4421875 0.5859375 0.4390625 0.5828125 0.44375 0.565625 0.44375 0.54375 0.4421875 0.5421875 0.44375 0.5328125