1 0.74375 0.4828125 0.7484375 0.4875 0.7515625 0.4953125 0.7484375 0.525 0.75 0.54375 0.7421875 0.5421875 0.740625 0.51875 0.7421875 0.5171875 0.7421875 0.4859375 0.74375 0.484375
1 0.7140625 0.425 0.7171875 0.425 0.7203125 0.4390625 0.71875 0.44375 0.7203125 0.4734375 0.7171875 0.478125 0.715625 0.4765625 0.7140625 0.4546875 0.7109375 0.44375 0.7109375 0.4328125 0.7140625 0.4265625
1 0.653125 0.5640625 0.65625 0.5703125 0.65625 0.615625 0.6609375 0.6203125 0.659375 0.6296875 0.6546875 0.6296875 0.6515625 0.6265625 0.6484375 0.609375 0.6515625 0.565625
1 0.6046875 0.4828125 0.6078125 0.4859375 0.6125 0.5046875 0.6109375 0.5390625 0.6015625 0.54375 0.6015625 0.4890625 0.6046875 0.484375
1 0.7609375 0.5671875 0.7671875 0.58125 0.7671875 0.5921875 0.7640625 0.6 0.7625 0.628125 0.759375 0.6359375 0.75625 0.6359375 0.75625 0.590625 0.7546875 0.5890625 0.75625 0.575 0.759375 0.56875
1 0.60625 0.4546875 0.6078125 0.4578125 0.60625 0.48125 0.5984375 0.4875 0.5984375 0.4640625 0.6 0.4578125 0.6046875 0.4546875
1 0.6921875 0.4140625 0.69375 0.4171875 0.6921875 0.46875 0.6890625 0.46875 0.684375 0.4734375 0.68125 0.471875 0.684375 0.4625 0.6828125 0.453125 0.684375 0.4328125 0.6875 0.4265625 0.6875 0.4203125 0.6921875 0.415625
1 0.5984375 0.515625 0.596875 0.4765625 0.5984375 0.4625 0.603125 0.4546875 0.6078125 0.4578125 0.6078125 0.465625 0.60625 0.4671875 0.60625 0.4859375 0.6 0.4953125 0.603125 0.503125 0.6 0.515625
1 0.609375 0.4578125 0.6140625 0.4578125 0.6171875 0.4640625 0.61875 0.490625 0.621875 0.49375 0.6234375 0.50625 0.6203125 0.5078125 0.6171875 0.4984375 0.609375 0.4921875 0.609375 0.459375
1 0.6296875 0.5328125 0.6296875 0.5171875 0.63125 0.515625 0.6296875 0.48125 0.6328125 0.4734375 0.6375 0.4765625 0.6390625 0.4828125 0.6421875 0.51875 0.6453125 0.525 0.64375 0.528125 0.6359375 0.528125 0.63125 0.5328125
1 0.0453125 0.6625 0.05 0.6625 0.053125 0.684375 0.059375 0.6890625 0.0578125 0.6953125 0.059375 0.721875 0.05625 0.728125 0.05 0.7328125 0.05 0.7125 0.0453125 0.6984375 0.04375 0.6828125 0.0453125 0.6640625
1 0.6488310185185184 0.469386574074074 0.0160648148148149 0.05949074074074075
1 0.89375 0.790625 0.8984375 0.790625 0.9 0.7984375 0.903125 0.8203125 0.903125 0.8390625 0.8953125 0.8453125 0.890625 0.871875 0.8859375 0.8734375 0.88125 0.8703125 0.884375 0.865625 0.8859375 0.846875 0.89375 0.821875 0.89375 0.7921875
1 0.6046875 0.4796875 0.609375 0.490625 0.609375 0.5046875 0.6046875 0.5109375 0.603125 0.5203125 0.5984375 0.5171875 0.5984375 0.484375 0.603125 0.48125
2 0.84375 0.540625 0.8484375 0.54375 0.8515625 0.5515625 0.8484375 0.603125 0.846875 0.6109375 0.84375 0.6125 0.840625 0.6109375 0.840625 0.5703125 0.8421875 0.56875 0.840625 0.5546875 0.84375 0.5421875