0 0.575 0.0640625 0.5796875 0.0640625 0.5796875 0.075 0.575 0.075 0.5734375 0.071875 0.575 0.065625
1 0.353125 0.2875 0.35625 0.2875 0.359375 0.3 0.3609375 0.3265625 0.3625 0.334375 0.365625 0.3359375 0.3671875 0.3421875 0.365625 0.3609375 0.36875 0.3640625 0.36875 0.365625 0.3640625 0.365625 0.3609375 0.3625 0.3609375 0.34375 0.359375 0.3421875 0.3484375 0.3578125 0.3453125 0.3578125 0.3453125 0.3515625 0.3515625 0.340625 0.35 0.296875 0.353125 0.2890625
1 0.2140625 0.3171875 0.2171875 0.3203125 0.2171875 0.3265625 0.2203125 0.3328125 0.21875 0.34375 0.2203125 0.3453125 0.2203125 0.3609375 0.2234375 0.3703125 0.2234375 0.3765625 0.215625 0.390625 0.2125 0.3890625 0.209375 0.38125 0.2109375 0.3515625 0.2078125 0.3375 0.2140625 0.31875
1 0.4109375 0.2890625 0.415625 0.2890625 0.4171875 0.3 0.421875 0.30625 0.4203125 0.3296875 0.4234375 0.3328125 0.4234375 0.340625 0.41875 0.353125 0.4125 0.35625 0.409375 0.3515625 0.4140625 0.3359375 0.4109375 0.3296875 0.4109375 0.3140625 0.409375 0.3125 0.4109375 0.290625
1 0.44375 0.3625 0.44375 0.3828125 0.446875 0.3859375 0.4453125 0.3953125 0.4421875 0.4 0.4421875 0.4078125 0.446875 0.4125 0.45 0.421875 0.45 0.43125 0.4453125 0.4453125 0.4453125 0.45625 0.4421875 0.45625 0.440625 0.453125 0.440625 0.4453125 0.44375 0.4390625 0.4421875 0.4359375 0.44375 0.428125 0.440625 0.4234375 0.4359375 0.425 0.4265625 0.45 0.425 0.4515625 0.4203125 0.45 0.425 0.440625 0.4265625 0.43125 0.4328125 0.4203125 0.4328125 0.4015625 0.434375 0.4 0.4328125 0.3828125 0.4359375 0.378125 0.4390625 0.3640625 0.4421875 0.3625
1 0.7515625 0.365625 0.7546875 0.359375 0.7546875 0.353125 0.75625 0.3515625 0.759375 0.353125 0.7625 0.3796875 0.7578125 0.3859375 0.7578125 0.390625 0.759375 0.3984375 0.7671875 0.4109375 0.7703125 0.434375 0.76875 0.4375 0.765625 0.434375 0.7609375 0.4140625 0.75625 0.409375 0.753125 0.409375 0.746875 0.415625 0.746875 0.41875 0.7359375 0.4296875 0.7328125 0.4296875 0.7328125 0.4234375 0.746875 0.403125 0.75 0.375 0.753125 0.3671875
1 0.565625 0.3765625 0.5796875 0.365625 0.578125 0.328125 0.58125 0.3109375 0.5828125 0.30625 0.5859375 0.3046875 0.590625 0.334375 0.5890625 0.346875 0.5921875 0.3546875 0.59375 0.3703125 0.6 0.38125 0.6015625 0.3953125 0.5984375 0.3953125 0.59375 0.3765625 0.5890625 0.3703125 0.5859375 0.3703125 0.578125 0.3796875 0.5703125 0.3796875 0.5671875 0.3828125 0.5671875 0.378125
1 0.73125 0.5140625 0.734375 0.515625 0.73125 0.521875 0.71875 0.5234375 0.7234375 0.553125 0.721875 0.5671875 0.725 0.571875 0.7234375 0.5734375 0.7140625 0.571875 0.7171875 0.55625 0.7125 0.55 0.709375 0.5484375 0.696875 0.55 0.6953125 0.546875 0.696875 0.5421875 0.703125 0.5421875 0.7078125 0.5375 0.70625 0.521875 0.7125 0.5046875 0.7140625 0.4921875 0.71875 0.4875 0.721875 0.4796875 0.725 0.48125 0.7234375 0.490625 0.725 0.5140625 0.7296875 0.515625
1 0.7796875 0.3734375 0.78125 0.3890625 0.7875 0.396875 0.7875 0.4078125 0.7828125 0.4171875 0.7828125 0.425 0.7875 0.434375 0.790625 0.45625 0.7953125 0.4609375 0.790625 0.465625 0.7875 0.465625 0.7859375 0.4484375 0.78125 0.4421875 0.7765625 0.4453125 0.775 0.453125 0.76875 0.4609375 0.759375 0.4625 0.759375 0.459375 0.771875 0.4484375 0.771875 0.41875 0.76875 0.4140625 0.7671875 0.403125 0.7734375 0.390625 0.7734375 0.378125 0.778125 0.3734375
1 0.4921875 0.396875 0.4953125 0.3953125 0.4984375 0.3859375 0.496875 0.3796875 0.5 0.3578125 0.4984375 0.346875 0.5 0.3421875 0.503125 0.340625 0.50625 0.3546875 0.5078125 0.4046875 0.509375 0.40625 0.509375 0.421875 0.503125 0.421875 0.5015625 0.4203125 0.503125 0.4078125 0.4984375 0.4015625 0.49375 0.4015625 0.4921875 0.3984375
1 0.0515625 0.3671875 0.05625 0.3671875 0.05625 0.3765625 0.0609375 0.3859375 0.0609375 0.3984375 0.0578125 0.4046875 0.059375 0.40625 0.059375 0.43125 0.0625 0.434375 0.0625 0.453125 0.06875 0.459375 0.0609375 0.4625 0.05625 0.4578125 0.0578125 0.4484375 0.0546875 0.4453125 0.0453125 0.446875 0.0390625 0.453125 0.0375 0.4515625 0.040625 0.440625 0.05 0.434375 0.05 0.4171875 0.04375 0.3921875 0.0484375 0.3828125 0.0515625 0.36875
1 0.1015625 0.5921875 0.10625 0.5953125 0.1046875 0.6140625 0.1109375 0.6296875 0.10625 0.634375 0.10625 0.6515625 0.1078125 0.665625 0.1125 0.671875 0.1125 0.6875 0.109375 0.69375 0.096875 0.7 0.0890625 0.7171875 0.09375 0.7234375 0.0890625 0.7265625 0.0828125 0.7265625 0.0796875 0.721875 0.0921875 0.6828125 0.090625 0.621875 0.0921875 0.6140625 0.096875 0.60625 0.096875 0.5953125 0.1 0.59375
2 0.2585185185185185 0.4464525462962963 0.033038194444444446 0.09771412037037042
1 0.06792245370370371 0.3127083333333333 0.01873842592592593 0.07973958333333334