1 0.3828125 0.4546875 0.3828125 0.4953125 0.38125 0.496875 0.3828125 0.503125 0.38125 0.5046875 0.38125 0.521875 0.3765625 0.5296875 0.3734375 0.51875 0.3703125 0.525 0.3671875 0.5265625 0.36875 0.5203125 0.3671875 0.51875 0.371875 0.509375 0.371875 0.471875 0.378125 0.45625 0.38125 0.4546875
1 0.4359375 0.58125 0.4359375 0.5921875 0.440625 0.603125 0.440625 0.6140625 0.4359375 0.628125 0.4359375 0.640625 0.4328125 0.6453125 0.434375 0.653125 0.4265625 0.6734375 0.4234375 0.671875 0.4234375 0.6640625 0.4265625 0.65625 0.425 0.5984375 0.4296875 0.590625 0.43125 0.5828125 0.434375 0.58125
1 0.5328125 0.55 0.5375 0.5515625 0.540625 0.58125 0.54375 0.5953125 0.546875 0.6 0.546875 0.603125 0.540625 0.5953125 0.5375 0.596875 0.5359375 0.6234375 0.53125 0.640625 0.5296875 0.6421875 0.528125 0.640625 0.5296875 0.628125 0.5265625 0.625 0.5234375 0.6359375 0.5203125 0.6390625 0.5203125 0.625 0.525 0.6078125 0.5234375 0.5765625 0.53125 0.5609375 0.5328125 0.5515625
1 0.1796875 0.6265625 0.1796875 0.615625 0.1875 0.6109375 0.184375 0.5953125 0.184375 0.571875 0.1921875 0.5546875 0.1953125 0.55625 0.196875 0.5828125 0.2015625 0.5921875 0.1953125 0.5953125 0.196875 0.6109375 0.19375 0.6265625 0.19375 0.6421875 0.1890625 0.64375 0.1875 0.6421875 0.1890625 0.6234375 0.1859375 0.6203125 0.18125 0.6265625
1 0.3234375 0.3890625 0.3265625 0.3890625 0.3296875 0.403125 0.328125 0.4140625 0.3296875 0.4609375 0.328125 0.4625 0.325 0.4609375 0.325 0.4453125 0.321875 0.4421875 0.3140625 0.440625 0.3140625 0.4375 0.3203125 0.4328125 0.31875 0.4078125 0.3234375 0.396875 0.3234375 0.390625
1 0.76875 0.4515625 0.778125 0.4640625 0.78125 0.4734375 0.78125 0.484375 0.778125 0.496875 0.778125 0.51875 0.7734375 0.51875 0.775 0.509375 0.7703125 0.4875 0.765625 0.490625 0.7671875 0.5046875 0.7640625 0.5078125 0.7609375 0.50625 0.765625 0.4765625 0.765625 0.453125 0.7671875 0.453125
1 0.434375 0.4578125 0.4375 0.4625 0.4375 0.4765625 0.4421875 0.4796875 0.4421875 0.4828125 0.4390625 0.4828125 0.434375 0.4875 0.4328125 0.49375 0.4375 0.515625 0.43125 0.5234375 0.4296875 0.5359375 0.41875 0.5390625 0.41875 0.53125 0.4234375 0.521875 0.421875 0.49375 0.4328125 0.459375
1 0.5875 0.5078125 0.590625 0.51875 0.5859375 0.5328125 0.5875 0.55625 0.584375 0.56875 0.578125 0.58125 0.578125 0.5640625 0.58125 0.55 0.575 0.540625 0.5703125 0.5203125 0.578125 0.5140625 0.58125 0.5078125 0.5859375 0.5078125
1 0.471875 0.3875 0.475 0.3890625 0.4765625 0.4 0.4765625 0.45 0.478125 0.453125 0.475 0.45625 0.4734375 0.4390625 0.4703125 0.4359375 0.4625 0.4375 0.4578125 0.434375 0.459375 0.43125 0.465625 0.428125 0.4671875 0.4234375 0.4671875 0.403125 0.471875 0.3890625
1 0.5165162037037037 0.5270023148148149 0.022499999999999964 0.08502314814814813
1 0.553125 0.490625 0.55625 0.490625 0.55625 0.5015625 0.5609375 0.509375 0.5609375 0.54375 0.5625 0.5453125 0.5625 0.55625 0.559375 0.55625 0.559375 0.55 0.55625 0.5453125 0.553125 0.5453125 0.546875 0.5546875 0.5484375 0.53125 0.5453125 0.50625 0.553125 0.4953125 0.553125 0.4921875
1 0.0957638888888889 0.6910648148148149 0.0187210648148148 0.10209490740740748
1 0.0043820734375 0.48608796249999997 0.004917053125 0.558310184375 0.009614840625 0.559560184375 0.0119380140625 0.5567129625 0.007846579687499999 0.531828703125 0.00999485625 0.5053703703125 0.0043820734375 0.48608796249999997
2 0.1109375 0.5984375 0.1234375 0.5921875 0.121875 0.559375 0.128125 0.5375 0.1328125 0.5328125 0.134375 0.534375 0.1328125 0.5796875 0.1375 0.590625 0.1375 0.6171875 0.1390625 0.61875 0.1359375 0.625 0.134375 0.603125 0.13125 0.5953125 0.125 0.6 0.1171875 0.6015625 0.1125 0.6078125 0.109375 0.6078125 0.1109375 0.6