1 0.375 0.6171875 0.38125 0.6265625 0.3828125 0.6609375 0.39375 0.6765625 0.39375 0.684375 0.384375 0.6734375 0.38125 0.665625 0.3765625 0.6609375 0.3734375 0.6609375 0.36875 0.6671875 0.365625 0.6859375 0.3609375 0.6859375 0.3609375 0.6796875 0.3640625 0.6765625 0.36875 0.6546875 0.3734375 0.6484375 0.3703125 0.6234375 0.3703125 0.61875 0.3734375 0.6171875
1 0.6421875 0.671875 0.646875 0.671875 0.65 0.6859375 0.6546875 0.6921875 0.6546875 0.7078125 0.6515625 0.7140625 0.65 0.728125 0.653125 0.76875 0.6515625 0.7703125 0.6484375 0.7671875 0.6453125 0.7453125 0.6421875 0.7375 0.640625 0.7125 0.6359375 0.70625 0.6359375 0.7 0.6421875 0.6859375 0.6421875 0.6734375
1 0.9703125 0.41875 0.975 0.440625 0.9734375 0.4703125 0.978125 0.4828125 0.9765625 0.4875 0.9734375 0.4890625 0.971875 0.4875 0.971875 0.4796875 0.9671875 0.4625 0.9671875 0.4234375 0.96875 0.4203125
1 0.3421875 0.3765625 0.3453125 0.3765625 0.3515625 0.390625 0.3546875 0.4140625 0.3609375 0.425 0.359375 0.434375 0.3546875 0.425 0.3484375 0.428125 0.3453125 0.421875 0.3421875 0.378125
1 0.62890625 0.52578125 0.01875 0.06796875
1 0.375 0.359375 0.3828125 0.3671875 0.39375 0.4140625 0.390625 0.415625 0.3875 0.4109375 0.384375 0.4109375 0.3765625 0.3984375 0.3765625 0.378125 0.3734375 0.3640625 0.375 0.3609375
1 0.678125 0.8328125 0.68125 0.8359375 0.68125 0.8421875 0.6859375 0.8515625 0.684375 0.8890625 0.6828125 0.890625 0.6828125 0.9109375 0.684375 0.9125 0.6828125 0.9359375 0.678125 0.9359375 0.66875 0.9296875 0.66875 0.9125 0.6671875 0.9109375 0.6671875 0.890625 0.671875 0.871875 0.671875 0.8515625 0.6765625 0.8453125 0.675 0.8421875 0.6765625 0.834375
1 0.240625 0.5921875 0.2421875 0.5953125 0.2390625 0.6109375 0.240625 0.6359375 0.2359375 0.6421875 0.2359375 0.6484375 0.23125 0.6609375 0.23125 0.675 0.2265625 0.6734375 0.228125 0.621875 0.2359375 0.596875 0.2390625 0.59375
1 0.559375 0.7890625 0.5625 0.7921875 0.5625 0.8 0.5703125 0.81875 0.5703125 0.825 0.565625 0.8375 0.565625 0.846875 0.5625 0.853125 0.5625 0.8625 0.565625 0.865625 0.5671875 0.8796875 0.5625 0.8859375 0.5578125 0.884375 0.5546875 0.8625 0.5546875 0.8375 0.5515625 0.828125 0.5515625 0.8125 0.55625 0.8046875 0.5578125 0.790625
1 0.859375 0.5359375 0.865625 0.5375 0.86875 0.54375 0.871875 0.565625 0.8703125 0.590625 0.8765625 0.6015625 0.8765625 0.60625 0.8734375 0.6109375 0.86875 0.6 0.8640625 0.6015625 0.865625 0.6078125 0.8625 0.6125 0.85625 0.609375 0.8609375 0.6 0.859375 0.5375
1 0.2171875 0.496875 0.23125 0.5125 0.2328125 0.5328125 0.240625 0.5484375 0.2453125 0.553125 0.2453125 0.5625 0.24375 0.5625 0.2390625 0.5515625 0.23125 0.54375 0.228125 0.546875 0.2296875 0.55625 0.225 0.5609375 0.225 0.5515625 0.221875 0.546875 0.221875 0.525 0.2171875 0.51875 0.2140625 0.51875 0.2171875 0.4984375
1 0.3546875 0.596875 0.3640625 0.6140625 0.3640625 0.6296875 0.359375 0.646875 0.359375 0.6625 0.3625 0.671875 0.3609375 0.6765625 0.35625 0.675 0.3546875 0.6625 0.3515625 0.659375 0.34375 0.659375 0.340625 0.6515625 0.34375 0.6484375 0.3484375 0.6484375 0.3515625 0.64375 0.35 0.5984375 0.353125 0.596875
1 0.16875 0.59375 0.02109375 0.07890625
1 0.4421875 0.2671875 0.4453125 0.2671875 0.4484375 0.271875 0.4515625 0.2953125 0.4609375 0.30625 0.4609375 0.3109375 0.4578125 0.3109375 0.4546875 0.30625 0.4484375 0.3046875 0.4453125 0.3140625 0.4421875 0.315625 0.440625 0.3140625 0.4421875 0.3125 0.4421875 0.26875
1 0.0359375 0.271875 0.0390625 0.271875 0.0421875 0.278125 0.046875 0.325 0.046875 0.328125 0.0390625 0.3296875 0.0375 0.3109375 0.0328125 0.296875 0.0328125 0.2796875 0.0359375 0.2734375
1 0.625 0.2625 0.628125 0.2640625 0.6296875 0.26875 0.6328125 0.29375 0.6359375 0.296875 0.6359375 0.303125 0.63125 0.30625 0.6296875 0.3109375 0.6265625 0.3078125 0.625 0.2640625
2 0.609375 0.33125 0.6125 0.3328125 0.6171875 0.3421875 0.61875 0.35 0.6171875 0.36875 0.621875 0.378125 0.621875 0.38125 0.615625 0.384375 0.609375 0.3734375 0.609375 0.3546875 0.6078125 0.353125 0.609375 0.3328125