1 0.6125 0.45 0.6171875 0.4515625 0.621875 0.46875 0.621875 0.4890625 0.6171875 0.5203125 0.625 0.5375 0.6234375 0.5484375 0.6203125 0.546875 0.615625 0.5359375 0.6125 0.5421875 0.6125 0.5484375 0.6046875 0.55 0.609375 0.53125 0.6078125 0.490625 0.6125 0.4515625
1 0.534375 0.48125 0.5359375 0.4828125 0.534375 0.4984375 0.5390625 0.50625 0.5390625 0.5140625 0.53125 0.5328125 0.534375 0.54375 0.534375 0.5625 0.528125 0.5796875 0.5296875 0.590625 0.5171875 0.590625 0.515625 0.584375 0.521875 0.55625 0.5203125 0.553125 0.521875 0.5046875 0.5296875 0.4875 0.5296875 0.4828125 0.5328125 0.48125
1 0.265625 0.50625 0.2703125 0.50625 0.271875 0.51875 0.2765625 0.528125 0.275 0.53125 0.2765625 0.5703125 0.278125 0.571875 0.2828125 0.56875 0.2890625 0.5703125 0.2875 0.5765625 0.275 0.5796875 0.2703125 0.584375 0.271875 0.5984375 0.2625 0.6 0.265625 0.5953125 0.2640625 0.5859375 0.265625 0.546875 0.2578125 0.540625 0.2640625 0.5359375 0.2640625 0.5296875 0.2671875 0.5265625 0.265625 0.5078125
1 0.79375 0.44375 0.7984375 0.44375 0.8 0.4484375 0.7984375 0.4546875 0.80625 0.459375 0.8078125 0.465625 0.8015625 0.509375 0.803125 0.5328125 0.8 0.5375 0.796875 0.5375 0.7984375 0.53125 0.79375 0.521875 0.790625 0.5078125 0.790625 0.4921875 0.79375 0.4890625 0.790625 0.4625 0.79375 0.4453125
1 0.2953125 0.4359375 0.3015625 0.4390625 0.2921875 0.4484375 0.290625 0.453125 0.2875 0.515625 0.284375 0.515625 0.2828125 0.5078125 0.28125 0.4640625 0.278125 0.4578125 0.271875 0.459375 0.271875 0.4546875 0.278125 0.44375 0.284375 0.41875 0.2875 0.4203125 0.2890625 0.43125 0.29375 0.4359375
1 0.7265625 0.715625 0.7296875 0.725 0.7359375 0.73125 0.7375 0.7359375 0.740625 0.76875 0.7375 0.7875 0.740625 0.828125 0.7375 0.8359375 0.73125 0.8328125 0.7359375 0.8265625 0.7359375 0.8203125 0.73125 0.8125 0.7265625 0.8375 0.71875 0.8359375 0.71875 0.8328125 0.725 0.825 0.725 0.7859375 0.7265625 0.784375 0.7234375 0.7515625 0.725 0.7421875 0.7234375 0.7328125 0.7203125 0.728125 0.7203125 0.71875 0.725 0.715625
1 0.5390625 0.8328125 0.5328125 0.8265625 0.5296875 0.81875 0.525 0.828125 0.525 0.840625 0.5234375 0.84375 0.5171875 0.84375 0.521875 0.825 0.5203125 0.784375 0.521875 0.7828125 0.521875 0.7421875 0.525 0.7265625 0.5296875 0.7296875 0.5296875 0.7359375 0.534375 0.7421875 0.5328125 0.74375 0.534375 0.746875 0.534375 0.784375 0.53125 0.790625 0.5296875 0.80625 0.540625 0.8265625 0.5390625 0.83125
1 0.0765625 0.4859375 0.0796875 0.4890625 0.08125 0.4984375 0.0859375 0.5015625 0.090625 0.51875 0.0953125 0.5265625 0.09375 0.534375 0.0890625 0.525 0.0859375 0.525 0.0828125 0.5296875 0.078125 0.575 0.071875 0.5734375 0.0734375 0.56875 0.0703125 0.55625 0.0703125 0.528125 0.071875 0.5265625 0.06875 0.521875 0.06875 0.5109375 0.075 0.5 0.075 0.4875
1 0.3625 0.4109375 0.3734375 0.4421875 0.3703125 0.4640625 0.3671875 0.4703125 0.3671875 0.4796875 0.3703125 0.4890625 0.3703125 0.50625 0.3671875 0.5078125 0.3671875 0.496875 0.3640625 0.490625 0.3609375 0.49375 0.359375 0.50625 0.353125 0.5125 0.353125 0.5046875 0.3578125 0.4984375 0.359375 0.4859375 0.3578125 0.4484375 0.3546875 0.4453125 0.346875 0.459375 0.346875 0.453125 0.353125 0.4421875 0.359375 0.4125 0.3609375 0.4125
1 0.5640625 0.5125 0.571875 0.521875 0.575 0.5171875 0.5796875 0.5171875 0.5875 0.5234375 0.59375 0.5234375 0.6 0.5171875 0.603125 0.5171875 0.6046875 0.51875 0.603125 0.5296875 0.60625 0.5328125 0.60625 0.540625 0.58125 0.5390625 0.578125 0.5328125 0.5796875 0.5296875 0.578125 0.525 0.575 0.521875 0.5640625 0.53125 0.559375 0.5234375 0.559375 0.5140625 0.5625 0.5125
1 0.5671875 0.615625 0.5703125 0.6046875 0.5625 0.590625 0.5625 0.5734375 0.565625 0.5625 0.565625 0.53125 0.571875 0.5234375 0.5703125 0.5109375 0.5734375 0.509375 0.575 0.5203125 0.5796875 0.5296875 0.578125 0.5328125 0.578125 0.565625 0.575 0.575 0.5765625 0.6125 0.571875 0.6171875 0.56875 0.6171875
2 0.1578125 0.546875 0.1609375 0.546875 0.165625 0.5703125 0.1640625 0.571875 0.165625 0.60625 0.1671875 0.6078125 0.165625 0.61875 0.1703125 0.634375 0.1703125 0.6453125 0.1734375 0.6515625 0.171875 0.659375 0.175 0.6734375 0.1734375 0.68125 0.1671875 0.6625 0.165625 0.6453125 0.1609375 0.640625 0.1578125 0.640625 0.153125 0.6453125 0.1453125 0.684375 0.14375 0.6859375 0.140625 0.684375 0.140625 0.678125 0.14375 0.671875 0.14375 0.659375 0.15 0.6453125 0.15 0.628125 0.146875 0.6125 0.1484375 0.6109375 0.1484375 0.59375 0.153125 0.5859375 0.1546875 0.5734375 0.159375 0.5671875 0.1578125 0.5484375