0 0.328125 0.2890625 0.3328125 0.290625 0.3296875 0.2953125 0.328125 0.290625
1 0.4765625 0.2203125 0.4796875 0.2234375 0.4796875 0.246875 0.48125 0.2484375 0.48125 0.2640625 0.478125 0.26875 0.4734375 0.2546875 0.4765625 0.221875
1 0.425 0.7328125 0.4296875 0.7359375 0.4296875 0.7453125 0.4375 0.7609375 0.4375 0.7671875 0.434375 0.7734375 0.434375 0.8109375 0.4375 0.8234375 0.4375 0.8375 0.4359375 0.8390625 0.4328125 0.8375 0.428125 0.8109375 0.4234375 0.7984375 0.4234375 0.78125 0.41875 0.771875 0.41875 0.75625 0.4234375 0.7484375 0.425 0.734375
1 0.4375 0.2453125 0.440625 0.2453125 0.4421875 0.25 0.4421875 0.2828125 0.4453125 0.290625 0.44375 0.2921875 0.4421875 0.2875 0.4359375 0.284375 0.434375 0.2515625 0.4375 0.246875
1 0.540625 0.265625 0.54375 0.2671875 0.54375 0.271875 0.546875 0.2765625 0.55 0.303125 0.5484375 0.3046875 0.5515625 0.309375 0.5515625 0.315625 0.546875 0.30625 0.5421875 0.309375 0.5421875 0.3140625 0.540625 0.315625 0.5390625 0.3140625 0.540625 0.2671875
1 0.4796875 0.5125 0.4734375 0.5046875 0.46875 0.4875 0.4703125 0.4390625 0.471875 0.4375 0.475 0.4390625 0.475 0.4453125 0.4796875 0.4546875 0.4796875 0.4921875 0.4828125 0.503125 0.48125 0.5109375
1 0.15510995370370367 0.4656134259259259 0.01464699074074074 0.07932291666666665
1 0.08125 0.3875 0.0796875 0.353125 0.0765625 0.35 0.0734375 0.3515625 0.071875 0.346875 0.075 0.3359375 0.0859375 0.325 0.0921875 0.334375 0.0921875 0.340625 0.0890625 0.3453125 0.0875 0.3703125 0.08125 0.3890625
1 0.5765625 0.2125 0.5796875 0.2140625 0.58125 0.21875 0.5828125 0.2421875 0.5875 0.25 0.5875 0.25625 0.5859375 0.25625 0.5828125 0.2484375 0.578125 0.2453125 0.571875 0.25625 0.571875 0.2484375 0.575 0.2421875 0.5765625 0.2140625
1 0.159375 0.353125 0.165625 0.365625 0.165625 0.39375 0.1609375 0.4171875 0.1578125 0.4140625 0.1578125 0.3984375 0.1546875 0.38125 0.1546875 0.365625 0.1578125 0.3546875
1 0.7015625 0.253125 0.7046875 0.2546875 0.70625 0.259375 0.7078125 0.290625 0.715625 0.2984375 0.715625 0.3015625 0.703125 0.3 0.7015625 0.3125 0.7 0.3140625 0.696875 0.3109375 0.7015625 0.2828125 0.7015625 0.2546875
1 0.4234375 0.2703125 0.4265625 0.2703125 0.43125 0.2828125 0.43125 0.30625 0.4296875 0.3078125 0.43125 0.3234375 0.425 0.325 0.421875 0.3234375 0.4234375 0.271875
1 0.678125 0.3 0.6828125 0.3078125 0.6828125 0.340625 0.6859375 0.3421875 0.6875 0.346875 0.684375 0.3546875 0.684375 0.3625 0.68125 0.3640625 0.675 0.34375 0.6765625 0.3296875 0.675 0.3140625 0.678125 0.3015625
1 0.653125 0.253125 0.6578125 0.2546875 0.659375 0.290625 0.6640625 0.2953125 0.6625 0.3 0.6578125 0.2984375 0.6546875 0.3015625 0.6546875 0.309375 0.6515625 0.3078125 0.653125 0.2546875
1 0.834375 0.5703125 0.8390625 0.571875 0.8390625 0.5796875 0.8453125 0.5921875 0.8453125 0.603125 0.8421875 0.6078125 0.8421875 0.621875 0.8390625 0.6296875 0.8390625 0.6375 0.8421875 0.6421875 0.8421875 0.653125 0.8375 0.6578125 0.8328125 0.6578125 0.834375 0.6375 0.8296875 0.621875 0.828125 0.5875 0.8328125 0.5796875 0.834375 0.571875
1 0.96875 0.3859375 0.971875 0.3890625 0.971875 0.3953125 0.975 0.4 0.975 0.43125 0.98125 0.4375 0.9796875 0.446875 0.9765625 0.44375 0.9734375 0.4453125 0.9734375 0.4609375 0.971875 0.4625 0.96875 0.4609375 0.96875 0.45 0.965625 0.4421875 0.9671875 0.3875
1 0.7505555555555555 0.3245601851851852 0.016076388888888894 0.061400462962962976
1 0.6890625 0.4453125 0.6953125 0.4640625 0.6921875 0.4890625 0.6921875 0.49375 0.6953125 0.4984375 0.6953125 0.509375 0.690625 0.5125 0.6875 0.5015625 0.684375 0.4984375 0.6875 0.446875
1 0.1 0.5828125 0.1 0.5921875 0.1046875 0.5984375 0.10625 0.60625 0.103125 0.6609375 0.1 0.675 0.0953125 0.665625 0.0921875 0.6234375 0.0875 0.615625 0.0890625 0.6015625 0.0953125 0.5921875 0.0953125 0.584375 0.0984375 0.5828125
1 0.8796875 0.2625 0.8859375 0.278125 0.8859375 0.2890625 0.8828125 0.296875 0.890625 0.31875 0.8890625 0.3203125 0.8796875 0.3109375 0.8765625 0.3140625 0.875 0.325 0.8734375 0.3265625 0.8703125 0.325 0.878125 0.2859375 0.8765625 0.2828125 0.878125 0.2640625
1 0.3890625 0.2515625 0.396875 0.2625 0.4015625 0.2828125 0.4078125 0.2921875 0.4078125 0.296875 0.4046875 0.296875 0.403125 0.290625 0.3984375 0.2859375 0.3953125 0.2875 0.39375 0.2921875 0.390625 0.2890625 0.3875 0.2703125 0.3890625 0.253125
2 0.48576067343749996 0.3258101859375 0.483386059375 0.33004629531249996 0.47992155312499996 0.375972221875 0.483694059375 0.3939120359375 0.48997492343750004 0.3895601859375 0.48958461875000003 0.33680555624999997 0.48576067343749996 0.3258101859375