0 0.7234375 0.24375 0.725 0.25 0.7234375 0.2515625 0.721875 0.25 0.721875 0.2453125
1 0.74375 0.3765625 0.7484375 0.3921875 0.7484375 0.434375 0.7453125 0.4515625 0.740625 0.453125 0.7390625 0.4125 0.7359375 0.4046875 0.7359375 0.3953125 0.7421875 0.384375 0.7421875 0.378125
1 0.746875 0.259375 0.75 0.253125 0.75 0.2421875 0.7546875 0.2375 0.7578125 0.2421875 0.7578125 0.25625 0.7625 0.2734375 0.7625 0.2859375 0.7578125 0.2765625 0.7515625 0.278125 0.7484375 0.2765625 0.75 0.265625 0.7484375 0.2609375
1 0.5125 0.6625 0.5171875 0.6625 0.51875 0.675 0.521875 0.678125 0.5234375 0.6859375 0.5296875 0.69375 0.5296875 0.6984375 0.525 0.7015625 0.525 0.7359375 0.528125 0.759375 0.525 0.7640625 0.521875 0.7625 0.5125 0.7140625 0.5125 0.7046875 0.509375 0.6984375 0.509375 0.6796875 0.5125 0.6734375 0.5125 0.6640625
1 0.496875 0.396875 0.5015625 0.415625 0.5015625 0.425 0.496875 0.434375 0.4984375 0.4640625 0.4953125 0.465625 0.490625 0.45625 0.4875 0.4609375 0.478125 0.4625 0.4796875 0.453125 0.4859375 0.45 0.4890625 0.44375 0.4875 0.415625 0.4953125 0.403125 0.4953125 0.3984375
1 0.0296875 0.4578125 0.028125 0.453125 0.0296875 0.4359375 0.0265625 0.4328125 0.0203125 0.434375 0.0171875 0.4421875 0.0078125 0.453125 0.0078125 0.459375 0.0046875 0.4609375 0.003125 0.45625 0.003125 0.4515625 0.0078125 0.446875 0.0171875 0.428125 0.0171875 0.4 0.01875 0.3875 0.021875 0.38125 0.025 0.384375 0.0265625 0.4140625 0.0328125 0.43125 0.0328125 0.45 0.0359375 0.4546875 0.034375 0.459375 0.03125 0.4578125
1 0.3765625 0.3078125 0.375 0.3 0.3796875 0.2953125 0.3828125 0.2859375 0.38125 0.2625 0.384375 0.25 0.3859375 0.2484375 0.3890625 0.25 0.3890625 0.2671875 0.390625 0.26875 0.3890625 0.2859375 0.3921875 0.3078125 0.3890625 0.30625 0.3890625 0.3 0.3859375 0.296875 0.3828125 0.296875 0.378125 0.3015625 0.378125 0.30625
1 0.2203125 0.3078125 0.225 0.30625 0.2234375 0.3140625 0.225 0.3359375 0.2296875 0.353125 0.23125 0.3703125 0.2265625 0.371875 0.225 0.36875 0.2265625 0.359375 0.225 0.3515625 0.221875 0.3484375 0.2171875 0.3515625 0.2140625 0.3609375 0.2109375 0.3625 0.209375 0.371875 0.20625 0.3671875 0.20625 0.3625 0.2171875 0.3453125 0.2171875 0.31875 0.2203125 0.309375
1 0.2328125 0.246875 0.2359375 0.246875 0.2390625 0.2625 0.2375 0.275 0.2390625 0.3109375 0.2328125 0.3 0.2265625 0.3046875 0.2265625 0.2984375 0.2328125 0.2921875 0.2296875 0.2734375 0.2296875 0.2609375 0.2328125 0.2484375
1 0.48125 0.2 0.4859375 0.2109375 0.484375 0.2484375 0.48125 0.2453125 0.4765625 0.2484375 0.475 0.246875 0.475 0.2390625 0.478125 0.2359375 0.478125 0.2046875 0.4796875 0.2015625
1 0.2921875 0.3 0.2953125 0.303125 0.296875 0.3671875 0.2921875 0.365625 0.2921875 0.3546875 0.2890625 0.3515625 0.2796875 0.35625 0.2796875 0.3484375 0.2890625 0.34375 0.2875 0.3203125 0.2921875 0.3015625
1 0.09375 0.525 0.0984375 0.525 0.0984375 0.5390625 0.103125 0.5515625 0.1015625 0.6125 0.096875 0.6125 0.096875 0.5953125 0.0953125 0.59375 0.0859375 0.6015625 0.084375 0.60625 0.08125 0.60625 0.0828125 0.5953125 0.0890625 0.5875 0.0859375 0.5484375 0.09375 0.5265625
1 0.2625 0.5015625 0.2609375 0.5 0.2609375 0.46875 0.259375 0.459375 0.25625 0.4546875 0.25625 0.4453125 0.2609375 0.4375 0.2625 0.4265625 0.265625 0.425 0.265625 0.4359375 0.2734375 0.453125 0.26875 0.459375 0.26875 0.4734375 0.2640625 0.5
1 0.0578125 0.2953125 0.0625 0.296875 0.0625 0.315625 0.0640625 0.3171875 0.0625 0.3265625 0.065625 0.3375 0.0640625 0.3484375 0.05625 0.3546875 0.053125 0.3640625 0.05 0.3609375 0.0578125 0.296875
1 0.278125 0.2453125 0.28125 0.2453125 0.2828125 0.2484375 0.2828125 0.2765625 0.284375 0.278125 0.284375 0.2890625 0.2796875 0.296875 0.2796875 0.3015625 0.2765625 0.3046875 0.275 0.303125 0.2765625 0.2984375 0.275 0.275 0.278125 0.246875
1 0.409375 0.2125 0.409375 0.240625 0.403125 0.2515625 0.4015625 0.2515625 0.403125 0.221875 0.4046875 0.2140625 0.4078125 0.2125
1 0.5265625 0.2515625 0.528125 0.253125 0.528125 0.296875 0.5203125 0.3046875 0.51875 0.309375 0.515625 0.309375 0.515625 0.3015625 0.51875 0.296875 0.5203125 0.2703125 0.525 0.253125
1 0.8046875 0.51875 0.8078125 0.51875 0.8078125 0.525 0.8125 0.5359375 0.8125 0.575 0.815625 0.6 0.8140625 0.60625 0.8125 0.6046875 0.809375 0.578125 0.8046875 0.575 0.8 0.5828125 0.8 0.596875 0.796875 0.6046875 0.796875 0.5765625 0.7984375 0.575 0.796875 0.5375 0.8046875 0.525 0.8046875 0.5203125
1 0.70625 0.2515625 0.709375 0.253125 0.709375 0.2578125 0.7125 0.2625 0.7125 0.2859375 0.7109375 0.2875 0.7125 0.3046875 0.709375 0.3078125 0.703125 0.284375 0.703125 0.2625 0.70625 0.253125
1 0.4703125 0.2296875 0.4734375 0.234375 0.471875 0.240625 0.4734375 0.2421875 0.4734375 0.28125 0.4703125 0.2796875 0.4703125 0.2734375 0.4671875 0.26875 0.45625 0.26875 0.45625 0.2640625 0.465625 0.259375 0.465625 0.2484375 0.4703125 0.23125
1 0.5875 0.2234375 0.590625 0.2296875 0.5921875 0.2578125 0.5984375 0.2734375 0.5953125 0.275 0.5921875 0.26875 0.5875 0.265625 0.58125 0.2796875 0.5796875 0.278125 0.5796875 0.26875 0.584375 0.2625 0.5859375 0.225
2 0.428125 0.3625 0.4296875 0.3671875 0.425 0.371875 0.425 0.3828125 0.4265625 0.39375 0.43125 0.4015625 0.4296875 0.4078125 0.4265625 0.4046875 0.4234375 0.390625 0.4203125 0.3875 0.4140625 0.39375 0.4125 0.40625 0.4109375 0.4078125 0.409375 0.40625 0.4109375 0.3921875 0.415625 0.378125 0.4140625 0.3609375 0.41875 0.3390625 0.421875 0.3375 0.4234375 0.3578125 0.4265625 0.3625