1 0.3171875 0.8296875 0.315625 0.765625 0.3203125 0.753125 0.3296875 0.771875 0.3296875 0.7984375 0.3359375 0.8296875 0.334375 0.8328125 0.3328125 0.83125 0.325 0.809375 0.321875 0.8109375 0.321875 0.825 0.31875 0.8296875
1 0.4828125 0.5578125 0.484375 0.55625 0.4828125 0.55 0.484375 0.5203125 0.4875 0.51875 0.4921875 0.5296875 0.4921875 0.578125 0.4875 0.5796875 0.484375 0.559375
1 0.43125 0.5265625 0.4328125 0.525 0.43125 0.5203125 0.4328125 0.50625 0.4390625 0.5 0.4421875 0.5078125 0.44375 0.5625 0.440625 0.56875 0.4359375 0.5578125 0.43125 0.5609375 0.4328125 0.528125
1 0.490625 0.578125 0.4984375 0.59375 0.4984375 0.6375 0.5015625 0.646875 0.49375 0.65 0.490625 0.6484375 0.4890625 0.64375 0.4859375 0.6140625 0.4859375 0.590625 0.4890625 0.5796875
1 0.421875 0.671875 0.4265625 0.675 0.43125 0.6875 0.4359375 0.71875 0.4484375 0.7296875 0.446875 0.7375 0.4375 0.73125 0.43125 0.7234375 0.428125 0.7265625 0.4296875 0.7484375 0.4234375 0.746875 0.425 0.7375 0.421875 0.7078125 0.421875 0.6875 0.4234375 0.6859375 0.421875 0.6734375
1 0.396875 0.55 0.403125 0.55 0.4078125 0.5625 0.40625 0.5703125 0.4078125 0.6171875 0.403125 0.615625 0.4015625 0.6125 0.396875 0.6203125 0.39375 0.596875 0.39375 0.5703125 0.3921875 0.56875 0.396875 0.5515625
1 0.359375 0.571875 0.365625 0.5921875 0.3640625 0.6 0.365625 0.6234375 0.3625 0.6234375 0.359375 0.6296875 0.35625 0.6296875 0.35625 0.6171875 0.3484375 0.590625 0.3515625 0.5765625 0.3578125 0.571875
1 0.4703125 0.640625 0.4703125 0.6140625 0.4671875 0.6 0.475 0.5765625 0.478125 0.578125 0.478125 0.5828125 0.484375 0.59375 0.4828125 0.621875 0.4875 0.634375 0.4875 0.64375 0.4828125 0.6359375 0.48125 0.628125 0.4765625 0.6234375 0.4734375 0.628125 0.471875 0.640625
1 0.4765625 0.51875 0.48125 0.51875 0.484375 0.525 0.48125 0.56875 0.4796875 0.5734375 0.4703125 0.578125 0.471875 0.5375 0.4734375 0.525 0.4765625 0.5203125
1 0.2171875 0.5515625 0.2203125 0.5546875 0.221875 0.56875 0.2265625 0.575 0.2203125 0.5796875 0.221875 0.60625 0.21875 0.609375 0.2171875 0.5984375 0.2140625 0.5953125 0.209375 0.603125 0.20625 0.603125 0.209375 0.59375 0.2109375 0.5671875 0.2171875 0.553125
1 0.275 0.57890625 0.0234375 0.05546875
1 0.35625 0.5359375 0.3578125 0.5375 0.35625 0.565625 0.3546875 0.571875 0.3484375 0.5796875 0.3484375 0.5921875 0.3453125 0.5921875 0.3453125 0.584375 0.35 0.5609375 0.35 0.5453125 0.3515625 0.5390625 0.3546875 0.5375
1 0.3625 0.5328125 0.365625 0.5375 0.3671875 0.5890625 0.365625 0.590625 0.3609375 0.575 0.3578125 0.571875 0.3578125 0.5375 0.3609375 0.534375
1 0.328125 0.5703125 0.33125 0.634375 0.328125 0.634375 0.325 0.6296875 0.3265625 0.6234375 0.3234375 0.6125 0.31875 0.615625 0.3171875 0.6265625 0.3125 0.625 0.31875 0.6046875 0.3203125 0.575 0.3265625 0.571875
1 0.31875 0.55 0.325 0.54375 0.3296875 0.5578125 0.3296875 0.5703125 0.31875 0.5734375 0.3171875 0.565625 0.3125 0.5609375 0.31875 0.5515625
1 0.3765625 0.5453125 0.384375 0.553125 0.3875 0.5640625 0.3875 0.58125 0.390625 0.5859375 0.390625 0.5921875 0.3890625 0.5921875 0.3828125 0.584375 0.3796875 0.584375 0.378125 0.5859375 0.3796875 0.5984375 0.3765625 0.596875 0.3734375 0.5875 0.3734375 0.55 0.3765625 0.546875
2 0.0953125 0.5609375 0.1 0.59375 0.1 0.6125 0.0984375 0.6140625 0.1 0.6328125 0.096875 0.6359375 0.0921875 0.6359375 0.09375 0.6109375 0.0890625 0.59375 0.0890625 0.575 0.0921875 0.56875 0.0921875 0.5625 0.09375 0.5625