0 0.453125 0.415625 0.4578125 0.4203125 0.4578125 0.4234375 0.4515625 0.425 0.4515625 0.4171875
1 0.196875 0.56875 0.1984375 0.575 0.1859375 0.590625 0.1828125 0.6 0.1828125 0.6328125 0.1875 0.6515625 0.1875 0.6671875 0.1921875 0.678125 0.190625 0.6828125 0.1859375 0.684375 0.184375 0.6796875 0.1828125 0.653125 0.1796875 0.6484375 0.1734375 0.65 0.171875 0.6578125 0.1609375 0.6796875 0.159375 0.678125 0.159375 0.6671875 0.1671875 0.6546875 0.1703125 0.6375 0.1703125 0.5984375 0.1625 0.58125 0.1625 0.571875 0.1703125 0.584375 0.175 0.58125 0.1765625 0.575 0.18125 0.5765625 0.18125 0.5828125 0.184375 0.584375 0.1953125 0.5703125
1 0.3125 0.4125 0.30625 0.425 0.3046875 0.4375 0.3046875 0.4453125 0.309375 0.4578125 0.30625 0.4875 0.303125 0.4859375 0.3 0.475 0.29375 0.484375 0.29375 0.4890625 0.290625 0.4875 0.290625 0.4796875 0.296875 0.465625 0.296875 0.44375 0.2921875 0.4390625 0.2984375 0.4234375 0.2984375 0.4109375 0.3015625 0.409375 0.30625 0.4140625 0.3109375 0.4125
1 0.621875 0.503125 0.6265625 0.465625 0.6265625 0.428125 0.628125 0.4265625 0.63125 0.428125 0.63125 0.4328125 0.6375 0.4453125 0.6375 0.4578125 0.6328125 0.4984375 0.6234375 0.503125
1 0.11875 0.446875 0.1171875 0.440625 0.11875 0.4265625 0.125 0.4109375 0.128125 0.4125 0.1296875 0.43125 0.1234375 0.4375 0.1203125 0.446875
1 0.5046875 0.403125 0.5140625 0.425 0.5140625 0.471875 0.5171875 0.4875 0.515625 0.490625 0.5125 0.4875 0.5125 0.48125 0.509375 0.4765625 0.50625 0.4796875 0.5046875 0.4890625 0.5015625 0.490625 0.5046875 0.4734375 0.5046875 0.459375 0.5 0.4296875 0.5015625 0.4046875 0.503125 0.4046875
1 0.484375 0.428125 0.4828125 0.4203125 0.4796875 0.4171875 0.4765625 0.4234375 0.4765625 0.4328125 0.4734375 0.4328125 0.4734375 0.3859375 0.4765625 0.378125 0.4859375 0.3890625 0.4875 0.4015625 0.484375 0.4140625 0.4859375 0.415625 0.484375 0.4296875
1 0.271875 0.4015625 0.275 0.4015625 0.2765625 0.415625 0.275 0.4359375 0.278125 0.4421875 0.2796875 0.4734375 0.278125 0.475 0.275 0.4734375 0.275 0.45625 0.2734375 0.4515625 0.2703125 0.45 0.2671875 0.453125 0.2609375 0.4703125 0.2609375 0.4765625 0.259375 0.4765625 0.259375 0.4625 0.265625 0.4453125 0.2671875 0.4140625 0.271875 0.403125
1 0.3625 0.4453125 0.365625 0.446875 0.3703125 0.4421875 0.3703125 0.4046875 0.3734375 0.39375 0.375 0.3921875 0.378125 0.39375 0.3796875 0.4609375 0.3765625 0.4671875 0.375 0.453125 0.3625 0.4515625 0.359375 0.45 0.3609375 0.446875
1 0.5453125 0.5 0.54375 0.503125 0.540625 0.503125 0.5359375 0.490625 0.5328125 0.490625 0.5265625 0.496875 0.525 0.5015625 0.5234375 0.4984375 0.5234375 0.49375 0.53125 0.4828125 0.53125 0.471875 0.525 0.459375 0.525 0.4375 0.528125 0.4328125 0.5296875 0.421875 0.5390625 0.440625 0.5375 0.4734375 0.5390625 0.4890625 0.54375 0.5
1 0.053125 0.475 0.053125 0.4953125 0.0578125 0.50625 0.0578125 0.5109375 0.053125 0.5140625 0.053125 0.5203125 0.0578125 0.5296875 0.0578125 0.5375 0.0546875 0.546875 0.05 0.5515625 0.046875 0.55 0.0484375 0.5421875 0.046875 0.540625 0.0453125 0.5421875 0.0359375 0.559375 0.0328125 0.571875 0.03125 0.5671875 0.0328125 0.553125 0.040625 0.5390625 0.04375 0.5234375 0.0390625 0.496875 0.04375 0.4875 0.046875 0.4859375 0.0484375 0.4765625 0.0515625 0.475
1 0.5046875 0.4 0.509375 0.4078125 0.509375 0.415625 0.5046875 0.4171875 0.5015625 0.4234375 0.4984375 0.4234375 0.496875 0.4078125 0.4984375 0.403125 0.503125 0.4
1 0.778125 0.5109375 0.0171875 0.075
1 0.1296875 0.43125 0.1296875 0.4421875 0.1328125 0.4515625 0.1328125 0.503125 0.134375 0.5046875 0.1328125 0.5078125 0.1296875 0.50625 0.1265625 0.4859375 0.1234375 0.484375 0.115625 0.4875 0.1078125 0.484375 0.1125 0.475 0.11875 0.46875 0.121875 0.440625 0.125 0.4328125 0.128125 0.43125
1 0.6515625 0.3859375 0.6546875 0.3875 0.6546875 0.3921875 0.6640625 0.4125 0.6625 0.43125 0.665625 0.4375 0.665625 0.45 0.6640625 0.4515625 0.6578125 0.4390625 0.65625 0.440625 0.65625 0.45625 0.6546875 0.4578125 0.653125 0.45625 0.65 0.4390625 0.65 0.3875
1 0.459375 0.36875 0.4625 0.3734375 0.4625 0.425 0.4515625 0.4234375 0.453125 0.3796875 0.4578125 0.3703125
1 0.3875 0.490625 0.39375 0.4734375 0.39375 0.4671875 0.396875 0.465625 0.403125 0.496875 0.403125 0.53125 0.3921875 0.54375 0.390625 0.5546875 0.3890625 0.553125 0.3890625 0.5359375 0.390625 0.534375 0.3890625 0.4921875
2 0.11875 0.4484375 0.1171875 0.434375 0.125 0.4109375 0.128125 0.4125 0.1296875 0.43125 0.1234375 0.4375 0.1203125 0.4484375