0 0.68125 0.8109375 0.6875 0.8125 0.6875 0.8203125 0.684375 0.8234375 0.68125 0.8234375 0.6796875 0.8203125 0.68125 0.8125
1 0.3625 0.80625 0.365625 0.8046875 0.36875 0.7953125 0.3703125 0.7796875 0.36875 0.75625 0.371875 0.7484375 0.371875 0.734375 0.3765625 0.73125 0.3796875 0.7359375 0.384375 0.75625 0.384375 0.7609375 0.38125 0.765625 0.38125 0.7796875 0.384375 0.7859375 0.3859375 0.809375 0.3890625 0.8171875 0.3890625 0.8203125 0.3859375 0.821875 0.3828125 0.8203125 0.3828125 0.803125 0.3796875 0.79375 0.375 0.7953125 0.3734375 0.803125 0.36875 0.80625 0.3609375 0.821875 0.359375 0.809375 0.3625 0.8078125
1 0.7337268518518518 0.3492997685185185 0.015040509259259238 0.05957175925925928
1 0.7109375 0.7234375 0.7140625 0.721875 0.71875 0.7046875 0.7171875 0.68125 0.728125 0.6609375 0.7328125 0.6578125 0.7359375 0.6625 0.7359375 0.684375 0.7375 0.6859375 0.7359375 0.6875 0.7359375 0.71875 0.73125 0.7265625 0.7328125 0.7375 0.73125 0.7390625 0.7265625 0.7375 0.7265625 0.728125 0.73125 0.7203125 0.73125 0.7109375 0.728125 0.7078125 0.7140625 0.7265625 0.7125 0.7359375 0.709375 0.7359375 0.7109375 0.725
1 0.5078125 0.2375 0.5109375 0.2390625 0.5125 0.24375 0.5109375 0.246875 0.5125 0.2828125 0.5109375 0.2890625 0.5 0.2875 0.503125 0.2515625 0.5078125 0.2390625
1 0.4390625 0.684375 0.4421875 0.6859375 0.4421875 0.7046875 0.4390625 0.7203125 0.440625 0.721875 0.4390625 0.7328125 0.4390625 0.7484375 0.440625 0.75 0.4390625 0.7765625 0.440625 0.7796875 0.4328125 0.7796875 0.434375 0.7703125 0.4328125 0.7546875 0.421875 0.759375 0.41875 0.765625 0.4140625 0.7671875 0.4140625 0.7578125 0.428125 0.7484375 0.428125 0.728125 0.43125 0.7171875 0.43125 0.70625 0.4390625 0.6859375
1 0.090625 0.3921875 0.0953125 0.3953125 0.09375 0.3984375 0.0984375 0.40625 0.0984375 0.4296875 0.103125 0.4578125 0.1015625 0.465625 0.096875 0.4609375 0.0953125 0.453125 0.096875 0.4484375 0.09375 0.44375 0.0890625 0.4515625 0.0890625 0.4609375 0.084375 0.4625 0.0859375 0.4 0.090625 0.39375
2 0.3747685185185185 0.32991319444444445 0.01678819444444444 0.06584490740740741
1 0.7921875 0.403125 0.79375 0.43125 0.7890625 0.4546875 0.7859375 0.4609375 0.7859375 0.4734375 0.7828125 0.4734375 0.778125 0.4671875 0.7796875 0.4578125 0.778125 0.4359375 0.78125 0.4296875 0.7828125 0.4109375 0.790625 0.403125
1 0.353125 0.5796875 0.35625 0.58125 0.353125 0.60625 0.353125 0.61875 0.35625 0.628125 0.3546875 0.6359375 0.35625 0.65625 0.35 0.6578125 0.3484375 0.6546875 0.35 0.6390625 0.3453125 0.634375 0.3375 0.64375 0.334375 0.6609375 0.33125 0.6625 0.3296875 0.659375 0.33125 0.64375 0.3390625 0.628125 0.3453125 0.59375 0.3515625 0.58125
1 0.33125 0.203125 0.334375 0.209375 0.3359375 0.2421875 0.3265625 0.25 0.325 0.2484375 0.3265625 0.2046875 0.3296875 0.203125
1 0.9703125 0.6390625 0.978125 0.6515625 0.9796875 0.6609375 0.9734375 0.6546875 0.9671875 0.6578125 0.965625 0.6921875 0.9609375 0.7078125 0.9609375 0.7171875 0.9578125 0.7171875 0.953125 0.7015625 0.9453125 0.7078125 0.9421875 0.7078125 0.940625 0.703125 0.9421875 0.6984375 0.953125 0.6859375 0.9546875 0.671875 0.953125 0.6640625 0.95 0.6625 0.940625 0.675 0.9359375 0.675 0.9359375 0.6734375 0.9390625 0.665625 0.94375 0.6625 0.953125 0.6484375 0.959375 0.6328125 0.9640625 0.6296875 0.96875 0.6390625
1 0.759375 0.7578125 0.765625 0.7609375 0.7703125 0.759375 0.775 0.7609375 0.7859375 0.7765625 0.784375 0.778125 0.7921875 0.803125 0.7921875 0.8328125 0.8 0.8546875 0.8 0.8640625 0.7984375 0.865625 0.7953125 0.8640625 0.7953125 0.85625 0.7890625 0.840625 0.7796875 0.834375 0.78125 0.8265625 0.7765625 0.8140625 0.7765625 0.8015625 0.7734375 0.7984375 0.7625 0.7953125 0.7640625 0.790625 0.771875 0.7875 0.7734375 0.775 0.759375 0.759375
1 0.7655787037037036 0.32945023148148145 0.016649305555555483 0.0611574074074074
1 0.50625 0.4203125 0.5140625 0.4140625 0.5171875 0.421875 0.515625 0.45625 0.5125 0.4578125 0.509375 0.465625 0.5078125 0.48125 0.5015625 0.4765625 0.503125 0.4609375 0.50625 0.4546875 0.503125 0.4390625 0.503125 0.4296875 0.50625 0.421875
1 0.3359375 0.3359375 0.3390625 0.3375 0.340625 0.3421875 0.3375 0.365625 0.3375 0.3921875 0.3328125 0.3921875 0.3265625 0.3859375 0.3265625 0.378125 0.3296875 0.3703125 0.3296875 0.3515625 0.3359375 0.3375
1 0.3953125 0.84375 0.4015625 0.84375 0.4046875 0.840625 0.403125 0.8234375 0.4078125 0.8 0.4078125 0.784375 0.4125 0.78125 0.415625 0.7859375 0.415625 0.8078125 0.4171875 0.809375 0.4171875 0.8234375 0.4140625 0.8265625 0.415625 0.8375 0.4140625 0.8828125 0.4125 0.884375 0.40625 0.8796875 0.409375 0.85625 0.4 0.8515625 0.3984375 0.853125 0.39375 0.8515625 0.3953125 0.8453125
1 0.0875 0.3921875 0.0828125 0.3796875 0.0828125 0.3625 0.0859375 0.3515625 0.0875 0.35 0.090625 0.3515625 0.096875 0.3640625 0.09375 0.390625 0.0875 0.39375