0 0.9126157407407408 0.692650462962963 0.008391203703703632 0.015682870370370416
1 0.29424189814814816 0.4330960648148148 0.016493055555555535 0.06572916666666666
1 0.2421875 0.3984375 0.246875 0.4 0.246875 0.4328125 0.2453125 0.434375 0.246875 0.45 0.240625 0.4515625 0.2375 0.4484375 0.2359375 0.440625 0.2375 0.4390625 0.2375 0.4125 0.2421875 0.4
1 0.3671875 0.4046875 0.375 0.4015625 0.375 0.4171875 0.3734375 0.425 0.36875 0.4296875 0.36875 0.4328125 0.365625 0.428125 0.3671875 0.40625
1 0.371875 0.4265625 0.375 0.43125 0.375 0.4375 0.378125 0.440625 0.3765625 0.48125 0.3796875 0.4875 0.3765625 0.4890625 0.3734375 0.4859375 0.3703125 0.4921875 0.36875 0.4828125 0.3671875 0.434375 0.3703125 0.428125
1 0.3515625 0.39375 0.3546875 0.3984375 0.3546875 0.409375 0.3515625 0.41875 0.3546875 0.453125 0.3515625 0.4625 0.3453125 0.4515625 0.34375 0.440625 0.3453125 0.409375 0.35 0.3953125
1 0.2890625 0.3875 0.296875 0.3984375 0.296875 0.403125 0.290625 0.4125 0.2890625 0.440625 0.2859375 0.4375 0.2875 0.4078125 0.284375 0.3984375 0.2875 0.3890625
1 0.3328125 0.40625 0.3359375 0.40625 0.340625 0.425 0.3375 0.4359375 0.340625 0.4484375 0.340625 0.4734375 0.3375 0.4703125 0.334375 0.4546875 0.3296875 0.4609375 0.328125 0.471875 0.325 0.4703125 0.328125 0.4546875 0.3265625 0.4171875 0.3296875 0.409375 0.3328125 0.4078125
1 0.2984375 0.40625 0.3046875 0.40625 0.3078125 0.4140625 0.30625 0.4390625 0.309375 0.4484375 0.3078125 0.4640625 0.3015625 0.459375 0.3015625 0.4546875 0.2984375 0.4515625 0.296875 0.440625 0.2984375 0.4078125
1 0.15625 0.4359375 0.159375 0.4421875 0.15625 0.45625 0.1578125 0.5 0.1546875 0.5 0.1515625 0.4953125 0.1453125 0.496875 0.1484375 0.459375 0.1546875 0.44375 0.153125 0.4421875 0.1546875 0.4375
1 0.271875 0.3875 0.2765625 0.3890625 0.28125 0.3984375 0.2796875 0.4203125 0.2734375 0.4390625 0.275 0.4453125 0.271875 0.4484375 0.26875 0.440625 0.2703125 0.4328125 0.26875 0.396875 0.271875 0.3890625
1 0.971875 0.6421875 0.975 0.65625 0.9765625 0.7046875 0.96875 0.7171875 0.965625 0.7140625 0.9671875 0.7015625 0.965625 0.690625 0.9625 0.6859375 0.9640625 0.6828125 0.9625 0.6375 0.9671875 0.634375 0.9703125 0.6421875
1 0.1640625 0.4890625 0.1609375 0.48125 0.1640625 0.4546875 0.1625 0.4375 0.1640625 0.4359375 0.1671875 0.4375 0.171875 0.446875 0.1734375 0.471875 0.178125 0.4828125 0.1828125 0.4875 0.1828125 0.4953125 0.16875 0.475 0.165625 0.478125 0.1671875 0.484375 0.165625 0.4890625
1 0.9953125 0.6484375 0.9984375 0.6484375 0.9984375 0.671875 0.9921875 0.678125 0.984375 0.678125 0.9859375 0.6703125 0.9921875 0.6625 0.9953125 0.65
1 0.9984375 0.684375 0.9984375 0.7421875 0.9953125 0.7421875 0.99375 0.73125 0.9984375 0.6859375
1 0.925 0.64375 0.93125 0.64375 0.9328125 0.653125 0.9375 0.6609375 0.9375 0.69375 0.934375 0.703125 0.934375 0.7171875 0.93125 0.7296875 0.9296875 0.73125 0.9265625 0.7296875 0.9203125 0.6734375 0.9203125 0.6625 0.9265625 0.6515625 0.925 0.6453125
1 0.3578125 0.40625 0.3609375 0.4109375 0.359375 0.4265625 0.3609375 0.4390625 0.3640625 0.4453125 0.3625 0.453125 0.3546875 0.4484375 0.353125 0.440625 0.353125 0.415625 0.35625 0.4078125
1 0.38125 0.4078125 0.3875 0.4234375 0.3890625 0.4703125 0.3859375 0.4671875 0.3859375 0.459375 0.3828125 0.4546875 0.3796875 0.459375 0.3796875 0.465625 0.3796875 0.4421875 0.378125 0.440625 0.3796875 0.409375
2 0.0734375 0.4734375 0.075 0.4828125 0.078125 0.4859375 0.078125 0.525 0.0796875 0.534375 0.0828125 0.5390625 0.0734375 0.5421875 0.071875 0.5359375 0.0703125 0.5265625 0.071875 0.5140625 0.06875 0.5046875 0.06875 0.4859375 0.0671875 0.484375 0.071875 0.475