1 0.6921875 0.7578125 0.69375 0.75625 0.69375 0.7390625 0.7 0.71875 0.703125 0.7203125 0.7046875 0.7296875 0.7109375 0.7375 0.7140625 0.7484375 0.709375 0.7671875 0.709375 0.7828125 0.7109375 0.784375 0.709375 0.8 0.7125 0.821875 0.7109375 0.828125 0.7046875 0.8296875 0.7015625 0.8265625 0.6984375 0.809375 0.6984375 0.8 0.6953125 0.7890625 0.696875 0.7765625 0.69375 0.759375
1 0.134375 0.4375 0.1375 0.4390625 0.1421875 0.4546875 0.140625 0.4875 0.1375 0.50625 0.1390625 0.5203125 0.1296875 0.51875 0.128125 0.4828125 0.125 0.4734375 0.125 0.465625 0.1328125 0.4390625
1 0.2765625 0.5640625 0.278125 0.5671875 0.278125 0.6171875 0.2734375 0.6390625 0.275 0.646875 0.2640625 0.646875 0.2625 0.64375 0.26875 0.6140625 0.2671875 0.58125 0.2703125 0.56875 0.275 0.5640625
1 0.5375 0.5546875 0.540625 0.5609375 0.5375 0.5828125 0.5390625 0.63125 0.5375 0.6328125 0.534375 0.63125 0.534375 0.6109375 0.5296875 0.6078125 0.525 0.6140625 0.5203125 0.6265625 0.5203125 0.6328125 0.5171875 0.6359375 0.515625 0.634375 0.5171875 0.621875 0.5234375 0.6078125 0.5234375 0.5765625 0.5265625 0.5625 0.5296875 0.5578125 0.5359375 0.5546875
1 0.3359375 0.61875 0.334375 0.6265625 0.3390625 0.634375 0.34375 0.634375 0.3484375 0.63125 0.3515625 0.6328125 0.3609375 0.6328125 0.3640625 0.6296875 0.3671875 0.63125 0.3671875 0.6359375 0.3625 0.6453125 0.3515625 0.646875 0.3484375 0.653125 0.3421875 0.6546875 0.3375 0.659375 0.3328125 0.6578125 0.328125 0.628125 0.328125 0.6203125 0.33125 0.6171875 0.334375 0.61875
1 0.540625 0.5609375 0.534375 0.55625 0.5265625 0.565625 0.525 0.5625 0.528125 0.5484375 0.534375 0.5390625 0.5359375 0.53125 0.5390625 0.5296875 0.5421875 0.5375 0.54375 0.546875 0.5421875 0.559375
1 0.6546875 0.5921875 0.6640625 0.609375 0.6625 0.6421875 0.6546875 0.6359375 0.65 0.640625 0.6453125 0.625 0.6453125 0.6015625 0.653125 0.59375
1 0.1359375 0.6421875 0.1390625 0.6453125 0.1390625 0.6671875 0.1421875 0.675 0.140625 0.6796875 0.1421875 0.6890625 0.1390625 0.69375 0.1390625 0.709375 0.1359375 0.71875 0.134375 0.740625 0.1296875 0.74375 0.1265625 0.74375 0.125 0.740625 0.1265625 0.728125 0.125 0.6765625 0.128125 0.6546875 0.134375 0.64375
1 0.2859375 0.7546875 0.28125 0.759375 0.2828125 0.771875 0.28125 0.778125 0.284375 0.7953125 0.284375 0.8171875 0.2890625 0.828125 0.2875 0.8296875 0.28125 0.828125 0.2796875 0.796875 0.275 0.7921875 0.26875 0.79375 0.2625 0.8109375 0.2625 0.8171875 0.259375 0.81875 0.2578125 0.809375 0.2625 0.79375 0.2671875 0.7875 0.26875 0.7578125 0.271875 0.7546875 0.271875 0.74375 0.2765625 0.7296875 0.2765625 0.721875 0.2828125 0.7203125 0.28125 0.74375 0.284375 0.753125
1 0.6234375 0.6296875 0.6265625 0.6296875 0.63125 0.6359375 0.6265625 0.65625 0.621875 0.6625 0.625 0.70625 0.6203125 0.7078125 0.6203125 0.69375 0.6171875 0.690625 0.6109375 0.7 0.6109375 0.6875 0.6078125 0.6796875 0.60625 0.6640625 0.6078125 0.6546875 0.6140625 0.6421875 0.6234375 0.63125
1 0.7203125 0.653125 0.7234375 0.65625 0.725 0.6640625 0.7265625 0.6875 0.7296875 0.696875 0.7296875 0.7171875 0.7359375 0.734375 0.7359375 0.740625 0.734375 0.7421875 0.7328125 0.740625 0.728125 0.7265625 0.7234375 0.7234375 0.721875 0.734375 0.7265625 0.746875 0.725 0.75 0.7203125 0.746875 0.7203125 0.740625 0.715625 0.73125 0.715625 0.715625 0.71875 0.703125 0.7171875 0.69375 0.70625 0.6859375 0.7125 0.68125 0.715625 0.675 0.7171875 0.6703125 0.715625 0.6578125 0.71875 0.6546875
1 0.4328125 0.6015625 0.4390625 0.6046875 0.440625 0.6125 0.4515625 0.6234375 0.446875 0.63125 0.446875 0.646875 0.4453125 0.6484375 0.440625 0.64375 0.43125 0.640625 0.4296875 0.615625 0.4328125 0.603125
1 0.640625 0.628125 0.64375 0.628125 0.6453125 0.63125 0.6453125 0.6484375 0.646875 0.65 0.6453125 0.6625 0.646875 0.7078125 0.64375 0.709375 0.640625 0.6953125 0.634375 0.69375 0.634375 0.6875 0.63125 0.68125 0.634375 0.659375 0.6296875 0.653125 0.63125 0.640625 0.6359375 0.63125 0.640625 0.6296875
1 0.4421875 0.6078125 0.44375 0.5765625 0.4390625 0.5578125 0.4421875 0.5359375 0.45 0.5203125 0.453125 0.521875 0.4546875 0.559375 0.4484375 0.5875 0.446875 0.5984375 0.4484375 0.603125 0.44375 0.6078125
1 0.56875 0.5765625 0.5765625 0.5765625 0.578125 0.5875 0.58125 0.5921875 0.58125 0.63125 0.578125 0.6390625 0.5765625 0.6625 0.56875 0.665625 0.5671875 0.6625 0.56875 0.6296875 0.5640625 0.6125 0.56875 0.578125
1 0.65 0.659375 0.659375 0.6515625 0.665625 0.6359375 0.66875 0.6375 0.675 0.65 0.6734375 0.6890625 0.6671875 0.7 0.6671875 0.70625 0.6609375 0.7125 0.6578125 0.721875 0.65 0.7171875 0.65 0.7125 0.6609375 0.690625 0.6625 0.6640625 0.6578125 0.659375 0.6546875 0.6609375 0.6515625 0.659375
1 0.43125 0.525 0.434375 0.525 0.4359375 0.5296875 0.4359375 0.55625 0.4328125 0.559375 0.434375 0.5640625 0.4328125 0.6 0.4296875 0.60625 0.428125 0.59375 0.425 0.5921875 0.4203125 0.6015625 0.41875 0.603125 0.4171875 0.6015625 0.4171875 0.5921875 0.421875 0.5875 0.4234375 0.58125 0.4265625 0.540625 0.43125 0.5265625
1 0.6016666666666667 0.6691666666666667 0.021684027777777715 0.0981770833333333
2 0.1 0.68125 0.1 0.675 0.1078125 0.659375 0.1125 0.6546875 0.11875 0.6109375 0.125 0.603125 0.125 0.5984375 0.1296875 0.59375 0.1328125 0.596875 0.128125 0.6296875 0.1296875 0.65 0.1265625 0.6546875 0.1203125 0.6546875 0.115625 0.6578125 0.10625 0.6765625 0.1015625 0.68125