0 0.459375 0.453125 0.4609375 0.4546875 0.459375 0.4609375 0.4546875 0.4578125 0.4546875 0.4546875 0.4578125 0.4546875
1 0.784375 0.3296875 0.7875 0.3359375 0.7875 0.35 0.784375 0.35625 0.7828125 0.3765625 0.7765625 0.3796875 0.7765625 0.3640625 0.778125 0.3625 0.7765625 0.34375 0.7828125 0.33125
1 0.5465625 0.3714236111111111 0.013153935185185173 0.04861111111111112
1 0.196875 0.5484375 0.1953125 0.5453125 0.196875 0.5 0.203125 0.49375 0.2046875 0.4890625 0.2078125 0.490625 0.2078125 0.4984375 0.2046875 0.5015625 0.203125 0.5328125 0.1984375 0.5484375
1 0.46875 0.2578125 0.471875 0.2640625 0.471875 0.2796875 0.46875 0.284375 0.46875 0.296875 0.465625 0.2984375 0.4640625 0.296875 0.4640625 0.265625 0.4671875 0.259375
1 0.4859375 0.5125 0.4890625 0.5125 0.4921875 0.534375 0.484375 0.5609375 0.4765625 0.5703125 0.4796875 0.528125 0.4859375 0.5140625
1 0.4322106481481482 0.5410127314814815 0.01793402777777784 0.05180555555555548
1 0.8578125 0.3515625 0.8625 0.3609375 0.8625 0.3765625 0.8578125 0.396875 0.85 0.4 0.8484375 0.3984375 0.8515625 0.390625 0.85625 0.353125
1 0.3703125 0.3125 0.371875 0.328125 0.36875 0.340625 0.3734375 0.3625 0.3703125 0.3609375 0.36875 0.3515625 0.365625 0.3484375 0.3625 0.3515625 0.359375 0.3625 0.3578125 0.3609375 0.3640625 0.3359375 0.3640625 0.3203125 0.36875 0.3140625
1 0.2015625 0.4828125 0.2015625 0.475 0.2078125 0.4625 0.2109375 0.4359375 0.2171875 0.428125 0.2203125 0.43125 0.21875 0.44375 0.215625 0.446875 0.2171875 0.4796875 0.2140625 0.478125 0.2140625 0.471875 0.209375 0.4703125 0.203125 0.4828125
1 0.28125 0.384375 0.284375 0.3890625 0.2828125 0.3921875 0.284375 0.3984375 0.2828125 0.4359375 0.284375 0.4375 0.2828125 0.4390625 0.278125 0.4375 0.278125 0.390625 0.2796875 0.3859375
1 0.5875 0.384375 0.5921875 0.39375 0.5890625 0.4359375 0.5859375 0.434375 0.5859375 0.425 0.5828125 0.421875 0.575 0.434375 0.575 0.428125 0.5796875 0.41875 0.5796875 0.3953125 0.5859375 0.3859375
1 0.3515625 0.365625 0.3546875 0.3703125 0.3546875 0.390625 0.353125 0.3921875 0.3546875 0.4140625 0.346875 0.4203125 0.346875 0.4015625 0.3453125 0.4 0.346875 0.3765625 0.3515625 0.3671875
1 0.1234375 0.584375 0.125 0.6390625 0.128125 0.6453125 0.1234375 0.646875 0.121875 0.6375 0.1171875 0.634375 0.1140625 0.6375 0.1140625 0.64375 0.1109375 0.6484375 0.109375 0.6484375 0.109375 0.640625 0.1140625 0.63125 0.1140625 0.6125 0.1171875 0.603125 0.1171875 0.59375 0.11875 0.5859375 0.121875 0.584375
1 0.05625 0.375 0.053125 0.3578125 0.053125 0.3421875 0.05625 0.3265625 0.0578125 0.325 0.0609375 0.3265625 0.0625 0.334375 0.0578125 0.3734375
1 0.3265625 0.371875 0.3234375 0.340625 0.33125 0.325 0.334375 0.328125 0.3359375 0.3375 0.3328125 0.340625 0.3328125 0.3515625 0.328125 0.371875
1 0.403125 0.3890625 0.4046875 0.4078125 0.3984375 0.421875 0.3984375 0.4375 0.3953125 0.4328125 0.390625 0.43125 0.390625 0.4234375 0.39375 0.41875 0.39375 0.4 0.4015625 0.390625
1 0.2484375 0.4046875 0.2484375 0.44375 0.246875 0.446875 0.25 0.4578125 0.246875 0.4578125 0.24375 0.4515625 0.2375 0.45625 0.234375 0.453125 0.240625 0.4390625 0.2421875 0.409375 0.246875 0.4046875
1 0.8484375 0.5140625 0.8515625 0.5140625 0.85625 0.53125 0.85625 0.5390625 0.853125 0.5421875 0.8453125 0.5625 0.84375 0.578125 0.840625 0.5828125 0.8375 0.5828125 0.8359375 0.5796875 0.8390625 0.5703125 0.840625 0.540625 0.8484375 0.515625
1 0.3765625 0.4484375 0.3828125 0.4640625 0.384375 0.478125 0.3890625 0.4921875 0.38125 0.4921875 0.3765625 0.4984375 0.3734375 0.4953125 0.3796875 0.484375 0.378125 0.4734375 0.371875 0.4625 0.375 0.45
1 0.596875 0.253125 0.596875 0.26875 0.5921875 0.2828125 0.5890625 0.2828125 0.590625 0.2578125 0.5953125 0.253125
2 0.4265625 0.396875 0.428125 0.3984375 0.4265625 0.434375 0.4203125 0.4453125 0.415625 0.4375 0.4203125 0.4296875 0.4203125 0.4140625 0.421875 0.40625 0.4265625 0.3984375