1 0.286273790625 0.48194444374999995 0.2900977359375 0.49305555625 0.2924723515625 0.4888888890625 0.291053884375 0.46944444374999994 0.29431262812500003 0.4513888890625 0.285112525 0.427777778125 0.2812165640625 0.4263888890625 0.2772074328125 0.440277778125 0.2801678234375 0.4625 0.27772119375000004 0.4763888890625 0.286273790625 0.48194444374999995
0 0.28475244375000003 0.4763888890625 0.2793248453125 0.47083333281249995 0.2784921546875 0.477777778125 0.28475244375000003 0.4763888890625
1 0.62461805625 0.2625 0.63165959375 0.2611111109375 0.627804784375 0.2541666671875 0.630199975 0.24722222187499998 0.62796939375 0.23194444375 0.6248649687500001 0.22916666718749998 0.62461805625 0.2625
1 0.8011175406250001 0.48194444374999995 0.794960134375 0.46944444374999994 0.7975610859375 0.434722221875 0.789851465625 0.42083333281249996 0.7874871406249999 0.4236111109375 0.78578060625 0.44305555625000004 0.7885866765625 0.4861111109375 0.7932330249999999 0.4916666671875 0.796419753125 0.48333333281249996 0.8011175406250001 0.48194444374999995
2 0.794857253125 0.48333333281249996 0.8011278296875 0.48055555625 0.7949395578125 0.47222222187499996 0.7975610859375 0.434722221875 0.796050025 0.427777778125 0.789841178125 0.42222222187499997 0.7874768515625 0.425 0.788596965625 0.48472222187499997 0.7893370625 0.490277778125 0.7932433125 0.490277778125 0.794857253125 0.48333333281249996
1 0.983375771875 0.3458333328125 0.9867271093750001 0.315277778125 0.9852674890625 0.3013888890625 0.9821527781249999 0.3 0.980487396875 0.3138888890625 0.9795518265625001 0.334722221875 0.983375771875 0.3458333328125
1 0.274151234375 0.9583333328125001 0.268569315625 0.9736111109375001 0.2676851859375 0.9875 0.2754976859375 0.9875 0.2788181578125 0.9611111109375001 0.274151234375 0.9583333328125001
1 0.376457690625 0.33055555625 0.373784721875 0.375 0.3800141453125 0.377777778125 0.37992155312500003 0.39027777812500003 0.383046553125 0.39027777812500003 0.3841981734375 0.34027777812500004 0.380363940625 0.33055555625 0.376457690625 0.33055555625
1 0.790972865625 0.26944444375 0.7901504625 0.275 0.7891120109374999 0.309722221875 0.8071116249999999 0.30555555624999997 0.7972022890625 0.272222221875 0.790972865625 0.26944444375
1 0.48478395 0.36666666718749996 0.47782471718749997 0.35694444375 0.473897890625 0.35972222187499997 0.47299318437500004 0.3763888890625 0.47762924375000004 0.38333333281250004 0.479787809375 0.40833333281249995 0.491506559375 0.40833333281249995 0.4861304015625 0.3958333328125 0.48478395 0.36666666718749996
1 0.0784825109375 0.3736111109375 0.081597221875 0.375 0.0902629890625 0.365277778125 0.0911162546875 0.35555555625 0.08900913125 0.3236111109375 0.08591499531249999 0.31944444375000003 0.08120691875 0.322222221875 0.0780407671875 0.32777777812500003 0.07793788593749999 0.3416666671875 0.0802301953125 0.34861111093749997 0.0784825109375 0.3736111109375
1 0.33456725781249996 0.5013888890625 0.337764275 0.4916666671875 0.3440451390625 0.4875 0.345073303125 0.45416666718750004 0.3389673359375 0.434722221875 0.3350610859375 0.434722221875 0.330239840625 0.45277777812500003 0.3269605203125 0.47361111093749997 0.3308359046875 0.477777778125 0.33066100781249996 0.5013888890625 0.33456725781249996 0.5013888890625
1 0.4700720171875 0.665277778125 0.47244663124999997 0.6611111109375 0.47112075625000005 0.6291666671875 0.47598315312499995 0.60555555625 0.469106225 0.584722221875 0.46599151250000004 0.5833333328125 0.45643132656249996 0.6083333328125 0.4556192125 0.6125 0.46180748437499997 0.6208333328125 0.463143646875 0.6513888890625 0.4700720171875 0.665277778125
1 0.68218235625 0.5069444437499999 0.675264275 0.4916666671875 0.6681198562499999 0.5069444437499999 0.6669167953125 0.5638888890625 0.67704218125 0.56805555625 0.677782278125 0.5736111109375 0.6816988171875 0.5722222218749999 0.6780909203125 0.5319444437499999 0.68218235625 0.5069444437499999
1 0.581010159375 0.559722221875 0.5833950625 0.5541666671875001 0.5768576390625 0.4875 0.574544753125 0.48333333281249996 0.5706076390625 0.4875 0.564840534375 0.527777778125 0.5662384265625 0.55 0.5740715015625 0.547222221875 0.577114196875 0.5583333328125 0.581010159375 0.559722221875
1 0.819495884375 0.7430555562500001 0.8336612656250001 0.7291666671875 0.8406822281249999 0.73055555625 0.8290663578125 0.7166666671875 0.8355941359375001 0.6791666671875001 0.8303002828125001 0.6555555562500001 0.8248418203125001 0.6541666671875 0.8214904828125 0.684722221875 0.81675154375 0.6916666671875 0.8229192390625 0.702777778125 0.819495884375 0.7430555562500001
1 0.31119020000000003 0.7041666671875 0.3102649171875 0.7236111109375 0.29835069375 0.75 0.29987204218749997 0.75555555625 0.3037885796875 0.7541666671875 0.305433384375 0.7430555562500001 0.3165149171875 0.7236111109375 0.32428626562499996 0.7291666671875 0.32334040625 0.7513888890625 0.33037165625 0.7513888890625 0.320061728125 0.6666666671875 0.3153536515625 0.66944444375 0.3065644296875 0.6958333328124999 0.31119020000000003 0.7041666671875
1 0.9547440843749999 0.8361111109375001 0.9428298609375 0.8625 0.9521842843749999 0.8652777781250001 0.9519785234375 0.89305555625 0.9416370890625 0.91805555625 0.9564911265625 0.9166666671874999 0.9618467078125 0.93194444375 0.960993440625 0.9416666671874999 0.967233153125 0.94305555625 0.9680761312499999 0.934722221875 0.959657278125 0.9111111109375001 0.9597292953125001 0.9013888890624999 0.9701221703125 0.86944444375 0.9603054265625 0.8236111109375001 0.9548263890625 0.825 0.9547440843749999 0.8361111109375001
1 0.6336188265625 0.9458333328125 0.6382857515625 0.9486111109375001 0.63635288125 0.9986111109375001 0.65588413125 0.9986111109375001 0.653828446875 0.959722221875 0.6556790125 0.9208333328125 0.6487403546875 0.9083333328125001 0.6472910234375 0.89305555625 0.641791409375 0.897222221875 0.6432613171875 0.909722221875 0.6336599796875 0.940277778125 0.6336188265625 0.9458333328125
2 0.26369663125 0.9986111109375001 0.27932163125 0.9986111109375001 0.279630271875 0.95694444375 0.276546425 0.9513888890625 0.2718486375 0.952777778125 0.2638098 0.9833333328125 0.26369663125 0.9986111109375001
1 0.6368704984375 0.40138888906250003 0.6358629109375 0.43194444374999996 0.64044753125 0.4458333328125 0.64357253125 0.4458333328125 0.6476742546875001 0.41944444374999995 0.64403549375 0.38333333281250004 0.63933770625 0.384722221875 0.6368704984375 0.40138888906250003
1 0.6364081796875001 0.3583333328125 0.6330979937500001 0.38333333281250004 0.6357553890625 0.4022311828125 0.6433468359375001 0.3708333328125 0.6364081796875001 0.3583333328125