0 0.428125 0.359375 0.4328125 0.359375 0.43125 0.3640625 0.428125 0.3640625 0.428125 0.3609375
1 0.6296875 0.40625 0.628125 0.3671875 0.6328125 0.3546875 0.634375 0.3546875 0.6375 0.365625 0.6390625 0.3859375 0.64375 0.4046875 0.640625 0.40625 0.6390625 0.3953125 0.6359375 0.3921875 0.63125 0.4 0.63125 0.40625
1 0.6296875 0.5109375 0.6328125 0.5125 0.6328125 0.528125 0.634375 0.5296875 0.63125 0.546875 0.634375 0.5625 0.6328125 0.5703125 0.6265625 0.5671875 0.6109375 0.5890625 0.6109375 0.5921875 0.609375 0.59375 0.6078125 0.5921875 0.609375 0.5828125 0.6203125 0.565625 0.621875 0.5296875 0.6265625 0.5234375 0.628125 0.5125
1 0.6234375 0.653125 0.621875 0.6453125 0.6296875 0.634375 0.6328125 0.625 0.6328125 0.6125 0.628125 0.584375 0.6390625 0.5609375 0.6421875 0.5625 0.6421875 0.5734375 0.646875 0.590625 0.646875 0.5953125 0.640625 0.60625 0.6390625 0.6203125 0.6390625 0.6375 0.64375 0.6546875 0.640625 0.65625 0.6375 0.6546875 0.6375 0.64375 0.634375 0.6390625 0.63125 0.640625 0.625 0.653125
1 0.384375 0.415625 0.3875 0.415625 0.3890625 0.4703125 0.384375 0.4796875 0.375 0.4859375 0.3796875 0.4609375 0.3796875 0.4296875 0.384375 0.421875 0.384375 0.4171875
1 0.390625 0.35625 0.39375 0.35625 0.3953125 0.384375 0.39375 0.4 0.3890625 0.4078125 0.3875 0.4171875 0.384375 0.41875 0.384375 0.40625 0.3875 0.4 0.3859375 0.3671875 0.390625 0.3578125
1 0.64375 0.471875 0.6421875 0.465625 0.65 0.459375 0.6515625 0.43125 0.65625 0.421875 0.65625 0.4171875 0.659375 0.415625 0.6609375 0.425 0.6609375 0.4625 0.6671875 0.4859375 0.6625 0.484375 0.6609375 0.475 0.65625 0.46875 0.653125 0.4671875 0.6453125 0.4703125
1 0.1484375 0.375 0.153125 0.375 0.153125 0.38125 0.1578125 0.390625 0.15625 0.4296875 0.159375 0.4359375 0.1578125 0.4390625 0.146875 0.4359375 0.15 0.4234375 0.15 0.409375 0.1484375 0.4 0.14375 0.390625 0.1484375 0.3765625
1 0.4390625 0.31875 0.4421875 0.31875 0.44375 0.321875 0.4390625 0.334375 0.4390625 0.35625 0.4359375 0.359375 0.434375 0.3359375 0.4390625 0.3203125
1 0.4421875 0.31875 0.446875 0.33125 0.446875 0.365625 0.44375 0.365625 0.4421875 0.3625 0.440625 0.3640625 0.4375 0.3625 0.440625 0.3203125
1 0.3625 0.3171875 0.365625 0.3375 0.3640625 0.359375 0.3609375 0.3609375 0.3609375 0.3484375 0.3578125 0.3375 0.3609375 0.31875
1 0.35078125 0.34765625 0.009375 0.0515625
1 0.0578125 0.65 0.0640625 0.65 0.0625 0.6890625 0.065625 0.6984375 0.0625 0.703125 0.065625 0.7171875 0.0671875 0.7546875 0.0703125 0.7578125 0.0703125 0.7625 0.0671875 0.7640625 0.0625 0.7625 0.0609375 0.728125 0.0578125 0.725 0.0546875 0.7265625 0.0515625 0.7390625 0.040625 0.7515625 0.0375 0.759375 0.0359375 0.7609375 0.034375 0.7546875 0.0359375 0.746875 0.046875 0.7328125 0.0484375 0.7265625 0.0484375 0.6796875 0.05 0.6703125 0.0578125 0.6609375 0.0578125 0.6515625
1 0.184375 0.346875 0.1875 0.3484375 0.1890625 0.35625 0.1890625 0.384375 0.1921875 0.4 0.1890625 0.403125 0.1859375 0.390625 0.1828125 0.390625 0.178125 0.3984375 0.1765625 0.396875 0.1765625 0.3890625 0.1828125 0.3828125 0.184375 0.3484375
1 0.0640625 0.534375 0.0640625 0.525 0.06875 0.5109375 0.0640625 0.475 0.071875 0.4609375 0.075 0.4625 0.075 0.4671875 0.0796875 0.4765625 0.075 0.50625 0.0765625 0.534375 0.075 0.5359375 0.0703125 0.528125 0.065625 0.534375
1 0.4859375 0.3625 0.4890625 0.365625 0.4890625 0.4078125 0.484375 0.415625 0.48125 0.4140625 0.478125 0.4171875 0.4765625 0.421875 0.4734375 0.41875 0.4796875 0.3984375 0.48125 0.375 0.4859375 0.3640625
1 0.0921875 0.4390625 0.0921875 0.4328125 0.096875 0.421875 0.09375 0.39375 0.1 0.3796875 0.103125 0.38125 0.10625 0.4 0.1015625 0.4203125 0.1015625 0.440625 0.09375 0.4390625
1 0.140625 0.3921875 0.1390625 0.390625 0.140625 0.3796875 0.1390625 0.346875 0.1421875 0.3390625 0.14375 0.3375 0.146875 0.3390625 0.146875 0.3734375 0.1484375 0.375 0.1484375 0.38125 0.1421875 0.390625
1 0.6640625 0.3984375 0.6640625 0.3890625 0.6671875 0.384375 0.665625 0.3640625 0.6703125 0.35 0.675 0.3546875 0.678125 0.36875 0.6765625 0.371875 0.678125 0.3984375 0.675 0.3984375 0.675 0.3875 0.671875 0.384375 0.6671875 0.390625 0.665625 0.3984375
2 0.303125 0.3875 0.3078125 0.396875 0.3078125 0.434375 0.3015625 0.44375 0.3 0.4515625 0.2984375 0.4484375 0.2984375 0.4109375 0.296875 0.409375 0.303125 0.3890625