0 0.884375 0.70625 0.8828125 0.696875 0.8859375 0.6921875 0.8890625 0.6953125 0.8890625 0.7046875 0.8859375 0.70625
1 0.2796875 0.403125 0.284375 0.4140625 0.28125 0.421875 0.28125 0.440625 0.2796875 0.4421875 0.28125 0.465625 0.2796875 0.4671875 0.271875 0.4625 0.271875 0.4171875 0.2734375 0.409375 0.278125 0.4046875
1 0.2265625 0.4265625 0.0125 0.05546875
1 0.359375 0.403125 0.3609375 0.4078125 0.359375 0.4203125 0.3578125 0.428125 0.353125 0.4328125 0.353125 0.4359375 0.35 0.43125 0.35 0.4125 0.3515625 0.4078125 0.3578125 0.4046875
1 0.35625 0.4296875 0.3609375 0.4421875 0.3609375 0.475 0.359375 0.4765625 0.3609375 0.490625 0.359375 0.4921875 0.35625 0.4875 0.3515625 0.4953125 0.35 0.446875 0.3515625 0.4359375 0.3546875 0.43125
1 0.334375 0.465625 0.328125 0.453125 0.3296875 0.4125 0.33125 0.4046875 0.334375 0.3984375 0.3375 0.396875 0.3390625 0.4 0.3390625 0.4125 0.3359375 0.421875 0.3375 0.45625 0.334375 0.4640625
1 0.275 0.3890625 0.2796875 0.3953125 0.28125 0.40625 0.275 0.4140625 0.2734375 0.4421875 0.271875 0.44375 0.2703125 0.440625 0.271875 0.4359375 0.2703125 0.4 0.2734375 0.390625
1 0.3203125 0.4078125 0.325 0.428125 0.321875 0.4375 0.3234375 0.4765625 0.3203125 0.4734375 0.3171875 0.45625 0.315625 0.4609375 0.3125 0.4625 0.3109375 0.4734375 0.3078125 0.4734375 0.3109375 0.4578125 0.3109375 0.4203125 0.3140625 0.4125 0.31875 0.409375
1 0.2828125 0.4078125 0.2890625 0.4078125 0.2921875 0.415625 0.290625 0.425 0.2921875 0.4640625 0.2890625 0.465625 0.284375 0.4609375 0.284375 0.45625 0.28125 0.453125 0.2828125 0.409375
1 0.1265625 0.4984375 0.1265625 0.4890625 0.1296875 0.484375 0.13125 0.475 0.13125 0.4609375 0.1390625 0.4375 0.1421875 0.4421875 0.1390625 0.4578125 0.1390625 0.4734375 0.140625 0.475 0.1375 0.490625 0.1390625 0.5015625 0.1359375 0.5015625 0.1328125 0.4953125 0.128125 0.4984375
1 0.2578125 0.3890625 0.2625 0.390625 0.2625 0.3953125 0.265625 0.4 0.265625 0.4125 0.2578125 0.440625 0.2578125 0.4484375 0.2546875 0.45 0.253125 0.4484375 0.2515625 0.4421875 0.2546875 0.434375 0.253125 0.4015625 0.2578125 0.390625
1 0.9421875 0.640625 0.9453125 0.6484375 0.9484375 0.65 0.95 0.6625 0.95 0.7125 0.94375 0.71875 0.94375 0.721875 0.9421875 0.7234375 0.9390625 0.721875 0.940625 0.7078125 0.9375 0.69375 0.9390625 0.6890625 0.9390625 0.64375 0.940625 0.6421875
1 0.1484375 0.4359375 0.1546875 0.446875 0.15625 0.4734375 0.1640625 0.4875 0.1640625 0.496875 0.1609375 0.49375 0.1609375 0.4890625 0.1515625 0.4765625 0.1484375 0.478125 0.1484375 0.4859375 0.146875 0.490625 0.1453125 0.4890625 0.14375 0.4765625 0.146875 0.45625 0.1453125 0.45 0.146875 0.4375
1 0.984375 0.653125 0.9921875 0.6640625 0.9921875 0.6734375 0.9875 0.684375 0.9796875 0.6765625 0.965625 0.6859375 0.959375 0.6859375 0.959375 0.68125 0.9671875 0.6703125 0.9703125 0.65625 0.9828125 0.653125
1 0.9828125 0.6796875 0.9859375 0.6828125 0.984375 0.6984375 0.9875 0.7046875 0.9859375 0.7359375 0.984375 0.7390625 0.9796875 0.7359375 0.9703125 0.75 0.9671875 0.7484375 0.9703125 0.7 0.9734375 0.696875 0.975 0.68125 0.978125 0.678125 0.98125 0.6796875
1 0.9015625 0.65 0.9078125 0.65 0.9078125 0.659375 0.9125 0.6671875 0.9125 0.69375 0.9078125 0.709375 0.90625 0.7328125 0.903125 0.7375 0.9 0.7375 0.896875 0.715625 0.8953125 0.66875 0.9015625 0.659375 0.9015625 0.6515625
1 0.3390625 0.453125 0.3375 0.45 0.3375 0.41875 0.3421875 0.409375 0.3453125 0.4140625 0.34375 0.4296875 0.346875 0.4515625 0.3453125 0.45625 0.340625 0.453125
1 0.365625 0.4109375 0.371875 0.4265625 0.371875 0.4734375 0.36875 0.4703125 0.36875 0.4625 0.365625 0.4578125 0.3625 0.4625 0.3625 0.46875 0.3640625 0.4125
2 0.05625 0.4734375 0.059375 0.4859375 0.059375 0.534375 0.0625 0.5390625 0.053125 0.5421875 0.0515625 0.5359375 0.053125 0.5140625 0.05 0.5046875 0.05 0.484375 0.0546875 0.475