0 0.5312152777777778 0.5340856481481481 0.009079861111111143 0.011064814814814828
1 0.5890625 0.3875 0.6046875 0.40625 0.6046875 0.409375 0.603125 0.4078125 0.5953125 0.409375 0.6015625 0.43125 0.6046875 0.434375 0.603125 0.4375 0.5921875 0.4203125 0.5859375 0.421875 0.5828125 0.4265625 0.58125 0.4359375 0.578125 0.4359375 0.58125 0.4203125 0.5765625 0.415625 0.5765625 0.409375 0.58125 0.4046875 0.58125 0.4 0.5875 0.3890625
1 0.4625 0.7046875 0.465625 0.70625 0.465625 0.7109375 0.471875 0.71875 0.4765625 0.7328125 0.4703125 0.753125 0.4703125 0.775 0.475 0.78125 0.4765625 0.7890625 0.471875 0.79375 0.4734375 0.803125 0.46875 0.8078125 0.465625 0.8078125 0.4671875 0.7984375 0.4640625 0.79375 0.459375 0.7625 0.4609375 0.7453125 0.453125 0.740625 0.459375 0.73125 0.4625 0.70625
1 0.5671875 0.4984375 0.5703125 0.4984375 0.571875 0.50625 0.575 0.5078125 0.5765625 0.5171875 0.5796875 0.5203125 0.578125 0.5515625 0.58125 0.5578125 0.58125 0.5671875 0.5796875 0.5671875 0.5765625 0.55625 0.5734375 0.553125 0.571875 0.565625 0.56875 0.5671875 0.56875 0.5546875 0.565625 0.540625 0.5671875 0.5
1 0.7875 0.4546875 0.7859375 0.4234375 0.7828125 0.415625 0.7828125 0.396875 0.784375 0.3953125 0.7890625 0.4 0.7921875 0.4078125 0.79375 0.4375 0.8015625 0.4453125 0.8015625 0.45 0.79375 0.446875 0.7890625 0.4546875
1 0.6453125 0.4421875 0.653125 0.4515625 0.653125 0.4578125 0.65625 0.4609375 0.6578125 0.4703125 0.6578125 0.4828125 0.6640625 0.49375 0.6640625 0.496875 0.6546875 0.4984375 0.6453125 0.475 0.6453125 0.459375 0.640625 0.4484375 0.640625 0.44375 0.64375 0.4421875
1 0.3953125 0.6234375 0.3984375 0.6265625 0.3984375 0.634375 0.4015625 0.640625 0.403125 0.6625 0.3953125 0.678125 0.3890625 0.684375 0.3890625 0.7046875 0.3859375 0.7078125 0.3828125 0.70625 0.384375 0.7015625 0.3828125 0.678125 0.3859375 0.6671875 0.384375 0.6546875 0.39375 0.625
1 0.8 0.4640625 0.803125 0.4625 0.80625 0.465625 0.8140625 0.4859375 0.8140625 0.5109375 0.8109375 0.5140625 0.8109375 0.51875 0.815625 0.525 0.8171875 0.534375 0.815625 0.5390625 0.8078125 0.534375 0.8078125 0.525 0.8046875 0.521875 0.80625 0.4875 0.803125 0.4828125 0.8015625 0.465625
1 0.9484375 0.78125 0.95 0.79375 0.9578125 0.8140625 0.95625 0.859375 0.9609375 0.8734375 0.96875 0.8828125 0.9671875 0.8859375 0.9625 0.884375 0.9625 0.88125 0.95625 0.8734375 0.9515625 0.875 0.95 0.8859375 0.946875 0.8859375 0.9453125 0.875 0.946875 0.840625 0.94375 0.8296875 0.9390625 0.825 0.9453125 0.8109375 0.94375 0.7828125 0.946875 0.78125
1 0.7 0.6859375 0.703125 0.6890625 0.703125 0.69375 0.7125 0.7125 0.7125 0.7234375 0.709375 0.7265625 0.7078125 0.7453125 0.7015625 0.7625 0.703125 0.765625 0.7015625 0.7796875 0.696875 0.7828125 0.6953125 0.778125 0.696875 0.7328125 0.69375 0.7296875 0.6921875 0.71875 0.69375 0.709375 0.6984375 0.7 0.7 0.6875
1 0.8565625000000001 0.4061805555555556 0.018802083333333462 0.05414930555555562
1 0.6546875 0.490625 0.6546875 0.49375 0.659375 0.496875 0.6625 0.51875 0.6609375 0.5296875 0.65625 0.5390625 0.65625 0.55 0.659375 0.5578125 0.653125 0.5609375 0.65 0.5546875 0.6515625 0.553125 0.65 0.5359375 0.653125 0.5234375 0.6515625 0.51875 0.6546875 0.5046875 0.6546875 0.4921875
1 0.7265625 0.4953125 0.721875 0.478125 0.7234375 0.46875 0.721875 0.43125 0.7234375 0.4296875 0.7265625 0.4328125 0.7265625 0.4390625 0.73125 0.45 0.728125 0.4828125 0.73125 0.4859375 0.734375 0.4984375 0.73125 0.5015625 0.728125 0.4953125
1 0.3109375 0.6234375 0.3140625 0.6234375 0.3234375 0.634375 0.3296875 0.678125 0.3328125 0.6890625 0.3359375 0.6921875 0.3375 0.7015625 0.3375 0.7078125 0.3359375 0.70625 0.33125 0.6921875 0.3265625 0.684375 0.321875 0.68125 0.3203125 0.6890625 0.3234375 0.6953125 0.3234375 0.7015625 0.31875 0.7078125 0.3125 0.709375 0.309375 0.7078125 0.3109375 0.690625 0.3078125 0.6828125 0.3109375 0.6703125 0.309375 0.6546875 0.3109375 0.625
1 0.603125 0.4546875 0.6078125 0.4546875 0.609375 0.465625 0.6125 0.4703125 0.6140625 0.503125 0.625 0.5140625 0.6234375 0.5203125 0.6109375 0.5078125 0.60625 0.5 0.6015625 0.5046875 0.6 0.5125 0.6015625 0.51875 0.6 0.5203125 0.59375 0.51875 0.5984375 0.509375 0.5984375 0.5015625 0.6046875 0.484375 0.603125 0.475 0.6 0.471875 0.603125 0.4640625 0.603125 0.45625
2 0.996875 0.5140625 0.9984375 0.5140625 0.9984375 0.5828125 0.9953125 0.559375 0.996875 0.5578125 0.9953125 0.5390625 0.9984375 0.5296875 0.996875 0.515625