0 0.3859375 0.6265625 0.390625 0.6265625 0.39375 0.63125 0.3921875 0.6359375 0.3875 0.6359375 0.384375 0.63125 0.3859375 0.628125
1 0.3515625 0.4671875 0.3625 0.4875 0.3578125 0.50625 0.3546875 0.5453125 0.35 0.5453125 0.346875 0.5421875 0.346875 0.5078125 0.34375 0.5046875 0.346875 0.490625 0.3453125 0.4859375 0.346875 0.475 0.35 0.46875
1 0.3703125 0.5328125 0.375 0.5359375 0.38125 0.5484375 0.3828125 0.5875 0.384375 0.5890625 0.3828125 0.596875 0.3796875 0.5890625 0.3734375 0.5828125 0.3703125 0.5828125 0.3671875 0.5875 0.3640625 0.603125 0.359375 0.603125 0.3640625 0.5921875 0.3640625 0.584375 0.36875 0.5765625 0.3671875 0.5515625 0.3703125 0.534375
1 0.609375 0.5578125 0.6109375 0.5390625 0.609375 0.5328125 0.6046875 0.528125 0.6046875 0.515625 0.6078125 0.509375 0.6078125 0.503125 0.6109375 0.5015625 0.6234375 0.5265625 0.6203125 0.553125 0.625 0.5640625 0.625 0.5671875 0.621875 0.56875 0.621875 0.5640625 0.615625 0.55625 0.609375 0.559375
1 0.2625 0.5015625 0.265625 0.5015625 0.26875 0.51875 0.26875 0.5390625 0.265625 0.553125 0.2671875 0.584375 0.2640625 0.584375 0.2609375 0.578125 0.2578125 0.584375 0.2546875 0.584375 0.2578125 0.565625 0.25625 0.521875 0.2625 0.503125
1 0.30625 0.6953125 0.3078125 0.684375 0.3140625 0.6734375 0.31875 0.6453125 0.31875 0.6265625 0.325 0.6125 0.328125 0.615625 0.328125 0.6484375 0.3296875 0.65 0.3265625 0.6921875 0.325 0.6984375 0.321875 0.6984375 0.321875 0.684375 0.3171875 0.68125 0.3078125 0.6953125
1 0.309375 0.50625 0.3078125 0.48125 0.3015625 0.4578125 0.3015625 0.4453125 0.309375 0.4296875 0.3125 0.43125 0.3171875 0.4453125 0.315625 0.446875 0.3171875 0.4609375 0.3140625 0.4671875 0.3140625 0.4984375 0.3125 0.50625 0.3109375 0.50625
1 0.3125 0.5125 0.321875 0.5296875 0.321875 0.5453125 0.3140625 0.5640625 0.3125 0.5828125 0.3046875 0.58125 0.3078125 0.56875 0.30625 0.5234375 0.3109375 0.5140625
1 0.3460243055555556 0.7378993055555556 0.019155092592592605 0.06653356481481483
1 0.5390625 0.6109375 0.5453125 0.6515625 0.54375 0.6640625 0.5515625 0.678125 0.55625 0.6921875 0.553125 0.6921875 0.5421875 0.6703125 0.5390625 0.66875 0.5328125 0.6765625 0.534375 0.70625 0.528125 0.70625 0.5296875 0.7015625 0.528125 0.6734375 0.53125 0.6640625 0.53125 0.653125 0.5234375 0.65 0.5234375 0.646875 0.5328125 0.6375 0.534375 0.6125 0.5375 0.6109375
1 0.3511111111111111 0.6980266203703703 0.010162037037037042 0.02663194444444441
2 0.1578125 0.5328125 0.1625 0.534375 0.1625 0.5515625 0.1640625 0.553125 0.1625 0.559375 0.16875 0.5828125 0.1640625 0.6125 0.159375 0.61875 0.15625 0.61875 0.1578125 0.5859375 0.153125 0.5734375 0.1515625 0.553125 0.1546875 0.5484375 0.1578125 0.534375