1 0.61875 0.465625 0.6234375 0.4671875 0.6296875 0.4828125 0.6296875 0.51875 0.6359375 0.5328125 0.6359375 0.5375 0.6328125 0.5359375 0.6296875 0.5296875 0.6265625 0.540625 0.6234375 0.5390625 0.621875 0.534375 0.61875 0.5140625 0.6203125 0.509375 0.61875 0.50625 0.61875 0.4671875
1 0.5671875 0.59375 0.571875 0.5953125 0.5734375 0.603125 0.578125 0.6109375 0.5765625 0.66875 0.5796875 0.6765625 0.5796875 0.684375 0.578125 0.6859375 0.575 0.684375 0.575 0.678125 0.56875 0.665625 0.5703125 0.6578125 0.5671875 0.653125 0.5671875 0.640625 0.5625 0.6265625 0.5625 0.615625 0.5671875 0.6046875 0.5671875 0.5953125
1 0.4703125 0.565625 0.471875 0.5765625 0.4796875 0.5921875 0.478125 0.6234375 0.4828125 0.640625 0.4828125 0.6546875 0.4796875 0.6515625 0.4765625 0.640625 0.4734375 0.64375 0.475 0.6453125 0.4734375 0.6578125 0.4671875 0.6390625 0.465625 0.6125 0.4625 0.6109375 0.45625 0.61875 0.4625 0.596875 0.465625 0.5671875 0.46875 0.565625
1 0.8078125 0.5609375 0.8125 0.5625 0.8125 0.5671875 0.81875 0.578125 0.81875 0.6 0.815625 0.615625 0.8234375 0.6203125 0.8234375 0.63125 0.8203125 0.63125 0.8171875 0.625 0.8140625 0.628125 0.815625 0.6484375 0.809375 0.6484375 0.809375 0.6328125 0.80625 0.6171875 0.8078125 0.6015625 0.8015625 0.5984375 0.80625 0.5890625 0.8078125 0.5625
1 0.675 0.3984375 0.678125 0.3984375 0.678125 0.40625 0.6828125 0.4171875 0.68125 0.4421875 0.6875 0.446875 0.6859375 0.4515625 0.6796875 0.4515625 0.6765625 0.4546875 0.6765625 0.4703125 0.675 0.471875 0.671875 0.4703125 0.6734375 0.465625 0.671875 0.4125 0.675 0.4
1 0.2359375 0.475 0.2359375 0.4984375 0.240625 0.5296875 0.2375 0.5296875 0.234375 0.525 0.2359375 0.5125 0.234375 0.5109375 0.2296875 0.5125 0.228125 0.525 0.2296875 0.5421875 0.225 0.5421875 0.225 0.525 0.221875 0.5171875 0.2203125 0.496875 0.2234375 0.4875 0.234375 0.475
1 0.5671875 0.4703125 0.578125 0.4984375 0.5796875 0.50625 0.578125 0.5296875 0.584375 0.54375 0.584375 0.5515625 0.5734375 0.5484375 0.571875 0.5375 0.565625 0.5296875 0.565625 0.5171875 0.56875 0.50625 0.5671875 0.5 0.5625 0.4953125 0.559375 0.4953125 0.559375 0.4921875 0.5640625 0.4890625 0.565625 0.471875
1 0.415625 0.525 0.421875 0.525 0.4234375 0.5296875 0.4328125 0.5375 0.428125 0.5578125 0.421875 0.5671875 0.425 0.58125 0.425 0.5984375 0.41875 0.5859375 0.415625 0.5734375 0.4171875 0.55 0.4125 0.5390625 0.415625 0.5265625
1 0.5390625 0.44375 0.54375 0.4484375 0.5390625 0.4515625 0.53125 0.45 0.528125 0.453125 0.5265625 0.4703125 0.5234375 0.4671875 0.525 0.4640625 0.525 0.4140625 0.528125 0.4015625 0.5296875 0.4015625 0.534375 0.4171875 0.534375 0.4375 0.5375 0.44375
1 0.484375 0.5 0.4953125 0.515625 0.4921875 0.5625 0.496875 0.575 0.496875 0.58125 0.49375 0.584375 0.490625 0.58125 0.4921875 0.578125 0.4828125 0.553125 0.484375 0.540625 0.4765625 0.5359375 0.484375 0.528125 0.484375 0.5171875 0.48125 0.5078125 0.4828125 0.5015625
1 0.4453125 0.50625 0.4484375 0.50625 0.4484375 0.5109375 0.45625 0.521875 0.4578125 0.5328125 0.4546875 0.546875 0.45625 0.5703125 0.453125 0.56875 0.4515625 0.5625 0.446875 0.5609375 0.44375 0.565625 0.44375 0.571875 0.440625 0.5734375 0.4421875 0.525 0.4453125 0.51875 0.4453125 0.5078125
1 0.90625 0.7375 0.9078125 0.725 0.9015625 0.7171875 0.9015625 0.684375 0.903125 0.6828125 0.9015625 0.6640625 0.903125 0.6625 0.903125 0.646875 0.9078125 0.64375 0.9109375 0.65 0.9109375 0.6578125 0.9140625 0.6625 0.915625 0.7 0.9125 0.7140625 0.9171875 0.71875 0.9171875 0.725 0.9140625 0.7296875 0.9140625 0.740625 0.9109375 0.74375 0.9078125 0.7390625
1 0.99921875 0.5583333328125 0.99921875 0.4861111109375 0.99375 0.50555555625 0.99609375 0.5319444437499999 0.9921875 0.55694444375 0.99453125 0.559722221875 0.99921875 0.5583333328125
2 0.8703125 0.5359375 0.8734375 0.5375 0.88125 0.5625 0.8796875 0.5953125 0.8921875 0.6015625 0.89375 0.6109375 0.890625 0.6109375 0.8859375 0.6046875 0.878125 0.603125 0.871875 0.5984375 0.86875 0.60625 0.8671875 0.628125 0.8640625 0.6265625 0.865625 0.59375 0.8703125 0.5828125 0.86875 0.5375