1 0.6953125 0.4328125 0.6984375 0.434375 0.7 0.4484375 0.6984375 0.484375 0.6953125 0.4828125 0.6921875 0.475 0.684375 0.4890625 0.6890625 0.4609375 0.6875 0.446875 0.6953125 0.434375
1 0.9578125 0.6109375 0.9578125 0.621875 0.953125 0.621875 0.9578125 0.6125
1 0.246875 0.65625 0.25 0.6578125 0.2515625 0.6671875 0.25 0.671875 0.25625 0.690625 0.253125 0.7015625 0.2578125 0.7171875 0.25625 0.71875 0.2515625 0.7171875 0.253125 0.715625 0.2515625 0.70625 0.246875 0.7 0.240625 0.7 0.2359375 0.7078125 0.2328125 0.7046875 0.2375 0.6875 0.2359375 0.6703125 0.2390625 0.665625 0.2453125 0.6625 0.246875 0.6578125
1 0.6546875 0.4046875 0.6609375 0.4171875 0.6609375 0.4328125 0.65 0.4328125 0.6484375 0.4296875 0.6484375 0.415625 0.653125 0.40625
1 0.634375 0.4015625 0.6375 0.4015625 0.6421875 0.4078125 0.6390625 0.4375 0.6359375 0.440625 0.634375 0.45 0.63125 0.4515625 0.628125 0.415625 0.63125 0.4046875 0.634375 0.403125
1 0.5078125 0.471875 0.509375 0.4734375 0.5078125 0.5078125 0.503125 0.528125 0.5015625 0.528125 0.4984375 0.5140625 0.5 0.5046875 0.496875 0.5 0.496875 0.4921875 0.5015625 0.475 0.50625 0.471875
1 0.603125 0.4796875 0.6015625 0.4859375 0.6046875 0.4984375 0.6015625 0.509375 0.6015625 0.51875 0.60625 0.5296875 0.6046875 0.540625 0.603125 0.5328125 0.6 0.5296875 0.5953125 0.5328125 0.5953125 0.5375 0.590625 0.5421875 0.590625 0.5328125 0.59375 0.53125 0.5953125 0.4890625 0.5984375 0.48125 0.6015625 0.4796875
1 0.534375 0.4296875 0.5265625 0.4328125 0.521875 0.4421875 0.5265625 0.478125 0.5234375 0.475 0.51875 0.459375 0.5125 0.4625 0.5125 0.4703125 0.509375 0.471875 0.509375 0.4609375 0.5125 0.4578125 0.5109375 0.4453125 0.5140625 0.43125 0.51875 0.4265625 0.5234375 0.4296875 0.5328125 0.4296875
1 0.6234375 0.5 0.621875 0.49375 0.6171875 0.4890625 0.61875 0.4625 0.621875 0.459375 0.6234375 0.4515625 0.628125 0.45625 0.628125 0.48125 0.625 0.4859375 0.625 0.5
1 0.6484375 0.4859375 0.65 0.471875 0.646875 0.465625 0.6484375 0.4578125 0.6453125 0.4546875 0.6453125 0.4453125 0.653125 0.43125 0.6578125 0.43125 0.6609375 0.4390625 0.65625 0.4625 0.6578125 0.48125 0.65 0.4859375
1 0.6484375 0.4015625 0.653125 0.4140625 0.65 0.4171875 0.6515625 0.4203125 0.65 0.4359375 0.6453125 0.4390625 0.646875 0.425 0.64375 0.415625 0.64375 0.4046875 0.646875 0.403125
1 0.56875 0.4421875 0.5734375 0.44375 0.5765625 0.4515625 0.575 0.496875 0.5734375 0.496875 0.5703125 0.4828125 0.5640625 0.4859375 0.5625 0.4953125 0.559375 0.4953125 0.5640625 0.4796875 0.5640625 0.4625 0.56875 0.44375
1 0.6140625 0.4921875 0.61875 0.490625 0.6234375 0.5015625 0.61875 0.5421875 0.6171875 0.5421875 0.6125 0.528125 0.6109375 0.5140625 0.6140625 0.49375
1 0.26875 0.56875 0.271875 0.5703125 0.2734375 0.5765625 0.271875 0.5984375 0.26875 0.6015625 0.26875 0.609375 0.271875 0.6171875 0.2640625 0.621875 0.2609375 0.6328125 0.2578125 0.634375 0.2578125 0.625 0.2609375 0.621875 0.2609375 0.609375 0.2640625 0.5984375 0.2625 0.5828125 0.26875 0.5703125
1 0.890625 0.725 0.8890625 0.7125 0.8859375 0.70625 0.8828125 0.7046875 0.8796875 0.7078125 0.88125 0.725 0.8796875 0.728125 0.8765625 0.7296875 0.875 0.728125 0.878125 0.6515625 0.88125 0.6484375 0.884375 0.65 0.884375 0.659375 0.8890625 0.6734375 0.8875 0.7015625 0.89375 0.7140625 0.8921875 0.7234375
1 0.7296875 0.440625 0.7328125 0.440625 0.7390625 0.4578125 0.7375 0.4875 0.740625 0.4921875 0.740625 0.4953125 0.7375 0.496875 0.728125 0.4875 0.73125 0.4609375 0.7296875 0.4421875
1 0.6171875 0.453125 0.61875 0.4546875 0.6171875 0.484375 0.6109375 0.4953125 0.6109375 0.5 0.6078125 0.4984375 0.60625 0.490625 0.6078125 0.4671875 0.6125 0.4546875 0.615625 0.453125
1 0.3390625 0.571875 0.34375 0.584375 0.34375 0.6 0.3359375 0.615625 0.33125 0.634375 0.3296875 0.6359375 0.328125 0.634375 0.33125 0.6234375 0.33125 0.609375 0.328125 0.6015625 0.33125 0.5828125 0.3375 0.5734375
2 0.6265625 0.5859375 0.6296875 0.5875 0.6328125 0.5984375 0.63125 0.6203125 0.628125 0.6265625 0.6296875 0.6625 0.6265625 0.6640625 0.625 0.6609375 0.6234375 0.6453125 0.61875 0.65 0.6171875 0.6625 0.6140625 0.6625 0.61875 0.6390625 0.61875 0.6265625 0.621875 0.6234375 0.621875 0.60625 0.6265625 0.596875 0.6265625 0.5875