0 0.3953125 0.5625 0.396875 0.5703125 0.39375 0.5703125 0.3921875 0.5671875 0.39375 0.5640625
1 0.425 0.709375 0.425 0.690625 0.4234375 0.678125 0.4203125 0.671875 0.4203125 0.6515625 0.425 0.6296875 0.4265625 0.6296875 0.428125 0.6390625 0.4328125 0.6484375 0.4328125 0.6734375 0.4296875 0.690625 0.4359375 0.703125 0.434375 0.709375 0.43125 0.7109375 0.4265625 0.709375
1 0.30625 0.4671875 0.3109375 0.471875 0.3125 0.48125 0.3109375 0.5171875 0.303125 0.5046875 0.3015625 0.496875 0.296875 0.49375 0.2984375 0.4828125 0.30625 0.46875
1 0.3064293981481481 0.5889583333333333 0.023067129629629646 0.08192708333333334
1 0.45 0.4296875 0.453125 0.4296875 0.459375 0.4390625 0.459375 0.4671875 0.4609375 0.46875 0.4609375 0.484375 0.4578125 0.4796875 0.45625 0.46875 0.4515625 0.478125 0.4484375 0.4796875 0.4484375 0.434375 0.45 0.43125
1 0.42375000000000007 0.5349999999999999 0.014079861111111125 0.05479166666666666
1 0.025 0.4015625 0.0359375 0.421875 0.034375 0.4375 0.0375 0.4484375 0.0359375 0.45625 0.0296875 0.459375 0.0265625 0.446875 0.01875 0.43125 0.01875 0.4171875 0.025 0.403125
1 0.4046875 0.5109375 0.409375 0.5125 0.4140625 0.521875 0.4125 0.5609375 0.415625 0.5640625 0.415625 0.5671875 0.4140625 0.5640625 0.4078125 0.5671875 0.4078125 0.5765625 0.4046875 0.5765625 0.403125 0.5671875 0.403125 0.5140625 0.4046875 0.5125
1 0.7859375 0.6734375 0.790625 0.675 0.796875 0.690625 0.796875 0.7234375 0.7953125 0.725 0.796875 0.740625 0.7953125 0.74375 0.7984375 0.7484375 0.7984375 0.7609375 0.7875 0.759375 0.7859375 0.74375 0.7875 0.7359375 0.784375 0.7203125 0.778125 0.7140625 0.778125 0.709375 0.7828125 0.7046875 0.7859375 0.675
1 0.5109375 0.490625 0.5125 0.490625 0.5125 0.4953125 0.5203125 0.5109375 0.51875 0.5125 0.5203125 0.5234375 0.5171875 0.528125 0.51875 0.5421875 0.5171875 0.5578125 0.5125 0.559375 0.5125 0.5453125 0.5046875 0.51875 0.5046875 0.509375 0.5078125 0.50625 0.5078125 0.4984375 0.5109375 0.4921875
1 0.234375 0.4453125 0.2375 0.446875 0.2375 0.4921875 0.234375 0.4984375 0.2359375 0.5078125 0.2328125 0.5078125 0.2296875 0.5015625 0.225 0.4640625 0.228125 0.4546875 0.234375 0.446875
1 0.6875 0.396875 0.6921875 0.3984375 0.696875 0.4125 0.6921875 0.4265625 0.6921875 0.453125 0.6890625 0.4546875 0.6875 0.4515625 0.6890625 0.434375 0.6875 0.421875 0.684375 0.4171875 0.6875 0.3984375
1 0.7921875 0.8375 0.803125 0.853125 0.80625 0.896875 0.8125 0.90625 0.8109375 0.91875 0.8078125 0.925 0.8046875 0.925 0.803125 0.915625 0.796875 0.90625 0.7953125 0.878125 0.790625 0.875 0.784375 0.875 0.778125 0.86875 0.778125 0.8640625 0.7875 0.865625 0.790625 0.8609375 0.7890625 0.85 0.790625 0.8390625
1 0.6578125 0.58125 0.665625 0.6 0.6671875 0.6109375 0.665625 0.6234375 0.6625 0.6265625 0.6609375 0.6609375 0.653125 0.6546875 0.65 0.640625 0.6515625 0.5984375 0.65625 0.5828125
1 0.2978472222222222 0.6931770833333333 0.0240335648148148 0.09447916666666671
1 0.475 0.421875 0.4765625 0.4296875 0.48125 0.4375 0.4828125 0.4828125 0.4734375 0.4796875 0.471875 0.4453125 0.4703125 0.44375 0.4703125 0.43125 0.4734375 0.4234375
1 0.6439236111111111 0.5590624999999999 0.013506944444444446 0.06880208333333337
1 0.1515625 0.8421875 0.165625 0.8625 0.165625 0.8671875 0.1609375 0.8640625 0.15625 0.865625 0.1578125 0.890625 0.1625 0.9046875 0.1625 0.9171875 0.165625 0.9234375 0.165625 0.93125 0.159375 0.928125 0.1515625 0.9296875 0.1453125 0.9078125 0.1453125 0.8984375 0.134375 0.875 0.134375 0.85625 0.140625 0.84375 0.140625 0.83125 0.1421875 0.8296875 0.1453125 0.83125 0.146875 0.8390625 0.15 0.8421875
1 0.4189699074074074 0.5409375 0.013368055555555536 0.05942708333333328
1 0.2984375 0.3796875 0.3015625 0.3796875 0.303125 0.3859375 0.3015625 0.3921875 0.303125 0.39375 0.303125 0.434375 0.3 0.4359375 0.296875 0.428125 0.296875 0.4109375 0.29375 0.4 0.29375 0.390625 0.2984375 0.38125
2 0.503125 0.546875 0.509375 0.5625 0.5109375 0.596875 0.51875 0.6109375 0.5171875 0.61875 0.509375 0.60625 0.50625 0.6203125 0.5046875 0.621875 0.503125 0.61875 0.503125 0.6046875 0.5 0.59375 0.5 0.55 0.5015625 0.5484375