0 0.2984375 0.43671875 0.00703125 0.009375
1 0.5953125 0.4578125 0.6 0.465625 0.609375 0.4734375 0.625 0.459375 0.625 0.4640625 0.6171875 0.4796875 0.6125 0.5 0.6125 0.5109375 0.6046875 0.5359375 0.6 0.5390625 0.596875 0.5375 0.5984375 0.5171875 0.6046875 0.496875 0.6046875 0.4796875 0.5984375 0.471875 0.59375 0.459375
1 0.7953125 0.3953125 0.01484375 0.05703125
1 0.7953125 0.3390625 0.7984375 0.3421875 0.8 0.35 0.8015625 0.3796875 0.80625 0.384375 0.80625 0.3890625 0.8015625 0.3875 0.8 0.375 0.79375 0.36875 0.79375 0.3421875 0.7953125 0.340625
1 0.325 0.5640625 0.328125 0.5640625 0.33125 0.5734375 0.3359375 0.6109375 0.3375 0.6125 0.35 0.6109375 0.353125 0.615625 0.3515625 0.61875 0.34375 0.6171875 0.3390625 0.6203125 0.33125 0.6171875 0.328125 0.6203125 0.3265625 0.6375 0.325 0.6390625 0.3203125 0.6375 0.3234375 0.63125 0.325 0.61875 0.3234375 0.609375 0.3234375 0.58125 0.325 0.5796875 0.3234375 0.5671875 0.325 0.565625
1 0.8546875 0.425 0.85625 0.428125 0.85 0.46875 0.85 0.50625 0.8484375 0.5109375 0.8421875 0.5046875 0.8390625 0.5109375 0.834375 0.5109375 0.8375 0.4984375 0.8375 0.4796875 0.8421875 0.465625 0.8421875 0.4484375 0.8359375 0.434375 0.8453125 0.440625 0.8515625 0.434375 0.8546875 0.4265625
1 0.76875 0.284375 0.771875 0.2875 0.7828125 0.290625 0.7796875 0.3125 0.7796875 0.33125 0.78125 0.3328125 0.7796875 0.3421875 0.7734375 0.328125 0.775 0.30625 0.76875 0.2859375
1 0.50625 0.3875 0.5109375 0.3890625 0.5109375 0.396875 0.521875 0.4109375 0.521875 0.4140625 0.515625 0.41875 0.5125 0.4328125 0.5015625 0.43125 0.5015625 0.4015625 0.50625 0.3890625
1 0.484375 0.4171875 0.484375 0.4296875 0.478125 0.4421875 0.4703125 0.4421875 0.465625 0.4390625 0.45625 0.4390625 0.45 0.4359375 0.4546875 0.4296875 0.45625 0.4203125 0.459375 0.41875 0.4671875 0.425 0.478125 0.425 0.4828125 0.41875
1 0.709375 0.425 0.7140625 0.425 0.71875 0.44375 0.7171875 0.46875 0.7265625 0.478125 0.7265625 0.4828125 0.7234375 0.4828125 0.71875 0.4765625 0.7140625 0.475 0.7109375 0.478125 0.7078125 0.49375 0.703125 0.4953125 0.709375 0.471875 0.709375 0.4453125 0.7078125 0.44375 0.709375 0.4265625
1 0.5578125 0.2515625 0.5609375 0.253125 0.5640625 0.271875 0.5640625 0.3 0.5609375 0.3015625 0.559375 0.2984375 0.55625 0.2859375 0.5578125 0.253125
1 0.109375 0.38125 0.11875 0.3875 0.1171875 0.4140625 0.1078125 0.4140625 0.1046875 0.4171875 0.1 0.415625 0.1015625 0.3890625 0.1078125 0.3828125
2 0.7734375 0.3328125 0.7765625 0.3421875 0.7765625 0.3609375 0.7734375 0.371875 0.7703125 0.375 0.76875 0.3859375 0.765625 0.3765625 0.7671875 0.3390625 0.76875 0.334375 0.771875 0.3328125