1 0.2453125 0.5015625 0.2484375 0.5015625 0.2484375 0.5296875 0.2453125 0.5359375 0.24375 0.5671875 0.2390625 0.5640625 0.240625 0.55 0.2375 0.5375 0.2390625 0.5140625 0.2453125 0.503125
1 0.3125 0.51875 0.315625 0.5203125 0.315625 0.5265625 0.31875 0.528125 0.3203125 0.5421875 0.31875 0.5703125 0.315625 0.5828125 0.3125 0.58125 0.3125 0.565625 0.30625 0.55 0.30625 0.534375 0.3125 0.5203125
1 0.1546875 0.453125 0.15625 0.4546875 0.153125 0.4671875 0.153125 0.4921875 0.1546875 0.49375 0.153125 0.509375 0.1546875 0.5109375 0.153125 0.5125 0.1484375 0.5109375 0.15 0.5 0.14375 0.4875 0.1453125 0.4703125 0.153125 0.4546875
1 0.4671875 0.440625 0.4703125 0.4125 0.46875 0.4046875 0.475 0.390625 0.4796875 0.4 0.48125 0.4140625 0.4765625 0.425 0.475 0.44375 0.471875 0.4390625 0.46875 0.440625
1 0.175 0.4640625 0.18125 0.4515625 0.1890625 0.4515625 0.1921875 0.4546875 0.19375 0.4734375 0.196875 0.484375 0.2015625 0.4890625 0.2015625 0.4953125 0.2 0.496875 0.19375 0.4875 0.1890625 0.496875 0.1859375 0.49375 0.1859375 0.490625 0.18125 0.4859375 0.1828125 0.471875 0.1765625 0.465625
1 0.2875 0.6203125 0.290625 0.621875 0.2890625 0.625 0.296875 0.6453125 0.29375 0.671875 0.2953125 0.6921875 0.2890625 0.6953125 0.284375 0.69375 0.2859375 0.6921875 0.284375 0.6609375 0.28125 0.646875 0.2828125 0.6328125 0.2875 0.621875
1 0.6015625 0.48125 0.6046875 0.4828125 0.60625 0.4953125 0.6046875 0.509375 0.60625 0.53125 0.6046875 0.5328125 0.6078125 0.5390625 0.60625 0.5453125 0.5953125 0.54375 0.5953125 0.5375 0.5984375 0.53125 0.596875 0.528125 0.5984375 0.4859375 0.6015625 0.4828125
1 0.634375 0.5796875 0.6359375 0.578125 0.6359375 0.55625 0.6375 0.5546875 0.640625 0.55625 0.6453125 0.5703125 0.6453125 0.5890625 0.65 0.59375 0.6515625 0.6 0.6515625 0.603125 0.646875 0.6046875 0.646875 0.5984375 0.6421875 0.5921875 0.6390625 0.5984375 0.6390625 0.6140625 0.6359375 0.615625 0.634375 0.6140625 0.6359375 0.58125
1 0.39375 0.578125 0.3984375 0.5578125 0.4015625 0.55625 0.40625 0.5671875 0.4078125 0.5828125 0.4078125 0.5890625 0.4015625 0.60625 0.4015625 0.6140625 0.39375 0.6140625 0.39375 0.603125 0.396875 0.6 0.3953125 0.5796875
1 0.0875 0.5265625 0.0890625 0.5671875 0.09375 0.5828125 0.0984375 0.5890625 0.0984375 0.5921875 0.0953125 0.59375 0.0859375 0.575 0.08125 0.5765625 0.0796875 0.5921875 0.0765625 0.59375 0.0796875 0.5703125 0.075 0.5453125 0.0828125 0.5328125 0.0828125 0.528125 0.0859375 0.5265625
1 0.4140625 0.4609375 0.4171875 0.4671875 0.4140625 0.51875 0.409375 0.503125 0.4046875 0.5078125 0.4046875 0.5140625 0.4 0.521875 0.4015625 0.5078125 0.4046875 0.5046875 0.40625 0.496875 0.4046875 0.484375 0.4015625 0.48125 0.4 0.4828125 0.4 0.4796875 0.403125 0.478125 0.4125 0.4625
1 0.4265625 0.48125 0.428125 0.48125 0.4328125 0.496875 0.428125 0.5296875 0.4203125 0.51875 0.421875 0.490625 0.4265625 0.4828125
1 0.4765625 0.509375 0.4796875 0.515625 0.4796875 0.53125 0.4765625 0.5390625 0.475 0.56875 0.471875 0.5671875 0.46875 0.540625 0.4640625 0.5359375 0.46875 0.525 0.4703125 0.5140625 0.475 0.509375
1 0.534375 0.4546875 0.5375 0.4546875 0.5390625 0.459375 0.5375 0.4640625 0.540625 0.4765625 0.5390625 0.4859375 0.540625 0.5078125 0.5390625 0.51875 0.5359375 0.5171875 0.5359375 0.5046875 0.5328125 0.5 0.53125 0.4875 0.534375 0.45625
1 0.6359375 0.5046875 0.6390625 0.5046875 0.6375 0.509375 0.6390625 0.5125 0.6375 0.5546875 0.634375 0.559375 0.6328125 0.56875 0.6265625 0.5703125 0.6296875 0.5546875 0.6296875 0.5375 0.6328125 0.53125 0.6328125 0.5109375 0.6359375 0.50625
1 0.45 0.575 0.453125 0.5765625 0.459375 0.590625 0.45625 0.6421875 0.453125 0.6421875 0.45 0.615625 0.4453125 0.6109375 0.4484375 0.6 0.4484375 0.578125 0.45 0.5765625
1 0.359375 0.4484375 0.365625 0.459375 0.3625 0.484375 0.3640625 0.5046875 0.359375 0.503125 0.35625 0.5046875 0.353125 0.4921875 0.3546875 0.4828125 0.353125 0.4640625 0.359375 0.45
1 0.309375 0.4125 0.3140625 0.4125 0.315625 0.4171875 0.315625 0.44375 0.31875 0.453125 0.3171875 0.45625 0.315625 0.4546875 0.3140625 0.446875 0.3109375 0.44375 0.30625 0.4578125 0.3046875 0.4359375 0.30625 0.4203125 0.309375 0.4140625
0 0.31875 0.39375 0.3265625 0.39375 0.328125 0.396875 0.328125 0.4015625 0.3203125 0.4015625 0.31875 0.3953125
2 0.428125 0.528125 0.425 0.55 0.4203125 0.5578125 0.421875 0.5609375 0.4203125 0.575 0.415625 0.5703125 0.4140625 0.55625 0.415625 0.53125 0.4203125 0.5234375 0.4265625 0.528125
1 0.48192129687499996 0.509375 0.47944444375 0.4996296296875 0.473472221875 0.4954166671875 0.47185763906249995 0.5079108796875 0.48192129687499996 0.509375