0 0.5921875 0.5097222218749999 0.5859375 0.5111111109375 0.584375 0.515277778125 0.58671875 0.51805555625 0.596875 0.515277778125 0.5921875 0.5097222218749999
1 0.5640625 0.4578125 0.5703125 0.4703125 0.5734375 0.4859375 0.578125 0.4953125 0.5765625 0.50625 0.5796875 0.5125 0.5796875 0.51875 0.571875 0.50625 0.5703125 0.4984375 0.5671875 0.4953125 0.559375 0.4953125 0.55625 0.4921875 0.55625 0.4765625 0.553125 0.4734375 0.553125 0.46875 0.55625 0.4625 0.5625 0.4578125
2 0.140625 0.5078125 0.14375 0.5109375 0.14375 0.55 0.153125 0.5796875 0.153125 0.59375 0.1546875 0.5984375 0.159375 0.6015625 0.159375 0.60625 0.1578125 0.6078125 0.153125 0.60625 0.15 0.5875 0.146875 0.5828125 0.1375 0.5921875 0.134375 0.60625 0.13125 0.6015625 0.13125 0.5921875 0.1375 0.584375 0.1390625 0.578125 0.1328125 0.5609375 0.13125 0.5484375 0.13125 0.5375 0.1390625 0.509375
1 0.55 0.52421875 0.01796875 0.0984375
1 0.1265625 0.475 0.128125 0.4765625 0.1265625 0.4875 0.128125 0.5234375 0.13125 0.5328125 0.13125 0.553125 0.1265625 0.5734375 0.1234375 0.5671875 0.11875 0.5734375 0.115625 0.571875 0.1140625 0.5671875 0.1140625 0.5640625 0.125 0.546875 0.1171875 0.5109375 0.1171875 0.496875 0.121875 0.4859375 0.121875 0.4765625 0.125 0.475
1 0.1921875 0.45625 0.1953125 0.45625 0.196875 0.459375 0.1953125 0.46875 0.196875 0.521875 0.1921875 0.5296875 0.1890625 0.5453125 0.1859375 0.54375 0.1875 0.53125 0.1828125 0.528125 0.1828125 0.525 0.1890625 0.5171875 0.184375 0.4796875 0.1921875 0.4578125
1 0.2828125 0.421875 0.2859375 0.421875 0.2875 0.425 0.2875 0.4453125 0.290625 0.45 0.2921875 0.503125 0.2875 0.5046875 0.2859375 0.5015625 0.2875 0.490625 0.2828125 0.484375 0.271875 0.4890625 0.2671875 0.49375 0.26875 0.484375 0.271875 0.4796875 0.275 0.48125 0.2796875 0.475 0.28125 0.4390625 0.2828125 0.4375 0.28125 0.425 0.2828125 0.4234375
1 0.3328125 0.4875 0.3375 0.4859375 0.3390625 0.4890625 0.3375 0.515625 0.3421875 0.5234375 0.340625 0.5359375 0.34375 0.5484375 0.34375 0.5734375 0.3453125 0.575 0.3453125 0.578125 0.340625 0.578125 0.3390625 0.575 0.3390625 0.5515625 0.3375 0.55 0.3328125 0.5546875 0.328125 0.5734375 0.325 0.571875 0.3296875 0.5515625 0.325 0.5125 0.328125 0.5 0.3328125 0.49375 0.3328125 0.4890625
1 0.4625 0.50546875 0.01484375 0.0609375
1 0.4671875 0.5421875 0.4703125 0.54375 0.4703125 0.5578125 0.4734375 0.5640625 0.475 0.578125 0.4734375 0.58125 0.478125 0.6125 0.478125 0.6328125 0.4765625 0.634375 0.478125 0.65 0.4734375 0.65 0.4734375 0.61875 0.4703125 0.6140625 0.4609375 0.6265625 0.45625 0.6421875 0.4515625 0.6453125 0.4546875 0.6296875 0.4609375 0.6140625 0.4625 0.596875 0.459375 0.5734375 0.4671875 0.54375
1 0.484375 0.496875 0.4859375 0.5703125 0.48125 0.5859375 0.478125 0.5859375 0.4765625 0.5828125 0.4796875 0.5546875 0.475 0.54375 0.4734375 0.51875 0.4796875 0.5046875 0.4796875 0.4984375 0.4828125 0.496875
1 0.8109375 0.5265625 0.8125 0.5359375 0.815625 0.540625 0.8171875 0.5546875 0.8109375 0.565625 0.80625 0.5859375 0.803125 0.5921875 0.796875 0.596875 0.79375 0.596875 0.7921875 0.59375 0.7984375 0.5796875 0.7984375 0.5625 0.8 0.5609375 0.8 0.5546875 0.7953125 0.55 0.7953125 0.546875 0.80625 0.5328125 0.80625 0.528125 0.809375 0.5265625
1 0.240625 0.446875 0.24375 0.446875 0.2453125 0.45 0.24375 0.4546875 0.2453125 0.5203125 0.240625 0.521875 0.240625 0.5109375 0.2296875 0.503125 0.2296875 0.5 0.2359375 0.4953125 0.2359375 0.4671875 0.240625 0.4484375
1 0.5078125 0.45 0.5109375 0.45625 0.5109375 0.48125 0.5234375 0.5 0.5234375 0.5109375 0.51875 0.51875 0.51875 0.5265625 0.515625 0.5328125 0.5078125 0.5375 0.5078125 0.5421875 0.503125 0.540625 0.503125 0.5359375 0.509375 0.5234375 0.509375 0.5125 0.5015625 0.4875 0.5015625 0.4625 0.5046875 0.459375 0.50625 0.4515625
1 0.7546875 0.6 0.7484375 0.5609375 0.74375 0.55 0.7453125 0.54375 0.74375 0.51875 0.75 0.503125 0.753125 0.5046875 0.7625 0.525 0.7625 0.54375 0.7609375 0.5453125 0.7625 0.5609375 0.75625 0.6
1 0.0875 0.453125 0.0921875 0.453125 0.0953125 0.4921875 0.1046875 0.53125 0.103125 0.5359375 0.1 0.534375 0.096875 0.515625 0.09375 0.5109375 0.090625 0.5125 0.0875 0.521875 0.08125 0.51875 0.0859375 0.496875 0.084375 0.46875 0.0875 0.4546875
1 0.3609375 0.4375 0.365625 0.4375 0.3671875 0.4734375 0.371875 0.48125 0.3734375 0.4984375 0.3765625 0.50625 0.3765625 0.509375 0.3734375 0.5109375 0.371875 0.509375 0.3703125 0.496875 0.365625 0.490625 0.35625 0.5046875 0.3546875 0.5109375 0.353125 0.5125 0.35 0.5109375 0.359375 0.4859375 0.3578125 0.453125 0.3609375 0.4390625