0 0.5875 0.496875 0.5890625 0.503125 0.5859375 0.5046875 0.5859375 0.4984375
1 0.765625 0.846875 0.7765625 0.875 0.775 0.9015625 0.778125 0.9046875 0.784375 0.903125 0.7890625 0.9109375 0.78125 0.9109375 0.7765625 0.915625 0.771875 0.9109375 0.76875 0.9109375 0.765625 0.9234375 0.7609375 0.925 0.7578125 0.921875 0.7625 0.915625 0.7640625 0.8859375 0.75625 0.884375 0.75625 0.8765625 0.7625 0.8578125 0.7625 0.8484375 0.7640625 0.8484375
1 0.4546875 0.5390625 0.465625 0.55625 0.4609375 0.5734375 0.4640625 0.5890625 0.4734375 0.6046875 0.4734375 0.609375 0.4703125 0.6078125 0.459375 0.590625 0.4578125 0.6046875 0.4546875 0.6015625 0.453125 0.5921875 0.4546875 0.575 0.45 0.5640625 0.45 0.553125 0.453125 0.546875 0.453125 0.540625
1 0.60625 0.4515625 0.60625 0.45625 0.6109375 0.465625 0.6125 0.4828125 0.6203125 0.4875 0.621875 0.4921875 0.6140625 0.4921875 0.6078125 0.4890625 0.6 0.5046875 0.5984375 0.503125 0.6015625 0.4921875 0.6 0.4671875 0.6015625 0.453125 0.6046875 0.4515625
1 0.6234375 0.703125 0.6265625 0.70625 0.6265625 0.7125 0.6296875 0.7171875 0.6328125 0.75 0.640625 0.7609375 0.6390625 0.7640625 0.6328125 0.7625 0.628125 0.765625 0.6296875 0.78125 0.6234375 0.7828125 0.621875 0.7375 0.61875 0.734375 0.6234375 0.7046875
1 0.6421875 0.53125 0.6453125 0.5328125 0.646875 0.5484375 0.65 0.5515625 0.6515625 0.5609375 0.6515625 0.5796875 0.6578125 0.59375 0.65625 0.596875 0.653125 0.596875 0.653125 0.5890625 0.6421875 0.5765625 0.6421875 0.5515625 0.640625 0.55 0.6421875 0.5328125
1 0.4796875 0.5921875 0.4828125 0.59375 0.4890625 0.60625 0.4921875 0.6296875 0.4984375 0.6375 0.4984375 0.6421875 0.49375 0.6421875 0.490625 0.6453125 0.49375 0.6625 0.4921875 0.665625 0.4875 0.665625 0.4875 0.6515625 0.484375 0.6453125 0.4828125 0.6296875 0.4765625 0.625 0.4828125 0.615625 0.4796875 0.609375 0.4796875 0.59375
1 0.03125 0.440625 0.0375 0.421875 0.0390625 0.421875 0.0421875 0.440625 0.040625 0.4875 0.0359375 0.4875 0.0328125 0.4421875
1 0.4390625 0.4640625 0.446875 0.4734375 0.4484375 0.478125 0.446875 0.496875 0.4484375 0.5015625 0.453125 0.5046875 0.453125 0.5078125 0.446875 0.509375 0.446875 0.5265625 0.4421875 0.5265625 0.4421875 0.5078125 0.4390625 0.5015625 0.4375 0.4875 0.4390625 0.465625
1 0.8453125 0.6515625 0.85 0.6578125 0.8546875 0.675 0.8578125 0.6984375 0.871875 0.7125 0.871875 0.721875 0.8703125 0.721875 0.859375 0.7078125 0.8515625 0.7 0.8484375 0.7 0.8453125 0.703125 0.846875 0.7046875 0.84375 0.7203125 0.840625 0.721875 0.8375 0.71875 0.8421875 0.709375 0.840625 0.7046875 0.8421875 0.696875 0.846875 0.6875 0.846875 0.671875 0.84375 0.6609375 0.8453125 0.653125
1 0.721875 0.4640625 0.7265625 0.471875 0.73125 0.4921875 0.7359375 0.4984375 0.7296875 0.5046875 0.728125 0.5203125 0.7234375 0.5203125 0.7234375 0.4875 0.7203125 0.48125 0.7203125 0.465625
1 0.8625 0.6109375 0.8671875 0.6125 0.8671875 0.6171875 0.8734375 0.628125 0.871875 0.6546875 0.8765625 0.671875 0.8765625 0.6875 0.871875 0.6875 0.8703125 0.6734375 0.8625 0.6609375 0.8640625 0.646875 0.85625 0.63125 0.8609375 0.625 0.8625 0.6125
2 0.734375 0.559375 0.7375 0.5609375 0.740625 0.5671875 0.74375 0.5921875 0.7484375 0.5984375 0.7390625 0.6125 0.7390625 0.6234375 0.7359375 0.621875 0.734375 0.6140625 0.7359375 0.59375 0.7328125 0.578125 0.734375 0.5703125 0.7328125 0.5625 0.734375 0.5609375