0 0.54375 0.671875 0.546875 0.6734375 0.5453125 0.6796875 0.5421875 0.678125 0.54375 0.6734375
1 0.28125 0.7078125 0.284375 0.7078125 0.2890625 0.7359375 0.29375 0.74375 0.29375 0.7734375 0.296875 0.7890625 0.29375 0.7953125 0.2890625 0.7953125 0.2859375 0.7890625 0.2859375 0.7734375 0.278125 0.740625 0.278125 0.721875 0.28125 0.709375
1 0.553125 0.5046875 0.5546875 0.503125 0.5546875 0.4625 0.5578125 0.453125 0.5609375 0.4578125 0.5640625 0.4734375 0.5609375 0.48125 0.5625 0.484375 0.5609375 0.5015625 0.5546875 0.5046875
1 0.4875 0.4078125 0.4921875 0.4671875 0.4890625 0.4671875 0.4875 0.4578125 0.4796875 0.4484375 0.471875 0.45 0.4734375 0.44375 0.478125 0.4453125 0.48125 0.4421875 0.48125 0.4203125 0.4859375 0.409375
1 0.5328125 0.621875 0.5359375 0.621875 0.5390625 0.646875 0.54375 0.653125 0.540625 0.6609375 0.5421875 0.66875 0.546875 0.6734375 0.546875 0.678125 0.5421875 0.6828125 0.5421875 0.6953125 0.5375 0.69375 0.5375 0.6828125 0.534375 0.6796875 0.528125 0.6828125 0.5296875 0.6625 0.5265625 0.653125 0.5265625 0.640625 0.5328125 0.6234375
1 0.525 0.4765625 0.53125 0.4984375 0.5328125 0.534375 0.528125 0.534375 0.5234375 0.5296875 0.525 0.515625 0.5203125 0.509375 0.5171875 0.4984375 0.5171875 0.4921875 0.5234375 0.478125
1 0.1609375 0.446875 0.165625 0.4640625 0.1640625 0.49375 0.1578125 0.4953125 0.1515625 0.5015625 0.1515625 0.4921875 0.15625 0.484375 0.1578125 0.4765625 0.15625 0.45625 0.159375 0.4484375
1 0.796875 0.39609375 0.0125 0.05
1 0.3859375 0.4421875 0.3890625 0.4453125 0.390625 0.46875 0.39375 0.4734375 0.39375 0.4890625 0.3921875 0.4953125 0.3890625 0.4953125 0.3875 0.4921875 0.3890625 0.484375 0.3859375 0.4828125 0.3796875 0.4890625 0.3765625 0.496875 0.3734375 0.4953125 0.375 0.4875 0.38125 0.478125 0.3828125 0.4515625 0.3859375 0.44375
1 0.384375 0.3375 0.3859375 0.3609375 0.3828125 0.3875 0.3796875 0.384375 0.3796875 0.378125 0.3734375 0.3734375 0.378125 0.365625 0.3765625 0.3484375 0.3796875 0.3390625 0.3828125 0.3375
1 0.1078125 0.45625 0.1078125 0.45 0.1109375 0.44375 0.1109375 0.415625 0.115625 0.40625 0.11875 0.4078125 0.1203125 0.415625 0.11875 0.44375 0.109375 0.45625
1 0.0359375 0.4375 0.0359375 0.4453125 0.0328125 0.453125 0.0328125 0.4703125 0.0375 0.4796875 0.0375 0.503125 0.0359375 0.5046875 0.0328125 0.503125 0.034375 0.490625 0.03125 0.4859375 0.025 0.4890625 0.01875 0.5015625 0.015625 0.5 0.015625 0.4953125 0.025 0.48125 0.0234375 0.4609375 0.0265625 0.45 0.034375 0.4390625
1 0.615625 0.55 0.621875 0.5625 0.621875 0.5828125 0.6234375 0.584375 0.621875 0.6109375 0.6171875 0.596875 0.6171875 0.5890625 0.6109375 0.578125 0.60625 0.575 0.60625 0.5671875 0.6140625 0.5515625
1 0.39375 0.5875 0.3984375 0.5875 0.3984375 0.61875 0.4015625 0.625 0.403125 0.6546875 0.4 0.65625 0.396875 0.653125 0.3984375 0.6375 0.39375 0.6328125 0.38125 0.64375 0.3765625 0.6515625 0.375 0.65 0.3796875 0.6375 0.384375 0.634375 0.3875 0.6265625 0.3875 0.60625 0.39375 0.5890625
2 0.2375 0.478125 0.240625 0.4828125 0.240625 0.4984375 0.2421875 0.5 0.240625 0.540625 0.2375 0.5296875 0.2296875 0.525 0.2328125 0.5203125 0.2328125 0.4875 0.2359375 0.484375 0.2359375 0.4796875