1 0.5855208333333334 0.688599537037037 0.018385416666666644 0.08918402777777779
1 0.8640625 0.4234375 0.8703125 0.4421875 0.86875 0.4609375 0.8765625 0.48125 0.8765625 0.490625 0.8734375 0.4890625 0.8734375 0.4828125 0.8671875 0.4671875 0.8640625 0.4671875 0.859375 0.471875 0.85625 0.4875 0.853125 0.484375 0.8546875 0.475 0.8578125 0.4703125 0.85625 0.440625 0.8625 0.425
1 0.35625 0.3578125 0.35625 0.35 0.359375 0.3421875 0.3578125 0.340625 0.3578125 0.3171875 0.3609375 0.3109375 0.3640625 0.309375 0.36875 0.321875 0.365625 0.3390625 0.365625 0.3515625 0.36875 0.3625 0.3609375 0.3546875 0.35625 0.359375
1 0.6203125 0.3890625 0.625 0.3921875 0.628125 0.4015625 0.628125 0.4109375 0.6234375 0.421875 0.625 0.440625 0.61875 0.428125 0.6109375 0.4359375 0.6109375 0.4296875 0.615625 0.421875 0.6140625 0.4046875 0.6203125 0.390625
1 0.278125 0.4359375 0.28125 0.4375 0.2828125 0.4421875 0.2921875 0.4953125 0.2921875 0.5 0.2890625 0.5 0.2875 0.4859375 0.284375 0.48125 0.28125 0.4828125 0.2765625 0.496875 0.275 0.49375 0.278125 0.478125 0.275 0.446875 0.278125 0.4375
1 0.265625 0.45625 0.271875 0.4734375 0.275 0.4953125 0.275 0.5203125 0.271875 0.5171875 0.271875 0.509375 0.26875 0.503125 0.2640625 0.50625 0.2609375 0.5265625 0.2578125 0.525 0.2609375 0.5078125 0.259375 0.471875 0.2640625 0.4578125
1 0.3015625 0.3640625 0.30625 0.3765625 0.3078125 0.3890625 0.30625 0.3921875 0.3078125 0.41875 0.30625 0.4203125 0.3015625 0.4109375 0.2953125 0.4171875 0.2953125 0.409375 0.2984375 0.4046875 0.2953125 0.3828125 0.3015625 0.365625
1 0.4234375 0.334375 0.425 0.334375 0.428125 0.3515625 0.4265625 0.384375 0.425 0.3859375 0.421875 0.3765625 0.4171875 0.3796875 0.415625 0.384375 0.4234375 0.3359375
1 0.4765625 0.615625 0.4796875 0.615625 0.48125 0.621875 0.4875 0.6296875 0.4859375 0.6515625 0.48125 0.665625 0.484375 0.68125 0.4828125 0.684375 0.4796875 0.684375 0.4765625 0.6625 0.471875 0.65625 0.4734375 0.6484375 0.4734375 0.628125 0.471875 0.6265625 0.4765625 0.6171875
1 0.3591493055555556 0.8361168981481482 0.01635416666666667 0.10322916666666666
1 0.8578125 0.6078125 0.8625 0.6109375 0.8625 0.6171875 0.8671875 0.6234375 0.86875 0.63125 0.8703125 0.64375 0.86875 0.671875 0.871875 0.6796875 0.871875 0.7 0.865625 0.7 0.8671875 0.6921875 0.865625 0.6765625 0.8625 0.671875 0.859375 0.6515625 0.859375 0.6296875 0.85625 0.621875 0.8578125 0.609375
1 0.2546875 0.3640625 0.2609375 0.3890625 0.259375 0.3921875 0.259375 0.421875 0.2609375 0.4234375 0.253125 0.4234375 0.2546875 0.40625 0.253125 0.3921875 0.25 0.3890625 0.25 0.375 0.253125 0.365625
1 0.16723958333333333 0.6011400462962962 0.011163194444444446 0.0805381944444444
1 0.415625 0.23125 0.4203125 0.2484375 0.4203125 0.2734375 0.4171875 0.275 0.4125 0.271875 0.4140625 0.2328125
1 0.4171875 0.4703125 0.41875 0.4609375 0.4234375 0.453125 0.4265625 0.4546875 0.4296875 0.4609375 0.4296875 0.4890625 0.43125 0.490625 0.4296875 0.5140625 0.425 0.5046875 0.4234375 0.509375 0.4203125 0.5109375 0.41875 0.471875
1 0.6859375 0.540625 0.690625 0.54375 0.6984375 0.5546875 0.7015625 0.5671875 0.7015625 0.5765625 0.6984375 0.5796875 0.7 0.6171875 0.696875 0.615625 0.6921875 0.603125 0.6875 0.575 0.6828125 0.565625 0.6859375 0.553125 0.6859375 0.5421875
1 0.509375 0.6 0.5203125 0.6171875 0.5203125 0.64375 0.525 0.653125 0.528125 0.6671875 0.525 0.6671875 0.5203125 0.6609375 0.5109375 0.6375 0.5109375 0.63125 0.50625 0.6265625 0.5078125 0.6015625
1 0.446875 0.7078125 0.4390625 0.6875 0.4390625 0.678125 0.43125 0.6609375 0.43125 0.6546875 0.4375 0.6375 0.446875 0.653125 0.446875 0.6890625 0.4515625 0.6984375 0.4515625 0.7046875 0.4484375 0.7078125
1 0.65625 0.2921875 0.6609375 0.3203125 0.6578125 0.3296875 0.6578125 0.3421875 0.6546875 0.34375 0.6546875 0.3328125 0.6515625 0.321875 0.6515625 0.3015625 0.6546875 0.29375
1 0.465625 0.615625 0.4703125 0.6171875 0.4734375 0.634375 0.471875 0.6515625 0.4640625 0.6625 0.465625 0.6703125 0.465625 0.684375 0.4640625 0.684375 0.459375 0.65625 0.4609375 0.646875 0.459375 0.634375 0.465625 0.6171875
2 0.3796875 0.475 0.384375 0.5109375 0.3828125 0.5171875 0.384375 0.5390625 0.38125 0.540625 0.378125 0.5375 0.3765625 0.5296875 0.378125 0.5171875 0.375 0.5078125 0.375 0.484375 0.378125 0.4765625