0 0.5046875 0.575 0.5078125 0.575 0.5109375 0.5796875 0.509375 0.5859375 0.503125 0.5859375 0.5046875 0.5765625
1 0.9984375 0.48125 0.9984375 0.475 0.9921875 0.4671875 0.9953125 0.44375 0.99375 0.440625 0.9953125 0.4140625 0.9984375 0.4125 0.9984375 0.4796875
1 0.159375 0.4125 0.1640625 0.446875 0.1609375 0.4453125 0.1609375 0.4359375 0.1578125 0.4328125 0.15625 0.434375 0.1515625 0.4625 0.153125 0.4703125 0.15 0.4703125 0.1484375 0.4734375 0.14375 0.4734375 0.14375 0.4484375 0.1390625 0.4421875 0.14375 0.43125 0.14375 0.425 0.1578125 0.4125
1 0.490625 0.478125 0.49375 0.48125 0.496875 0.4953125 0.5015625 0.5015625 0.503125 0.5140625 0.4953125 0.5296875 0.4953125 0.5390625 0.5015625 0.5546875 0.5 0.5609375 0.496875 0.5609375 0.4953125 0.5578125 0.496875 0.55 0.490625 0.5328125 0.49375 0.5234375 0.49375 0.5140625 0.490625 0.5078125 0.490625 0.4921875 0.4875 0.4859375 0.4890625 0.4796875
1 0.5875 0.4984375 0.6 0.5203125 0.6 0.5296875 0.5953125 0.5375 0.596875 0.565625 0.5875 0.5578125 0.584375 0.565625 0.584375 0.5734375 0.58125 0.575 0.5796875 0.5734375 0.584375 0.54375 0.584375 0.5296875 0.578125 0.525 0.5828125 0.5171875 0.584375 0.5 0.5859375 0.5
1 0.6125 0.6140625 0.6125 0.60625 0.603125 0.5875 0.603125 0.571875 0.6015625 0.5703125 0.603125 0.5640625 0.6015625 0.5328125 0.603125 0.53125 0.60625 0.5328125 0.6078125 0.540625 0.615625 0.5515625 0.6171875 0.5625 0.615625 0.5828125 0.61875 0.5875 0.6140625 0.5890625 0.6140625 0.5984375 0.61875 0.60625 0.61875 0.6125 0.6140625 0.6140625
1 0.8859375 0.6046875 0.8875 0.6171875 0.89375 0.6265625 0.896875 0.66875 0.9 0.671875 0.903125 0.6703125 0.9078125 0.671875 0.9109375 0.684375 0.9015625 0.6796875 0.8953125 0.684375 0.8875 0.6859375 0.8859375 0.6953125 0.8890625 0.703125 0.884375 0.7078125 0.878125 0.7046875 0.88125 0.6984375 0.8796875 0.684375 0.8796875 0.6484375 0.8828125 0.640625 0.88125 0.60625 0.884375 0.6046875
1 0.928125 0.7203125 0.9296875 0.73125 0.9359375 0.7375 0.9390625 0.7453125 0.934375 0.7953125 0.9390625 0.8015625 0.9390625 0.8140625 0.94375 0.825 0.9421875 0.83125 0.9359375 0.83125 0.9328125 0.828125 0.934375 0.815625 0.928125 0.8015625 0.921875 0.7953125 0.921875 0.7796875 0.925 0.76875 0.9171875 0.7515625 0.921875 0.74375 0.9234375 0.721875 0.9265625 0.7203125
1 0.55625 0.4875 0.5609375 0.4890625 0.565625 0.4984375 0.56875 0.5203125 0.5671875 0.5296875 0.56875 0.5515625 0.5640625 0.55625 0.5640625 0.5515625 0.559375 0.54375 0.5578125 0.53125 0.5546875 0.5265625 0.5578125 0.515625 0.55625 0.4890625
1 0.4703125 0.625 0.475 0.6265625 0.475 0.6328125 0.48125 0.6421875 0.4859375 0.6828125 0.496875 0.6890625 0.496875 0.7 0.4953125 0.7 0.4921875 0.696875 0.4875 0.696875 0.48125 0.6859375 0.4765625 0.6859375 0.4734375 0.69375 0.4734375 0.7125 0.471875 0.7140625 0.4671875 0.7125 0.4703125 0.7 0.4703125 0.6328125 0.46875 0.63125 0.4703125 0.6265625
1 0.509375 0.521875 0.515625 0.5265625 0.5109375 0.546875 0.5109375 0.5609375 0.515625 0.571875 0.5234375 0.578125 0.525 0.5859375 0.5140625 0.5828125 0.5046875 0.5734375 0.5 0.546875 0.49375 0.5390625 0.49375 0.534375 0.5 0.521875 0.5015625 0.5203125 0.5078125 0.521875