0 0.4 0.54296875 0.00859375 0.0109375
1 0.425 0.6328125 0.428125 0.634375 0.4296875 0.6421875 0.4359375 0.653125 0.4390625 0.68125 0.44375 0.69375 0.4484375 0.7 0.4515625 0.7 0.453125 0.7171875 0.446875 0.70625 0.4390625 0.6984375 0.4328125 0.6859375 0.4265625 0.69375 0.4265625 0.7140625 0.425 0.7171875 0.4203125 0.7140625 0.4234375 0.7078125 0.4234375 0.6921875 0.425 0.690625 0.4234375 0.634375
1 0.7625 0.5609375 0.765625 0.5625 0.7734375 0.5828125 0.7734375 0.6234375 0.7828125 0.6421875 0.78125 0.653125 0.778125 0.6546875 0.778125 0.64375 0.7734375 0.6375 0.7703125 0.6390625 0.76875 0.64375 0.765625 0.64375 0.765625 0.634375 0.759375 0.621875 0.7609375 0.6015625 0.7578125 0.5953125 0.7609375 0.584375 0.7609375 0.5625
1 0.51875 0.5 0.5328125 0.5140625 0.5359375 0.5234375 0.5359375 0.534375 0.5390625 0.5375 0.5484375 0.5390625 0.5484375 0.5453125 0.5359375 0.5484375 0.5328125 0.5515625 0.5328125 0.5640625 0.5265625 0.5625 0.5265625 0.5515625 0.521875 0.534375 0.525 0.521875 0.51875 0.5125 0.5171875 0.50625 0.51875 0.5015625
1 0.05 0.3921875 0.0515625 0.4109375 0.0546875 0.415625 0.053125 0.4296875 0.0609375 0.45625 0.0578125 0.459375 0.0546875 0.45625 0.05 0.440625 0.0453125 0.4515625 0.0453125 0.4609375 0.040625 0.459375 0.040625 0.434375 0.0375 0.4234375 0.0375 0.40625 0.0453125 0.39375 0.0484375 0.3921875
1 0.409375 0.5078125 0.4125 0.5078125 0.4203125 0.515625 0.425 0.5265625 0.425 0.5328125 0.41875 0.5375 0.4140625 0.55 0.4125 0.5578125 0.415625 0.578125 0.4109375 0.5828125 0.409375 0.565625 0.4046875 0.5625 0.4015625 0.5671875 0.3984375 0.5671875 0.396875 0.5640625 0.4046875 0.55 0.4046875 0.54375 0.4 0.5390625 0.4 0.534375 0.403125 0.5265625 0.4046875 0.5125 0.409375 0.509375
1 0.4625 0.5125 0.4671875 0.515625 0.471875 0.5265625 0.4734375 0.5609375 0.478125 0.571875 0.478125 0.5828125 0.4765625 0.5828125 0.4703125 0.571875 0.46875 0.5640625 0.4640625 0.5609375 0.4609375 0.565625 0.459375 0.575 0.45625 0.5765625 0.459375 0.5546875 0.4578125 0.5375 0.4609375 0.53125 0.4625 0.5140625
1 0.3984375 0.4734375 0.4046875 0.4765625 0.4109375 0.4984375 0.4109375 0.5078125 0.4046875 0.5125 0.4015625 0.521875 0.4 0.5328125 0.4015625 0.546875 0.396875 0.546875 0.403125 0.5078125 0.4015625 0.49375 0.4 0.4921875 0.39375 0.49375 0.3953125 0.4875 0.3984375 0.4859375 0.3984375 0.475
1 0.8484375 0.5625 0.853125 0.5640625 0.8578125 0.5796875 0.8625 0.621875 0.8703125 0.6484375 0.8703125 0.6609375 0.865625 0.6609375 0.859375 0.6375 0.853125 0.628125 0.85 0.63125 0.8515625 0.6328125 0.8515625 0.65 0.846875 0.6546875 0.8453125 0.6484375 0.8453125 0.615625 0.846875 0.6140625 0.8453125 0.58125 0.8484375 0.5640625
1 0.8328125 0.3625 0.8390625 0.3640625 0.8421875 0.375 0.84375 0.396875 0.8484375 0.4015625 0.853125 0.4125 0.853125 0.4171875 0.8515625 0.4171875 0.846875 0.4109375 0.840625 0.409375 0.8375 0.4125 0.8359375 0.4203125 0.83125 0.421875 0.8328125 0.4203125 0.83125 0.4078125 0.8328125 0.3640625
1 0.9859375 0.646875 0.990625 0.6484375 0.9984375 0.6640625 0.9984375 0.7421875 0.99375 0.740625 0.9875 0.7109375 0.9859375 0.6484375
1 0.7859375 0.646875 0.790625 0.65 0.790625 0.6578125 0.7953125 0.665625 0.79375 0.7109375 0.8078125 0.715625 0.8078125 0.7296875 0.803125 0.7234375 0.7953125 0.721875 0.7890625 0.7171875 0.7859375 0.725 0.7875 0.7375 0.778125 0.7359375 0.7828125 0.7265625 0.784375 0.6484375
1 0.5921875 0.5015625 0.5953125 0.5015625 0.596875 0.5046875 0.60625 0.5484375 0.6171875 0.5671875 0.615625 0.571875 0.6109375 0.5703125 0.6046875 0.553125 0.6015625 0.55 0.5984375 0.553125 0.5984375 0.5671875 0.5953125 0.5703125 0.59375 0.5609375 0.5890625 0.553125 0.5890625 0.546875 0.59375 0.5359375 0.5921875 0.5265625 0.5890625 0.5234375 0.5921875 0.503125
2 0.878125 0.4875 0.8859375 0.4890625 0.89375 0.5078125 0.89375 0.525 0.896875 0.528125 0.9015625 0.528125 0.9046875 0.5359375 0.903125 0.5375 0.89375 0.5359375 0.890625 0.5390625 0.8921875 0.553125 0.890625 0.5546875 0.8890625 0.553125 0.8828125 0.5359375 0.8828125 0.525 0.8796875 0.51875 0.8828125 0.50625 0.878125 0.4890625