1 0.3421875 0.5125 0.35 0.525 0.3484375 0.5609375 0.3453125 0.5609375 0.3453125 0.5484375 0.3421875 0.5453125 0.3328125 0.546875 0.328125 0.54375 0.334375 0.5359375 0.3328125 0.5125 0.334375 0.5109375 0.340625 0.5125
1 0.5625 0.4625 0.5671875 0.459375 0.571875 0.4359375 0.575 0.434375 0.5765625 0.4375 0.575 0.471875 0.5671875 0.4875 0.5703125 0.4953125 0.5703125 0.503125 0.5671875 0.503125 0.5640625 0.4984375 0.5609375 0.503125 0.5578125 0.5015625 0.5609375 0.490625 0.5609375 0.4765625 0.5640625 0.4703125 0.5625 0.4640625
1 0.6765625 0.5578125 0.6796875 0.5578125 0.68125 0.5671875 0.6875 0.58125 0.6875 0.5859375 0.68125 0.59375 0.6765625 0.6140625 0.678125 0.6296875 0.684375 0.6421875 0.684375 0.646875 0.68125 0.6484375 0.675 0.6359375 0.6703125 0.6390625 0.6671875 0.6453125 0.6640625 0.64375 0.66875 0.6171875 0.66875 0.5921875 0.6640625 0.5859375 0.6640625 0.5796875 0.6671875 0.5796875 0.6734375 0.5734375 0.6765625 0.559375
1 0.9875 0.4859375 0.990625 0.4890625 0.99375 0.5 0.990625 0.5328125 0.9859375 0.5421875 0.9875 0.5546875 0.9921875 0.5625 0.990625 0.5703125 0.9875 0.5703125 0.9875 0.565625 0.984375 0.5609375 0.98125 0.5625 0.9796875 0.5671875 0.9765625 0.5671875 0.98125 0.546875 0.9796875 0.5078125 0.9859375 0.4875
1 0.2 0.5796875 0.196875 0.571875 0.1953125 0.553125 0.1890625 0.5421875 0.1921875 0.5296875 0.1921875 0.5125 0.196875 0.5 0.2 0.5015625 0.209375 0.521875 0.209375 0.5484375 0.2078125 0.55 0.209375 0.5734375 0.2015625 0.5796875
1 0.28125 0.51875 0.284375 0.51875 0.2890625 0.5375 0.2890625 0.55625 0.2828125 0.5765625 0.2828125 0.5859375 0.29375 0.5921875 0.2921875 0.6015625 0.2828125 0.596875 0.278125 0.60625 0.2734375 0.6078125 0.275 0.6015625 0.2734375 0.575 0.2765625 0.5640625 0.275 0.546875 0.2796875 0.5359375 0.28125 0.5203125
1 0.375 0.5375 0.3796875 0.5375 0.3828125 0.5453125 0.384375 0.5578125 0.38125 0.5609375 0.3671875 0.5609375 0.359375 0.5546875 0.35 0.553125 0.3484375 0.55 0.3484375 0.546875 0.3578125 0.546875 0.365625 0.5359375 0.371875 0.540625 0.375 0.5390625
1 0.5359375 0.5875 0.5421875 0.5890625 0.5421875 0.5984375 0.546875 0.6078125 0.5421875 0.6796875 0.5375 0.6859375 0.534375 0.6859375 0.53125 0.628125 0.528125 0.625 0.53125 0.60625 0.5375 0.596875 0.5359375 0.5890625
1 0.3265625 0.46875 0.33125 0.4734375 0.3328125 0.4828125 0.3328125 0.5125 0.3265625 0.5234375 0.33125 0.54375 0.3265625 0.54375 0.3265625 0.5390625 0.321875 0.53125 0.31875 0.53125 0.3140625 0.5390625 0.309375 0.5375 0.315625 0.528125 0.3171875 0.515625 0.3234375 0.5046875 0.3265625 0.4703125
1 0.5453125 0.4625 0.5515625 0.4671875 0.5546875 0.478125 0.553125 0.5109375 0.546875 0.5234375 0.546875 0.53125 0.5421875 0.5390625 0.5375 0.540625 0.5390625 0.5125 0.5453125 0.5 0.5453125 0.4953125 0.5390625 0.484375 0.5390625 0.478125 0.5453125 0.4765625 0.5453125 0.4640625
1 0.7796875 0.6328125 0.7828125 0.6328125 0.7875 0.640625 0.7859375 0.6640625 0.790625 0.6890625 0.790625 0.7046875 0.7953125 0.7140625 0.7953125 0.721875 0.7984375 0.7296875 0.796875 0.7375 0.79375 0.7359375 0.7890625 0.715625 0.7828125 0.7046875 0.778125 0.7078125 0.775 0.734375 0.771875 0.7359375 0.765625 0.7296875 0.76875 0.725 0.771875 0.70625 0.771875 0.69375 0.7671875 0.6859375 0.7671875 0.68125 0.7734375 0.66875 0.7796875 0.634375
1 0.884375 0.8828125 0.8859375 0.8984375 0.8890625 0.9046875 0.8890625 0.925 0.8859375 0.9453125 0.871875 0.96875 0.8765625 0.9984375 0.8671875 0.9984375 0.8609375 0.9890625 0.8609375 0.984375 0.865625 0.9796875 0.8671875 0.9671875 0.8671875 0.946875 0.86875 0.9453125 0.8671875 0.9296875 0.875 0.921875 0.8765625 0.9046875 0.8796875 0.8984375 0.878125 0.8828125 0.8796875 0.88125 0.8828125 0.8828125
1 0.465625 0.5484375 0.4640625 0.5390625 0.45625 0.525 0.4515625 0.5296875 0.45 0.546875 0.4484375 0.5484375 0.4421875 0.546875 0.4421875 0.540625 0.4484375 0.53125 0.45 0.4984375 0.45625 0.459375 0.4609375 0.4625 0.4625 0.475 0.4609375 0.5234375 0.46875 0.5390625 0.46875 0.5484375 0.4671875 0.5484375
1 0.390625 0.5671875 0.3953125 0.5703125 0.3953125 0.5765625 0.390625 0.5875 0.390625 0.6109375 0.3828125 0.6296875 0.3765625 0.65625 0.3734375 0.65625 0.3734375 0.628125 0.375 0.6265625 0.3734375 0.61875 0.378125 0.603125 0.378125 0.5890625 0.371875 0.578125 0.371875 0.5734375 0.3828125 0.5625 0.3890625 0.5671875
2 0.76875 0.5609375 0.7734375 0.5859375 0.7734375 0.61875 0.778125 0.6296875 0.7734375 0.63125 0.76875 0.6265625 0.7640625 0.63125 0.7578125 0.6578125 0.7546875 0.65625 0.7546875 0.65 0.759375 0.6359375 0.7625 0.6109375 0.7625 0.5765625 0.7640625 0.575 0.7625 0.5609375 0.7640625 0.559375 0.7671875 0.5609375