0 0.33125 0.61875 0.334375 0.6203125 0.3328125 0.6328125 0.328125 0.63125 0.3296875 0.6203125
1 0.8140625 0.5125 0.8109375 0.503125 0.80625 0.4984375 0.8078125 0.4578125 0.8109375 0.4421875 0.8140625 0.440625 0.815625 0.44375 0.81875 0.4625 0.815625 0.5109375
1 0.990625 0.2890625 0.9921875 0.2890625 0.9953125 0.3 0.99375 0.3484375 0.990625 0.35 0.9875 0.3484375 0.9890625 0.346875 0.9890625 0.29375 0.990625 0.290625
1 0.3796875 0.34375 0.3828125 0.3453125 0.3859375 0.35625 0.384375 0.3859375 0.3875 0.4 0.3875 0.40625 0.3859375 0.40625 0.3828125 0.403125 0.3796875 0.3921875 0.378125 0.39375 0.378125 0.409375 0.3765625 0.4125 0.375 0.4109375 0.375 0.390625 0.3765625 0.3890625 0.375 0.359375 0.3796875 0.3453125
1 0.240625 0.51171875 0.01328125 0.084375
1 0.7875 0.8578125 0.790625 0.8640625 0.790625 0.8734375 0.7953125 0.88125 0.79375 0.95625 0.7921875 0.9703125 0.7890625 0.971875 0.784375 0.9671875 0.7765625 0.9203125 0.778125 0.884375 0.7828125 0.8734375 0.7828125 0.859375 0.7859375 0.8578125
1 0.30625 0.596875 0.309375 0.634375 0.31875 0.6484375 0.3140625 0.6515625 0.3125 0.65 0.3078125 0.6515625 0.303125 0.66875 0.3046875 0.678125 0.303125 0.6796875 0.2984375 0.675 0.3015625 0.6609375 0.2984375 0.6109375 0.3046875 0.5984375
1 0.709375 0.6546875 0.7125 0.6546875 0.7140625 0.6578125 0.7140625 0.665625 0.7203125 0.68125 0.7203125 0.6859375 0.7125 0.7 0.7078125 0.7375 0.70625 0.7390625 0.7046875 0.7375 0.7015625 0.6828125 0.709375 0.65625
1 0.9421875 0.6140625 0.9453125 0.615625 0.953125 0.6359375 0.95 0.6734375 0.959375 0.6828125 0.9625 0.69375 0.959375 0.6953125 0.9578125 0.690625 0.9453125 0.68125 0.9421875 0.684375 0.9421875 0.7046875 0.9390625 0.70625 0.9359375 0.7046875 0.940625 0.615625
1 0.7734375 0.21875 0.7765625 0.2203125 0.7796875 0.2359375 0.7796875 0.2671875 0.771875 0.2609375 0.7703125 0.2265625 0.7734375 0.2203125
1 0.678125 0.375 0.68125 0.375 0.6875 0.38125 0.69375 0.4 0.69375 0.4078125 0.7015625 0.4171875 0.7 0.421875 0.6953125 0.4171875 0.6921875 0.425 0.6875 0.4234375 0.678125 0.3765625
1 0.771875 0.565625 0.7796875 0.5828125 0.778125 0.6234375 0.78125 0.6375 0.784375 0.6421875 0.7828125 0.653125 0.7796875 0.65 0.7796875 0.640625 0.7734375 0.6234375 0.76875 0.6265625 0.7671875 0.6453125 0.765625 0.646875 0.7625 0.6453125 0.7671875 0.6140625 0.7671875 0.584375 0.76875 0.5828125 0.76875 0.5671875 0.7703125 0.5671875
1 0.0921875 0.353125 0.0140625 0.06640625
1 0.7234375 0.4046875 0.7265625 0.4046875 0.73125 0.4171875 0.73125 0.44375 0.7296875 0.4453125 0.73125 0.4703125 0.7234375 0.471875 0.7203125 0.4421875 0.7203125 0.41875 0.7234375 0.40625
1 0.5953125 0.48125 0.5984375 0.4921875 0.6046875 0.503125 0.6046875 0.5078125 0.6015625 0.5125 0.6 0.5328125 0.596875 0.5390625 0.5984375 0.5671875 0.5953125 0.5671875 0.5953125 0.5625 0.5921875 0.5578125 0.5921875 0.534375 0.5890625 0.51875 0.5921875 0.4828125 0.59375 0.4828125
2 0.840625 0.4515625 0.8453125 0.453125 0.85 0.4625 0.8546875 0.48125 0.8546875 0.4875 0.8484375 0.490625 0.84375 0.50625 0.8484375 0.51875 0.8484375 0.5328125 0.846875 0.5328125 0.846875 0.525 0.8421875 0.5171875 0.8390625 0.5234375 0.8359375 0.5234375 0.840625 0.4984375 0.840625 0.4828125 0.8375 0.478125 0.83125 0.478125 0.83125 0.4765625 0.8375 0.471875 0.840625 0.465625 0.840625 0.453125