0 0.23359375 0.45625 0.00625 0.009375
1 0.634375 0.4703125 0.6390625 0.48125 0.6390625 0.5015625 0.63125 0.5421875 0.6265625 0.534375 0.621875 0.5359375 0.621875 0.5296875 0.6265625 0.509375 0.6265625 0.4875 0.6328125 0.471875
1 0.828125 0.3578125 0.83125 0.359375 0.8328125 0.3703125 0.8328125 0.3953125 0.8390625 0.403125 0.8390625 0.409375 0.8359375 0.409375 0.83125 0.4046875 0.8296875 0.390625 0.825 0.3796875 0.825 0.3703125 0.828125 0.359375
1 0.5734375 0.275 0.578125 0.275 0.5828125 0.29375 0.5828125 0.315625 0.578125 0.3203125 0.5765625 0.3265625 0.5734375 0.328125 0.5734375 0.2953125 0.571875 0.29375 0.5734375 0.2765625
1 0.7203125 0.5328125 0.725 0.5 0.7234375 0.4765625 0.728125 0.45625 0.73125 0.4578125 0.73125 0.4671875 0.734375 0.478125 0.7328125 0.50625 0.7390625 0.525 0.7375 0.5296875 0.734375 0.5296875 0.7328125 0.525 0.7296875 0.5234375 0.7265625 0.5296875 0.721875 0.5328125
1 0.5640625 0.4375 0.575 0.45 0.5796875 0.45 0.5875 0.45625 0.5875 0.4640625 0.584375 0.4671875 0.565625 0.4609375 0.5546875 0.4609375 0.5578125 0.4375 0.559375 0.4359375 0.5625 0.4375
1 0.196875 0.4546875 0.196875 0.421875 0.19375 0.4109375 0.19375 0.4 0.2 0.38125 0.203125 0.3828125 0.20625 0.39375 0.2078125 0.4171875 0.203125 0.4390625 0.203125 0.45625 0.1984375 0.4546875
1 0.2515625 0.56875 0.2578125 0.5875 0.25625 0.6 0.2578125 0.6203125 0.2640625 0.634375 0.2703125 0.6421875 0.2703125 0.65 0.2671875 0.6484375 0.25625 0.628125 0.2515625 0.6234375 0.2484375 0.6234375 0.24375 0.6328125 0.2421875 0.6546875 0.2359375 0.65625 0.2421875 0.628125 0.24375 0.5875 0.25 0.5703125
1 0.903125 0.45 0.903125 0.471875 0.9046875 0.4734375 0.903125 0.515625 0.90625 0.5234375 0.9109375 0.5265625 0.9109375 0.5359375 0.9078125 0.5359375 0.9046875 0.5296875 0.9015625 0.53125 0.9 0.5359375 0.8953125 0.5359375 0.8984375 0.4828125 0.8875 0.4671875 0.8875 0.4625 0.8921875 0.4640625 0.8984375 0.4625 0.903125 0.4515625
1 0.6296875 0.421875 0.6234375 0.415625 0.6203125 0.41875 0.6203125 0.4375 0.61875 0.4390625 0.6203125 0.459375 0.6171875 0.459375 0.6125 0.453125 0.6125 0.4046875 0.6171875 0.390625 0.6203125 0.3890625 0.621875 0.403125 0.6296875 0.4203125
1 0.8140625 0.3828125 0.815625 0.38125 0.8265625 0.3828125 0.83125 0.403125 0.83125 0.415625 0.8359375 0.4203125 0.834375 0.425 0.8234375 0.4265625 0.8203125 0.4203125 0.8234375 0.4078125 0.8203125 0.3921875 0.815625 0.384375
1 0.8515625 0.309375 0.859375 0.31875 0.8625 0.31875 0.8640625 0.33125 0.8625 0.353125 0.865625 0.36875 0.8640625 0.3765625 0.8609375 0.3765625 0.859375 0.3671875 0.8515625 0.3765625 0.853125 0.353125 0.85625 0.34375 0.85625 0.3265625 0.85 0.3109375
2 0.7390625 0.36875 0.74375 0.3703125 0.75 0.3875 0.75 0.39375 0.74375 0.4140625 0.7453125 0.428125 0.74375 0.4296875 0.7421875 0.428125 0.7375 0.4171875 0.7375 0.3953125 0.7359375 0.39375 0.7359375 0.378125 0.7390625 0.3703125