1 0.41875 0.75625 0.43125 0.771875 0.434375 0.78125 0.4328125 0.815625 0.4453125 0.8375 0.446875 0.8453125 0.4453125 0.846875 0.4390625 0.840625 0.4265625 0.821875 0.421875 0.8109375 0.421875 0.7984375 0.4171875 0.79375 0.4125 0.8015625 0.40625 0.8046875 0.4078125 0.8 0.40625 0.796875 0.4140625 0.778125 0.4171875 0.7578125
1 0.7109375 0.69375 0.7140625 0.6953125 0.7140625 0.70625 0.71875 0.7140625 0.7203125 0.73125 0.7234375 0.734375 0.7234375 0.7515625 0.71875 0.75625 0.7203125 0.7671875 0.7171875 0.775 0.715625 0.809375 0.7109375 0.8078125 0.7078125 0.803125 0.7078125 0.7875 0.70625 0.7859375 0.7078125 0.7609375 0.7 0.746875 0.6984375 0.7328125 0.7015625 0.715625 0.7078125 0.70625 0.709375 0.6953125
1 0.5294618055555556 0.5625231481481482 0.023425925925925916 0.07987847222222219
1 0.553125 0.6171875 0.55625 0.621875 0.559375 0.646875 0.559375 0.6515625 0.5546875 0.6546875 0.553125 0.659375 0.5546875 0.6984375 0.55625 0.7 0.5546875 0.7078125 0.559375 0.725 0.5546875 0.725 0.54375 0.7125 0.5484375 0.690625 0.540625 0.671875 0.5421875 0.6390625 0.55 0.625 0.5484375 0.61875 0.5515625 0.6171875
1 0.90625 0.5625 0.9109375 0.5640625 0.9171875 0.5875 0.915625 0.6015625 0.9171875 0.6140625 0.9140625 0.6265625 0.9171875 0.6546875 0.9125 0.6578125 0.9078125 0.6578125 0.909375 0.6390625 0.9046875 0.6109375 0.90625 0.609375 0.90625 0.5875 0.9046875 0.5859375 0.90625 0.584375 0.9046875 0.571875 0.90625 0.5640625
1 0.5203125 0.5671875 0.525 0.56875 0.5265625 0.584375 0.53125 0.59375 0.53125 0.603125 0.528125 0.6140625 0.5296875 0.625 0.5265625 0.6375 0.528125 0.6484375 0.5234375 0.6734375 0.51875 0.66875 0.5203125 0.6671875 0.5203125 0.6453125 0.5171875 0.634375 0.5171875 0.6203125 0.5125 0.6125 0.5140625 0.60625 0.5125 0.590625 0.5203125 0.575 0.5203125 0.56875
1 0.4128414351851852 0.6974479166666667 0.0241782407407408 0.1188599537037037
1 0.49375 0.6609375 0.49375 0.665625 0.5 0.675 0.5 0.68125 0.50625 0.696875 0.50625 0.721875 0.509375 0.728125 0.5109375 0.75 0.50625 0.7484375 0.503125 0.73125 0.4890625 0.71875 0.49375 0.696875 0.490625 0.6921875 0.490625 0.678125 0.4859375 0.665625 0.4890625 0.659375 0.4921875 0.6609375
1 0.33125 0.6375 0.3375 0.6390625 0.3390625 0.6484375 0.3453125 0.65625 0.3484375 0.6671875 0.35 0.6921875 0.365625 0.715625 0.3640625 0.725 0.3578125 0.7125 0.3484375 0.7015625 0.3453125 0.7015625 0.340625 0.7078125 0.340625 0.7125 0.34375 0.715625 0.3421875 0.7328125 0.3390625 0.7359375 0.334375 0.7328125 0.3359375 0.73125 0.3359375 0.715625 0.334375 0.7140625 0.3359375 0.6828125 0.3328125 0.675 0.3296875 0.678125 0.328125 0.6859375 0.325 0.6875 0.328125 0.66875 0.328125 0.6515625 0.33125 0.6390625
1 0.8203125 0.6609375 0.825 0.6640625 0.825 0.6765625 0.8296875 0.6875 0.825 0.709375 0.8265625 0.7140625 0.825 0.7515625 0.828125 0.7625 0.8171875 0.76875 0.815625 0.7609375 0.81875 0.7515625 0.81875 0.740625 0.815625 0.7296875 0.815625 0.71875 0.8125 0.7140625 0.8078125 0.7125 0.8109375 0.7078125 0.809375 0.68125 0.8171875 0.671875 0.8203125 0.6625
1 0.5640625 0.571875 0.565625 0.5859375 0.571875 0.5953125 0.56875 0.665625 0.5625 0.65625 0.559375 0.6390625 0.559375 0.6234375 0.55625 0.6203125 0.5546875 0.5921875 0.559375 0.5875 0.559375 0.5734375 0.5625 0.571875
2 0.634375 0.784375 0.640625 0.7875 0.640625 0.8015625 0.646875 0.8109375 0.646875 0.8171875 0.6515625 0.828125 0.665625 0.840625 0.665625 0.8421875 0.659375 0.8421875 0.6484375 0.8328125 0.64375 0.834375 0.646875 0.8625 0.6453125 0.9078125 0.64375 0.909375 0.6421875 0.9078125 0.6421875 0.8890625 0.640625 0.8875 0.6421875 0.86875 0.6359375 0.8625 0.63125 0.865625 0.625 0.8828125 0.6234375 0.903125 0.61875 0.9015625 0.621875 0.890625 0.6203125 0.8859375 0.621875 0.8765625 0.628125 0.8609375 0.6265625 0.8515625 0.6296875 0.8390625 0.628125 0.8296875 0.625 0.8265625 0.625 0.8125 0.628125 0.8015625 0.634375 0.7921875 0.634375 0.7859375