0 0.4890625 0.5234375 0.490625 0.5265625 0.4890625 0.5328125 0.484375 0.5328125 0.484375 0.525 0.4875 0.5234375
1 0.4403935185185185 0.5039525462962964 0.03090277777777777 0.07666666666666666
1 0.503125 0.55625 0.50625 0.5546875 0.509375 0.559375 0.5109375 0.5734375 0.5109375 0.5890625 0.5078125 0.5921875 0.509375 0.6078125 0.50625 0.6140625 0.503125 0.615625 0.4984375 0.6265625 0.49375 0.6296875 0.49375 0.640625 0.4890625 0.6421875 0.4859375 0.6375 0.4859375 0.63125 0.490625 0.625 0.496875 0.6078125 0.4953125 0.5890625 0.4890625 0.584375 0.4890625 0.575 0.490625 0.56875 0.5 0.5640625 0.5046875 0.5578125
1 0.0796875 0.490625 0.0859375 0.49375 0.0875 0.571875 0.090625 0.5765625 0.0875 0.5796875 0.084375 0.578125 0.078125 0.5546875 0.075 0.5578125 0.0734375 0.565625 0.0703125 0.56875 0.065625 0.5671875 0.065625 0.5578125 0.071875 0.5484375 0.0703125 0.5078125 0.0796875 0.4921875
1 0.21875 0.4296875 0.221875 0.43125 0.2234375 0.4484375 0.228125 0.4515625 0.225 0.4578125 0.225 0.4671875 0.2359375 0.4984375 0.228125 0.496875 0.225 0.4828125 0.2203125 0.478125 0.215625 0.48125 0.2015625 0.4765625 0.203125 0.4703125 0.209375 0.471875 0.2125 0.46875 0.2109375 0.453125 0.2171875 0.43125
1 0.14375 0.4796875 0.1484375 0.4828125 0.15 0.4875 0.1546875 0.4828125 0.1578125 0.484375 0.159375 0.4890625 0.1578125 0.4921875 0.159375 0.49375 0.1578125 0.4984375 0.1578125 0.5140625 0.159375 0.515625 0.1546875 0.5234375 0.15625 0.55625 0.1515625 0.5578125 0.1453125 0.5671875 0.1421875 0.5671875 0.140625 0.565625 0.1421875 0.54375 0.1375 0.5390625 0.134375 0.5390625 0.1328125 0.534375 0.1359375 0.53125 0.1390625 0.5328125 0.1421875 0.528125 0.1390625 0.496875 0.1421875 0.49375 0.140625 0.4921875 0.14375 0.48125
1 0.0609375 0.740625 0.0640625 0.7375 0.06875 0.740625 0.06875 0.75625 0.0734375 0.76875 0.0734375 0.78125 0.0796875 0.8234375 0.0828125 0.8265625 0.0828125 0.8328125 0.0890625 0.8390625 0.0875 0.8421875 0.08125 0.8453125 0.0796875 0.84375 0.071875 0.8171875 0.06875 0.8140625 0.065625 0.8140625 0.05625 0.8234375 0.0453125 0.825 0.04375 0.828125 0.040625 0.828125 0.0390625 0.821875 0.0421875 0.8140625 0.053125 0.8125 0.0578125 0.8078125 0.059375 0.784375 0.05625 0.7640625 0.0609375 0.753125 0.0625 0.7421875
1 0.1046875 0.45625 0.1078125 0.459375 0.109375 0.4890625 0.115625 0.50625 0.1140625 0.528125 0.1171875 0.5328125 0.1140625 0.5359375 0.109375 0.53125 0.1109375 0.51875 0.1078125 0.5078125 0.1 0.5140625 0.090625 0.5296875 0.0875 0.5265625 0.0984375 0.503125 0.096875 0.4796875 0.1 0.471875 0.1 0.4578125 0.103125 0.45625
1 0.31875 0.3921875 0.325 0.3875 0.328125 0.4015625 0.3296875 0.428125 0.3328125 0.434375 0.334375 0.45 0.3375 0.4546875 0.3375 0.4578125 0.33125 0.45625 0.328125 0.440625 0.325 0.4375 0.31875 0.4390625 0.315625 0.4359375 0.3078125 0.4359375 0.3078125 0.4296875 0.315625 0.428125 0.31875 0.425 0.31875 0.4203125 0.3140625 0.4125 0.3140625 0.4046875 0.31875 0.3984375 0.31875 0.39375
1 0.8171875 0.496875 0.8203125 0.496875 0.8375 0.5125 0.8390625 0.5328125 0.8453125 0.546875 0.84375 0.553125 0.8359375 0.5546875 0.8328125 0.559375 0.8265625 0.559375 0.8265625 0.5359375 0.8234375 0.5328125 0.8234375 0.5203125 0.8171875 0.50625 0.8171875 0.4984375
1 0.4796875 0.4609375 0.4796875 0.46875 0.484375 0.4765625 0.484375 0.48125 0.4796875 0.4828125 0.4796875 0.4984375 0.4828125 0.5125 0.475 0.528125 0.46875 0.5265625 0.471875 0.515625 0.4703125 0.4796875 0.471875 0.4671875 0.478125 0.4609375
1 0.3234375 0.5921875 0.3265625 0.59375 0.328125 0.628125 0.33125 0.63125 0.3328125 0.640625 0.328125 0.646875 0.328125 0.6703125 0.33125 0.6875 0.328125 0.6890625 0.3234375 0.6859375 0.3234375 0.6734375 0.3203125 0.6671875 0.3109375 0.659375 0.3046875 0.6578125 0.30625 0.65 0.3140625 0.6515625 0.3171875 0.6484375 0.315625 0.609375 0.3234375 0.59375