1 0.7893364203125001 0.3506944453125 0.7835802468749999 0.3398148140625 0.7840740734375 0.328703703125 0.7777835640624999 0.31229745468750003 0.7712037031250001 0.3375 0.7680362656249999 0.37366898125 0.7740798609375 0.39563078749999997 0.7795486109375 0.395428240625 0.782098765625 0.3731481484375 0.7893364203125001 0.3506944453125
2 0.7740798609375 0.39563078749999997 0.7811111109375 0.3953703703125 0.7893981484375 0.34930555625 0.786705246875 0.3396990734375 0.778769290625 0.342766203125 0.773483796875 0.3914930546875 0.7740798609375 0.39563078749999997
1 0.47837769999999996 0.38023726875 0.47683642031250006 0.36226851875 0.4611709109375 0.346209490625 0.45720293281249996 0.34774305625 0.466269290625 0.354340278125 0.466618440625 0.3640335640625 0.45502121874999996 0.41438078593750005 0.4570563265625 0.42123842656250005 0.47837769999999996 0.38023726875
1 0.47663001562499996 0.38446180625 0.47743248437499997 0.36640625 0.47377314843749996 0.3609953703125 0.46739969062500003 0.3640046296875 0.46178626562499997 0.385011575 0.46145640468750004 0.4099826390625 0.47663001562499996 0.38446180625
1 0.6000308640625 0.2578703703125 0.6048418203125 0.25491898125 0.6117920531250001 0.2213831015625 0.608132715625 0.21597222187499998 0.6038560953125 0.22445023125 0.597276234375 0.24965277812500003 0.6000308640625 0.2578703703125
1 0.42251929062500004 0.3559606484375 0.4167206796875 0.381134259375 0.416576003125 0.40193865781250004 0.43290123437499994 0.3680555546875 0.4299209109375 0.3473668984375 0.42251929062500004 0.3559606484375
1 0.4299209109375 0.3473668984375 0.41986689843749997 0.3629918984375 0.41585648124999997 0.40057870468749995 0.4207291671875 0.39623842656249997 0.43205825625000005 0.3694733796875 0.4299209109375 0.3473668984375
1 0.2579861109375 0.30243055625 0.25652584843750004 0.31773726875 0.26310378125 0.3452256953125 0.274760803125 0.3461805546875 0.28090856406250003 0.33070023125 0.28214313281250003 0.302922453125 0.27071180625 0.3144386578125 0.2579861109375 0.30243055625
0 0.305271990625 0.30899884218749996 0.296554784375 0.31209490781250004 0.3002141203125 0.31750578749999997 0.305271990625 0.30899884218749996
1 0.690985725 0.229542825 0.6834394296874999 0.258940971875 0.6846932875 0.265827546875 0.6909432875 0.265596065625 0.6973379625 0.244560184375 0.698078703125 0.22789351875000002 0.6951388890625 0.22384259218749997 0.690985725 0.229542825
1 0.7369945984374999 0.2999421296875 0.7310513125 0.3459201390625 0.7306192125 0.3556423609375 0.7344020062500001 0.35827546250000003 0.7376504625 0.35538194375 0.7437577156249999 0.32326388906250003 0.7424016203125 0.30112847343750004 0.7369945984374999 0.2999421296875
1 0.18336998437500002 0.48961226875 0.202594521875 0.4431423609375 0.20123842656250002 0.42100694531249994 0.1981751546875 0.419733796875 0.1888406640625 0.43671875 0.1883873453125 0.4644675921875 0.18336998437500002 0.48961226875
1 0.42695216093750005 0.57210648125 0.430734953125 0.574739584375 0.44220871875 0.5271701375 0.4376041671875 0.507928240625 0.426645446875 0.5263599546875 0.42890625 0.5456886578125 0.42695216093750005 0.57210648125
1 0.5089718359375001 0.323640046875 0.514070215625 0.3317708328125 0.519170525 0.28721064687500003 0.5083777 0.26681134218749997 0.50434799375 0.269733796875 0.5033603390625 0.29195601875 0.49671875 0.318547453125 0.49984375 0.3184317125 0.50319444375 0.3307870375 0.5089718359375001 0.323640046875
1 0.7379706796875001 0.593865740625 0.7501022374999999 0.5490451390625 0.7449633484375 0.5242766203125 0.7409953703125 0.5258101859375001 0.7323186734375 0.54554398125 0.7264776234375 0.6067708328125 0.7379706796875001 0.593865740625
1 0.2904726078125 0.782378471875 0.305503471875 0.7249710640625 0.30612075625 0.711082175 0.30007716093750003 0.6891203703125 0.288090278125 0.7131365734374999 0.2862808640625 0.71875 0.2901446765625 0.754658565625 0.28375 0.77569444375 0.28506558593750003 0.7811921296875 0.2904726078125 0.782378471875
1 0.7720273921875 0.8629918984374999 0.76534529375 0.8729456015625001 0.7627951390625001 0.8952256937499999 0.766454475 0.900636575 0.7676871140625 0.9255497687500001 0.7639853390625 0.9561921296874999 0.76595871875 0.9644386562499999 0.7716126546875001 0.9600694453124999 0.7716956015624999 0.940653934375 0.77591049375 0.933564815625 0.7838888890625 0.89444444375 0.7824710640625 0.8736979171874999 0.7767148921875 0.8628182875 0.7781134265625 0.8489004640625 0.771801696875 0.850520834375 0.7720273921875 0.8629918984374999
1 0.26310378125 0.3452256953125 0.2769810953125 0.348871528125 0.28265625 0.32647569375 0.28304783906250003 0.300115740625 0.2706500765625 0.315827546875 0.2682233796875 0.3353298609375 0.26310378125 0.3452256953125