0 0.271875 0.609375 0.2765625 0.6125 0.275 0.6203125 0.2640625 0.6203125 0.2640625 0.6109375 0.2703125 0.609375
1 0.6546875 0.3625 0.6578125 0.3640625 0.6578125 0.36875 0.6625 0.3765625 0.6625 0.3921875 0.659375 0.40625 0.659375 0.41875 0.6625 0.4328125 0.6578125 0.4359375 0.6578125 0.4265625 0.653125 0.409375 0.6546875 0.3640625
1 0.571875 0.3109375 0.575 0.3109375 0.578125 0.3171875 0.578125 0.3640625 0.575 0.36875 0.56875 0.328125 0.56875 0.3203125 0.571875 0.3125
1 0.45625 0.4625 0.4625 0.4640625 0.4625 0.4703125 0.465625 0.475 0.46875 0.4984375 0.46875 0.525 0.471875 0.5375 0.471875 0.5515625 0.46875 0.55 0.465625 0.5265625 0.4625 0.5234375 0.4609375 0.525 0.4625 0.5484375 0.45625 0.55 0.4578125 0.509375 0.459375 0.5078125 0.459375 0.4796875 0.45625 0.4640625
1 0.6125 0.5125 0.6140625 0.5140625 0.6125 0.5359375 0.6203125 0.5765625 0.61875 0.5828125 0.6109375 0.5546875 0.609375 0.553125 0.60625 0.5546875 0.60625 0.5734375 0.6 0.5609375 0.6015625 0.5296875 0.5984375 0.5265625 0.5921875 0.5328125 0.5875 0.534375 0.5875 0.5296875 0.5984375 0.5203125 0.6015625 0.50625 0.6046875 0.5015625 0.6109375 0.5125
2 0.903125 0.44296875 0.01328125 0.08046875
1 0.6015625 0.4734375 0.6046875 0.4734375 0.615625 0.4875 0.615625 0.5125 0.61875 0.51875 0.61875 0.5234375 0.6140625 0.5234375 0.6140625 0.51875 0.6078125 0.50625 0.6 0.4984375 0.6015625 0.475
1 0.303125 0.5421875 0.315625 0.5671875 0.3109375 0.5953125 0.303125 0.6109375 0.303125 0.64375 0.296875 0.6453125 0.2953125 0.64375 0.296875 0.6375 0.29375 0.634375 0.2984375 0.615625 0.3 0.5578125 0.3015625 0.55625 0.3 0.5453125 0.3015625 0.54375
1 0.1578125 0.5359375 0.1609375 0.5375 0.1609375 0.5421875 0.1703125 0.5640625 0.175 0.6 0.18125 0.6125 0.18125 0.6171875 0.1796875 0.61875 0.175 0.6171875 0.171875 0.6234375 0.1671875 0.6234375 0.16875 0.59375 0.153125 0.5765625 0.1515625 0.571875 0.1515625 0.5578125 0.1546875 0.55 0.1546875 0.5375 0.15625 0.5375
1 0.578125 0.703125 0.58125 0.7046875 0.5828125 0.7109375 0.58125 0.7171875 0.5875 0.734375 0.5859375 0.7625 0.5875 0.7640625 0.5890625 0.8078125 0.5875 0.809375 0.5859375 0.8078125 0.58125 0.7921875 0.578125 0.7921875 0.5734375 0.7984375 0.5765625 0.834375 0.5734375 0.8375 0.5703125 0.8359375 0.5703125 0.8171875 0.5671875 0.8078125 0.5671875 0.7875 0.5734375 0.771875 0.5703125 0.7578125 0.5734375 0.7515625 0.5734375 0.73125 0.5765625 0.721875 0.575 0.70625 0.5765625 0.7046875
1 0.834375 0.6859375 0.8375 0.6875 0.8375 0.7015625 0.840625 0.7109375 0.846875 0.7203125 0.84375 0.7390625 0.8453125 0.765625 0.8484375 0.76875 0.8640625 0.771875 0.865625 0.778125 0.846875 0.7765625 0.84375 0.7734375 0.834375 0.771875 0.8296875 0.778125 0.825 0.8109375 0.8140625 0.8109375 0.8140625 0.8078125 0.821875 0.8 0.8265625 0.7625 0.83125 0.7515625 0.83125 0.7078125 0.8328125 0.70625 0.8296875 0.6984375 0.8296875 0.6890625 0.8328125 0.6875
1 0.2953125 0.4296875 0.2984375 0.43125 0.3015625 0.4453125 0.3015625 0.4734375 0.303125 0.475 0.303125 0.509375 0.2984375 0.5046875 0.2984375 0.4875 0.296875 0.4859375 0.29375 0.490625 0.29375 0.509375 0.290625 0.5078125 0.2921875 0.4796875 0.2890625 0.4703125 0.2890625 0.45 0.2953125 0.43125
1 0.5390625 0.44453125 0.01171875 0.071875
1 0.1828125 0.325 0.1859375 0.3265625 0.1890625 0.334375 0.1921875 0.35 0.1921875 0.384375 0.1875 0.3890625 0.184375 0.3890625 0.1828125 0.3640625 0.1796875 0.3515625 0.1796875 0.3359375 0.1828125 0.3265625