0 0.646875 0.5 0.6484375 0.5015625 0.646875 0.5125 0.6421875 0.5109375 0.6421875 0.5015625 0.6453125 0.5
1 0.609375 0.48125 0.6125 0.4828125 0.6171875 0.5 0.609375 0.5140625 0.6078125 0.53125 0.6 0.55 0.5984375 0.5515625 0.5953125 0.55 0.6 0.5046875 0.59375 0.5015625 0.609375 0.4828125
1 0.61875 0.5 0.628125 0.4921875 0.63125 0.49375 0.63125 0.503125 0.6265625 0.515625 0.628125 0.540625 0.625 0.54375 0.6234375 0.5421875 0.61875 0.54375 0.6125 0.5671875 0.609375 0.5625 0.6140625 0.54375 0.6140625 0.5359375 0.6109375 0.53125 0.6109375 0.515625 0.61875 0.5015625
1 0.3109375 0.378125 0.3140625 0.3796875 0.3171875 0.39375 0.3171875 0.415625 0.31875 0.4171875 0.3171875 0.4453125 0.3140625 0.440625 0.30625 0.440625 0.3046875 0.44375 0.3015625 0.44375 0.3015625 0.4375 0.3109375 0.4328125 0.3078125 0.4015625 0.3078125 0.38125 0.309375 0.3796875
1 0.2484375 0.5453125 0.25 0.5484375 0.2484375 0.553125 0.25 0.5859375 0.246875 0.5890625 0.24375 0.603125 0.2421875 0.6125 0.24375 0.6265625 0.240625 0.6296875 0.2375 0.628125 0.2375 0.609375 0.234375 0.60625 0.2265625 0.6234375 0.2203125 0.6296875 0.2203125 0.621875 0.23125 0.6 0.23125 0.590625 0.234375 0.58125 0.234375 0.5640625 0.2390625 0.553125 0.246875 0.5453125
1 0.678125 0.4390625 0.68125 0.4421875 0.6921875 0.4734375 0.6953125 0.4765625 0.69375 0.5 0.6921875 0.5015625 0.6890625 0.4953125 0.6890625 0.4875 0.6796875 0.475 0.675 0.475 0.671875 0.478125 0.66875 0.484375 0.6671875 0.4984375 0.6640625 0.4953125 0.665625 0.49375 0.6640625 0.475 0.6765625 0.440625
1 0.209375 0.3640625 0.2125 0.365625 0.215625 0.3828125 0.2234375 0.396875 0.2234375 0.3984375 0.21875 0.3984375 0.2171875 0.3953125 0.2140625 0.396875 0.2125 0.415625 0.2171875 0.45 0.20625 0.446875 0.2046875 0.4421875 0.20625 0.4203125 0.203125 0.4109375 0.2015625 0.3875 0.203125 0.3765625 0.209375 0.365625
1 0.5875 0.5375 0.59375 0.5390625 0.59375 0.5453125 0.596875 0.55 0.596875 0.603125 0.59375 0.615625 0.59375 0.6296875 0.590625 0.6296875 0.590625 0.609375 0.5875 0.6078125 0.5828125 0.63125 0.578125 0.63125 0.584375 0.6 0.5828125 0.55625 0.5875 0.5484375 0.5875 0.5390625
1 0.0359375 0.525 0.040625 0.5265625 0.040625 0.5421875 0.0453125 0.553125 0.04375 0.571875 0.046875 0.5796875 0.05 0.60625 0.0546875 0.6125 0.0546875 0.615625 0.05 0.6171875 0.046875 0.6140625 0.0453125 0.6 0.0421875 0.5984375 0.0390625 0.6015625 0.0390625 0.6140625 0.0375 0.615625 0.0328125 0.6140625 0.0359375 0.596875 0.0359375 0.578125 0.0328125 0.5578125 0.0359375 0.5265625
1 0.3140625 0.45 0.3171875 0.45 0.3171875 0.4609375 0.3140625 0.4703125 0.3171875 0.5546875 0.309375 0.553125 0.303125 0.55625 0.3015625 0.553125 0.3015625 0.546875 0.30625 0.534375 0.30625 0.4765625 0.3140625 0.4515625
1 0.5140625 0.5453125 0.5171875 0.5265625 0.515625 0.48125 0.525 0.465625 0.5265625 0.465625 0.5265625 0.509375 0.528125 0.5109375 0.5265625 0.5421875 0.525 0.55 0.5203125 0.5484375 0.51875 0.5421875 0.515625 0.5453125
1 0.3 0.6625 0.3046875 0.6640625 0.3046875 0.709375 0.3078125 0.7125 0.3078125 0.7171875 0.303125 0.71875 0.3 0.7171875 0.2890625 0.728125 0.2828125 0.71875 0.278125 0.7234375 0.26875 0.725 0.2578125 0.7234375 0.2578125 0.7203125 0.2703125 0.715625 0.2765625 0.709375 0.2828125 0.690625 0.296875 0.6734375 0.3 0.6640625
2 0.159375 0.6421875 0.1546875 0.615625 0.15 0.6109375 0.146875 0.6109375 0.14375 0.615625 0.14375 0.621875 0.1390625 0.6328125 0.1390625 0.64375 0.1359375 0.6484375 0.1359375 0.628125 0.140625 0.609375 0.140625 0.5625 0.146875 0.5453125 0.1515625 0.5453125 0.153125 0.5484375 0.153125 0.5875 0.159375 0.6265625 0.1640625 0.6359375 0.1640625 0.640625 0.1609375 0.6421875