1 0.3953125 0.54375 0.4015625 0.540625 0.40625 0.534375 0.409375 0.5359375 0.4109375 0.540625 0.4078125 0.5515625 0.4046875 0.5890625 0.4 0.6015625 0.4015625 0.6078125 0.396875 0.6078125 0.3953125 0.60625 0.396875 0.5984375 0.3953125 0.5875 0.3984375 0.5828125 0.3953125 0.571875 0.396875 0.5453125
1 0.48125 0.4796875 0.4828125 0.4640625 0.4859375 0.45625 0.4859375 0.4296875 0.4875 0.425 0.490625 0.4234375 0.496875 0.434375 0.4953125 0.465625 0.4921875 0.46875 0.4890625 0.4859375 0.4828125 0.48125
1 0.4421875 0.6375 0.440625 0.6296875 0.43125 0.6203125 0.43125 0.6171875 0.425 0.6140625 0.4203125 0.6265625 0.4203125 0.6359375 0.41875 0.6390625 0.4140625 0.6390625 0.4234375 0.59375 0.4265625 0.5640625 0.4296875 0.565625 0.4328125 0.6078125 0.4390625 0.6234375 0.44375 0.628125 0.44375 0.6375
1 0.4765625 0.534375 0.484375 0.5484375 0.4859375 0.571875 0.4828125 0.571875 0.4796875 0.5671875 0.4671875 0.5609375 0.4703125 0.55 0.46875 0.5453125 0.475 0.5359375
1 0.4703125 0.5609375 0.4765625 0.56875 0.478125 0.590625 0.4765625 0.5921875 0.4765625 0.6078125 0.4671875 0.6171875 0.4671875 0.621875 0.4640625 0.6234375 0.4640625 0.5875 0.4625 0.5859375 0.4640625 0.58125 0.4625 0.578125 0.4640625 0.56875 0.46875 0.5625
1 0.6203125 0.3546875 0.625 0.35625 0.6296875 0.371875 0.625 0.3859375 0.625 0.4109375 0.6234375 0.415625 0.6203125 0.4140625 0.6203125 0.3984375 0.6171875 0.3796875 0.6203125 0.35625
1 0.4765625 0.534375 0.484375 0.5484375 0.4859375 0.571875 0.484375 0.5734375 0.4796875 0.5671875 0.4765625 0.5671875 0.46875 0.559375 0.4703125 0.553125 0.46875 0.5453125 0.475 0.5359375
1 0.915625 0.4796875 0.9203125 0.484375 0.9234375 0.496875 0.9234375 0.50625 0.9203125 0.5171875 0.921875 0.528125 0.9296875 0.5359375 0.93125 0.5421875 0.9296875 0.5453125 0.921875 0.5328125 0.9140625 0.5328125 0.9078125 0.546875 0.9015625 0.5484375 0.909375 0.5296875 0.9125 0.4890625 0.915625 0.48125
1 0.809375 0.475 0.8125 0.475 0.815625 0.4859375 0.8140625 0.5140625 0.8203125 0.53125 0.8203125 0.540625 0.81875 0.540625 0.8171875 0.5328125 0.8125 0.528125 0.80625 0.5296875 0.8046875 0.528125 0.80625 0.4890625 0.809375 0.4765625
1 0.7421875 0.403125 0.746875 0.40625 0.7484375 0.4125 0.746875 0.4375 0.75625 0.4515625 0.75625 0.45625 0.7546875 0.45625 0.740625 0.4421875 0.7375 0.4484375 0.7375 0.459375 0.7328125 0.459375 0.7328125 0.4484375 0.7375 0.434375 0.7375 0.421875 0.7421875 0.4046875
1 0.43125 0.46875 0.4390625 0.4828125 0.4390625 0.503125 0.4359375 0.5140625 0.4390625 0.5234375 0.4390625 0.5328125 0.4375 0.534375 0.434375 0.53125 0.4296875 0.5140625 0.4296875 0.5015625 0.4265625 0.4890625 0.4265625 0.4765625 0.4296875 0.4703125
1 0.2265625 0.3640625 0.2296875 0.3671875 0.2296875 0.396875 0.228125 0.3984375 0.2296875 0.4078125 0.2265625 0.4078125 0.221875 0.415625 0.2203125 0.4109375 0.21875 0.3734375 0.225 0.365625
1 0.8890625 0.8140625 0.8921875 0.8171875 0.8921875 0.8296875 0.8984375 0.8375 0.9 0.846875 0.9 0.853125 0.896875 0.8578125 0.9 0.903125 0.8984375 0.9046875 0.89375 0.903125 0.89375 0.890625 0.8890625 0.8875 0.8859375 0.8921875 0.8859375 0.903125 0.88125 0.9046875 0.88125 0.8703125 0.8828125 0.86875 0.88125 0.8359375 0.8859375 0.8234375 0.8859375 0.815625 0.8875 0.815625
1 0.496875 0.4671875 0.503125 0.4765625 0.503125 0.4984375 0.5109375 0.50625 0.503125 0.50625 0.5 0.509375 0.5 0.515625 0.4984375 0.5171875 0.4953125 0.515625 0.49375 0.50625 0.49375 0.471875 0.4953125 0.46875
2 0.6921875 0.496875 0.6953125 0.496875 0.6953125 0.5015625 0.6984375 0.50625 0.6984375 0.5265625 0.6921875 0.54375 0.696875 0.565625 0.6890625 0.55625 0.6859375 0.5578125 0.6828125 0.5640625 0.68125 0.5625 0.6875 0.5390625 0.6875 0.515625 0.6921875 0.4984375