0 0.45625 0.4671875 0.4578125 0.4765625 0.45625 0.478125 0.4546875 0.4765625 0.4546875 0.46875
1 0.66875 0.471875 0.6734375 0.478125 0.671875 0.5234375 0.6703125 0.528125 0.6671875 0.5296875 0.6671875 0.478125 0.66875 0.4734375
1 0.625 0.5125 0.628125 0.5140625 0.63125 0.521875 0.63125 0.5484375 0.6296875 0.55 0.63125 0.5609375 0.6296875 0.5703125 0.6265625 0.571875 0.625 0.56875 0.625 0.5140625
1 0.559375 0.6484375 0.01796875 0.06953125
1 0.45625 0.46875 0.459375 0.478125 0.4625 0.5046875 0.46875 0.5171875 0.4703125 0.525 0.46875 0.5296875 0.465625 0.528125 0.4640625 0.5203125 0.459375 0.5171875 0.45625 0.51875 0.4546875 0.5140625 0.4515625 0.4859375 0.4546875 0.4703125
1 0.578125 0.5390625 0.58125 0.5390625 0.58125 0.54375 0.5859375 0.55 0.5875 0.5578125 0.584375 0.5703125 0.584375 0.5953125 0.5828125 0.5984375 0.5765625 0.596875 0.5765625 0.575 0.5734375 0.5578125 0.578125 0.540625
1 0.4296875 0.4625 0.4328125 0.45625 0.4328125 0.425 0.4375 0.4203125 0.4421875 0.4328125 0.440625 0.4453125 0.44375 0.4640625 0.440625 0.4625 0.4390625 0.45625 0.4359375 0.45625 0.43125 0.4640625
1 0.3109375 0.503125 0.3140625 0.5140625 0.3140625 0.54375 0.3109375 0.5625 0.3046875 0.55625 0.30625 0.5375 0.303125 0.5234375 0.3046875 0.5125 0.309375 0.5046875
1 0.475 0.475 0.478125 0.484375 0.4765625 0.4921875 0.478125 0.51875 0.475 0.5328125 0.4703125 0.5328125 0.471875 0.5125 0.46875 0.5046875 0.46875 0.4859375 0.4703125 0.4765625 0.4734375 0.475
1 0.275 0.6234375 0.2765625 0.575 0.28125 0.5640625 0.2875 0.575 0.2875 0.59375 0.2890625 0.60625 0.2921875 0.6125 0.2921875 0.6234375 0.2890625 0.621875 0.2875 0.6125 0.2828125 0.60625 0.2796875 0.609375 0.2765625 0.6234375
1 0.521875 0.5828125 0.525 0.5921875 0.525 0.6046875 0.521875 0.61875 0.5234375 0.6375 0.5203125 0.6390625 0.515625 0.6359375 0.515625 0.5921875 0.5203125 0.584375
1 0.43125 0.5296875 0.4328125 0.5296875 0.4375 0.5453125 0.4328125 0.56875 0.4328125 0.59375 0.43125 0.59375 0.4296875 0.578125 0.4265625 0.571875 0.4265625 0.5515625 0.425 0.55 0.4265625 0.5390625 0.43125 0.53125
1 0.7515625 0.5921875 0.75 0.584375 0.746875 0.5828125 0.7421875 0.5953125 0.740625 0.596875 0.7390625 0.5953125 0.7421875 0.5828125 0.740625 0.534375 0.74375 0.5328125 0.7484375 0.5390625 0.7515625 0.55 0.75 0.571875 0.753125 0.590625
1 0.4375 0.4875 0.4453125 0.4984375 0.4453125 0.515625 0.446875 0.5171875 0.4453125 0.5296875 0.4421875 0.5234375 0.4359375 0.525 0.4375 0.5125 0.4359375 0.4890625
1 0.5265625 0.4640625 0.53125 0.471875 0.53125 0.5140625 0.5296875 0.515625 0.528125 0.5140625 0.528125 0.5078125 0.525 0.5046875 0.5234375 0.5140625 0.521875 0.515625 0.5203125 0.5140625 0.5234375 0.471875 0.5265625 0.465625
1 0.2703125 0.5375 0.2734375 0.5375 0.2796875 0.5609375 0.2734375 0.58125 0.2734375 0.59375 0.26875 0.5890625 0.26875 0.565625 0.265625 0.5609375 0.265625 0.55 0.26875 0.546875 0.2703125 0.5390625
1 0.4125 0.4828125 0.41875 0.4953125 0.415625 0.5125 0.415625 0.5359375 0.4125 0.5328125 0.4109375 0.5234375 0.4046875 0.53125 0.4078125 0.5140625 0.4078125 0.490625 0.4109375 0.484375
1 0.4375 0.590625 0.440625 0.59375 0.4453125 0.609375 0.440625 0.6296875 0.4390625 0.6546875 0.4359375 0.6421875 0.4296875 0.6484375 0.4328125 0.6296875 0.4328125 0.6015625 0.4375 0.5921875
1 0.5859375 0.421875 0.5875 0.421875 0.590625 0.434375 0.5875 0.4671875 0.584375 0.4671875 0.58125 0.4625 0.58125 0.434375 0.5859375 0.4234375
1 0.70625 0.4671875 0.709375 0.4703125 0.7109375 0.478125 0.7109375 0.5203125 0.7125 0.521875 0.7109375 0.528125 0.7078125 0.528125 0.70625 0.525 0.70625 0.5 0.703125 0.490625 0.70625 0.46875
2 0.45625 0.5203125 0.465625 0.525 0.4625 0.5453125 0.4640625 0.5734375 0.459375 0.5640625 0.45625 0.5734375 0.4546875 0.55 0.4515625 0.5421875 0.4515625 0.5296875 0.45625 0.521875