0 0.5354629629629629 0.6728472222222223 0.007112268518518494 0.011249999999999982
1 0.3109375 0.771875 0.3125 0.7515625 0.3046875 0.740625 0.3015625 0.728125 0.3015625 0.7015625 0.3046875 0.6921875 0.3078125 0.69375 0.3078125 0.709375 0.3140625 0.71875 0.3125 0.728125 0.315625 0.734375 0.3171875 0.746875 0.3171875 0.771875 0.3140625 0.7734375 0.3125 0.771875
1 0.5484375 0.425 0.5515625 0.425 0.5515625 0.44375 0.553125 0.4453125 0.553125 0.4625 0.55 0.48125 0.5484375 0.4828125 0.54375 0.48125 0.546875 0.4703125 0.5453125 0.4359375 0.5484375 0.4265625
1 0.4703125 0.4265625 0.4703125 0.4203125 0.478125 0.4140625 0.4796875 0.40625 0.478125 0.4046875 0.478125 0.3890625 0.48125 0.38125 0.4859375 0.3765625 0.4890625 0.3859375 0.4875 0.4359375 0.484375 0.43125 0.484375 0.421875 0.48125 0.4171875 0.4703125 0.428125
1 0.5125 0.4515625 0.5171875 0.453125 0.5171875 0.4625 0.5203125 0.4734375 0.5203125 0.490625 0.5265625 0.5046875 0.5203125 0.50625 0.51875 0.503125 0.5203125 0.5 0.5140625 0.4921875 0.5015625 0.5015625 0.5015625 0.49375 0.5078125 0.4875 0.50625 0.465625 0.5125 0.453125
1 0.365625 0.575 0.36875 0.603125 0.3640625 0.6078125 0.3640625 0.6234375 0.3578125 0.653125 0.3546875 0.65 0.3546875 0.628125 0.35 0.621875 0.3546875 0.615625 0.35625 0.59375 0.359375 0.590625 0.3640625 0.5765625
1 0.36875 0.4265625 0.371875 0.4359375 0.371875 0.465625 0.36875 0.4796875 0.3671875 0.4796875 0.365625 0.4703125 0.3609375 0.465625 0.3609375 0.459375 0.365625 0.45 0.3671875 0.428125
1 0.5203125 0.609375 0.521875 0.621875 0.5265625 0.63125 0.53125 0.634375 0.53125 0.6375 0.528125 0.6375 0.5234375 0.6421875 0.525 0.6765625 0.5234375 0.678125 0.51875 0.675 0.5140625 0.6796875 0.5140625 0.6828125 0.509375 0.684375 0.509375 0.6796875 0.515625 0.665625 0.515625 0.646875 0.5109375 0.6375 0.5078125 0.640625 0.50625 0.6390625 0.509375 0.6265625 0.51875 0.6109375
1 0.025 0.440625 0.028125 0.44375 0.03125 0.4578125 0.0265625 0.503125 0.021875 0.5015625 0.0234375 0.4953125 0.01875 0.4875 0.01875 0.4828125 0.021875 0.4765625 0.021875 0.45 0.025 0.4421875
1 0.1 0.3984375 0.103125 0.4 0.1046875 0.40625 0.1046875 0.43125 0.1078125 0.4359375 0.1078125 0.4453125 0.1046875 0.44375 0.1046875 0.4375 0.1015625 0.434375 0.090625 0.4390625 0.0953125 0.4234375 0.0953125 0.4078125 0.1 0.4
1 0.390625 0.315625 0.39375 0.3171875 0.3953125 0.321875 0.3953125 0.3625 0.39375 0.365625 0.390625 0.35625 0.3828125 0.3515625 0.3828125 0.3484375 0.3875 0.3453125 0.3875 0.3265625 0.390625 0.3171875
1 0.1578125 0.440625 0.1609375 0.45 0.159375 0.4953125 0.15625 0.496875 0.15625 0.4890625 0.153125 0.4828125 0.15625 0.4421875
1 0.621875 0.575 0.61875 0.5703125 0.6171875 0.5609375 0.6140625 0.559375 0.6046875 0.5796875 0.60625 0.584375 0.6046875 0.5875 0.6015625 0.5859375 0.6015625 0.5796875 0.60625 0.5671875 0.60625 0.5390625 0.6109375 0.528125 0.615625 0.525 0.61875 0.5328125 0.6171875 0.55 0.6234375 0.5734375
1 0.8109375 0.3359375 0.8171875 0.3421875 0.81875 0.3625 0.821875 0.365625 0.825 0.378125 0.821875 0.378125 0.8140625 0.3671875 0.809375 0.378125 0.8078125 0.3796875 0.80625 0.378125 0.8078125 0.375 0.80625 0.3421875 0.809375 0.3375
2 0.2125 0.515625 0.2234375 0.50625 0.2234375 0.4828125 0.228125 0.46875 0.23125 0.4671875 0.2328125 0.46875 0.2328125 0.5 0.2390625 0.5234375 0.2390625 0.528125 0.2359375 0.528125 0.2328125 0.5125 0.2296875 0.509375 0.21875 0.51875 0.2140625 0.5203125 0.2125 0.5171875