1 0.2140625 0.65 0.2203125 0.678125 0.215625 0.6875 0.2125 0.7078125 0.2015625 0.725 0.2015625 0.728125 0.2 0.7296875 0.1984375 0.728125 0.1984375 0.71875 0.20625 0.7015625 0.2046875 0.6703125 0.2109375 0.6609375 0.2125 0.6515625
1 0.496875 0.45 0.5 0.45 0.5078125 0.465625 0.50625 0.48125 0.5015625 0.4890625 0.5015625 0.50625 0.4984375 0.5109375 0.4953125 0.509375 0.4953125 0.453125 0.496875 0.4515625
1 0.2234375 0.44375 0.2234375 0.4359375 0.2265625 0.43125 0.228125 0.3921875 0.23125 0.390625 0.2328125 0.3953125 0.234375 0.41875 0.2375 0.4296875 0.2375 0.446875 0.234375 0.44375 0.234375 0.4375 0.23125 0.4328125 0.228125 0.434375 0.2265625 0.4421875 0.2234375 0.4453125
1 0.3765625 0.4359375 0.3765625 0.43125 0.384375 0.41875 0.390625 0.4296875 0.3921875 0.446875 0.384375 0.45 0.378125 0.4359375
1 0.5734375 0.525 0.5765625 0.4984375 0.5734375 0.4859375 0.5796875 0.46875 0.5875 0.4828125 0.5859375 0.509375 0.590625 0.5171875 0.5921875 0.5265625 0.58125 0.5109375 0.578125 0.5140625 0.575 0.525
1 0.659375 0.625 0.665625 0.6453125 0.665625 0.6734375 0.671875 0.6921875 0.6671875 0.690625 0.665625 0.6828125 0.6609375 0.6765625 0.6578125 0.690625 0.6546875 0.6890625 0.653125 0.653125 0.65 0.65 0.6484375 0.6515625 0.6421875 0.65 0.6421875 0.6453125 0.653125 0.6359375 0.6546875 0.6265625 0.6578125 0.625
1 0.43125 0.575 0.4328125 0.5640625 0.428125 0.55625 0.4234375 0.5390625 0.425 0.5265625 0.428125 0.5203125 0.43125 0.51875 0.4390625 0.5375 0.4359375 0.55 0.440625 0.55625 0.4390625 0.5765625 0.4359375 0.5796875 0.4328125 0.5765625
1 0.1078125 0.4625 0.1109375 0.4625 0.1171875 0.48125 0.1140625 0.4875 0.1140625 0.4984375 0.11875 0.525 0.11875 0.5296875 0.1140625 0.528125 0.1125 0.5171875 0.109375 0.5125 0.10625 0.51875 0.10625 0.5265625 0.1046875 0.528125 0.1015625 0.525 0.10625 0.50625 0.103125 0.48125 0.1078125 0.4640625
1 0.4375 0.4796875 0.440625 0.4890625 0.440625 0.509375 0.44375 0.53125 0.4421875 0.5421875 0.4390625 0.540625 0.4390625 0.534375 0.4328125 0.521875 0.4328125 0.4953125 0.4359375 0.48125
1 0.3765625 0.434375 0.3796875 0.434375 0.384375 0.4453125 0.38125 0.478125 0.3828125 0.4875 0.3796875 0.4890625 0.3734375 0.4828125 0.3671875 0.4859375 0.3671875 0.478125 0.371875 0.46875 0.371875 0.4484375 0.3765625 0.4359375
1 0.328125 0.4078125 0.33125 0.4078125 0.33125 0.4421875 0.3234375 0.4609375 0.3234375 0.4671875 0.31875 0.465625 0.321875 0.453125 0.321875 0.4328125 0.328125 0.409375
1 0.459375 0.4421875 0.4578125 0.434375 0.453125 0.4296875 0.45 0.434375 0.45 0.4421875 0.4484375 0.4453125 0.446875 0.44375 0.446875 0.409375 0.4453125 0.4078125 0.4453125 0.4 0.4515625 0.3890625 0.4546875 0.390625 0.4578125 0.3984375 0.4578125 0.4234375 0.4609375 0.434375 0.459375 0.44375
1 0.0984375 0.353125 0.1015625 0.3578125 0.10625 0.3765625 0.103125 0.4140625 0.1 0.4140625 0.0984375 0.3953125 0.09375 0.3796875 0.09375 0.365625 0.096875 0.3546875
1 0.459375 0.4421875 0.45625 0.4171875 0.4578125 0.4 0.453125 0.390625 0.4546875 0.3828125 0.459375 0.3890625 0.4609375 0.396875 0.4609375 0.428125 0.4625 0.4296875 0.4625 0.4421875 0.4609375 0.4421875
1 0.7140625 0.4078125 0.7171875 0.4078125 0.721875 0.4140625 0.725 0.4265625 0.7234375 0.46875 0.721875 0.4703125 0.715625 0.46875 0.7140625 0.4390625 0.7109375 0.4328125 0.7109375 0.41875 0.7140625 0.409375
2 0.2859375 0.4515625 0.2890625 0.4625 0.290625 0.5 0.2953125 0.5203125 0.2921875 0.521875 0.290625 0.5125 0.2859375 0.503125 0.2828125 0.50625 0.28125 0.51875 0.2796875 0.521875 0.278125 0.51875 0.28125 0.5 0.28125 0.4625 0.284375 0.453125
0 0.4125 0.30625 0.4140625 0.2984375 0.4171875 0.3 0.4140625 0.30625