1 0.403125 0.44375 0.40625 0.4453125 0.4140625 0.4625 0.4140625 0.4734375 0.4109375 0.4828125 0.4125 0.5390625 0.4109375 0.5421875 0.409375 0.540625 0.4078125 0.515625 0.403125 0.5109375 0.4 0.515625 0.396875 0.5359375 0.39375 0.5453125 0.3921875 0.54375 0.3984375 0.496875 0.396875 0.4609375 0.4015625 0.453125 0.403125 0.4453125
1 0.546875 0.43125 0.55 0.43125 0.5546875 0.44375 0.5578125 0.46875 0.5578125 0.509375 0.559375 0.5109375 0.55625 0.5140625 0.553125 0.509375 0.553125 0.503125 0.55 0.496875 0.55 0.4828125 0.54375 0.46875 0.5390625 0.4484375 0.5390625 0.4421875 0.546875 0.4328125
1 0.5046875 0.540625 0.509375 0.5421875 0.5140625 0.5578125 0.5140625 0.58125 0.515625 0.5828125 0.5140625 0.596875 0.515625 0.646875 0.5140625 0.6484375 0.509375 0.646875 0.509375 0.63125 0.5046875 0.6109375 0.50625 0.584375 0.503125 0.5765625 0.4984375 0.575 0.4953125 0.5703125 0.4953125 0.5625 0.503125 0.5609375 0.503125 0.54375 0.5046875 0.5421875
1 0.61875 0.425 0.628125 0.45 0.628125 0.4609375 0.6203125 0.4578125 0.6140625 0.446875 0.60625 0.44375 0.6015625 0.4390625 0.6015625 0.4359375 0.6125 0.425 0.6171875 0.425
1 0.5875 0.7265625 0.5890625 0.740625 0.596875 0.7515625 0.5953125 0.80625 0.596875 0.8078125 0.5984375 0.8421875 0.5953125 0.84375 0.5921875 0.8296875 0.5921875 0.8140625 0.5875 0.809375 0.584375 0.8125 0.5828125 0.8203125 0.5828125 0.8421875 0.5765625 0.84375 0.578125 0.8359375 0.5765625 0.759375 0.578125 0.75 0.5828125 0.7421875 0.5828125 0.728125 0.5859375 0.7265625
1 0.4328125 0.25859375 0.01484375 0.078125
1 0.0984375 0.615625 0.109375 0.6203125 0.1125 0.6359375 0.1125 0.6734375 0.109375 0.678125 0.109375 0.7015625 0.1125 0.709375 0.1140625 0.728125 0.1109375 0.7296875 0.1046875 0.7203125 0.1046875 0.7015625 0.103125 0.6875 0.1 0.68125 0.0984375 0.6578125 0.0921875 0.646875 0.0921875 0.625 0.09375 0.61875 0.096875 0.6171875
1 0.5625 0.725 0.559375 0.7109375 0.55625 0.7296875 0.55 0.73125 0.5515625 0.725 0.5515625 0.7 0.55 0.6984375 0.5515625 0.6484375 0.5453125 0.634375 0.5453125 0.6265625 0.55625 0.6125 0.5609375 0.6125 0.5640625 0.61875 0.5625 0.621875 0.5640625 0.6328125 0.5625 0.69375 0.5671875 0.7140625 0.5671875 0.725 0.5640625 0.725
1 0.325 0.640625 0.3265625 0.6484375 0.334375 0.6609375 0.3359375 0.6703125 0.33125 0.7140625 0.3390625 0.7375 0.325 0.7515625 0.3203125 0.7484375 0.325 0.7359375 0.321875 0.68125 0.31875 0.678125 0.3140625 0.6796875 0.3203125 0.6625 0.3203125 0.6421875 0.3234375 0.640625
1 0.490625 0.5234375 0.490625 0.496875 0.4875 0.4875 0.4875 0.465625 0.4953125 0.43125 0.4984375 0.4328125 0.4984375 0.4390625 0.5078125 0.4546875 0.5078125 0.4703125 0.5046875 0.4765625 0.503125 0.5328125 0.5 0.5359375 0.5 0.503125 0.496875 0.5 0.49375 0.503125 0.4921875 0.5234375
1 0.48125 0.4984375 0.4859375 0.5 0.4859375 0.5109375 0.490625 0.521875 0.490625 0.5671875 0.4953125 0.5890625 0.4953125 0.5984375 0.49375 0.5984375 0.4875 0.5765625 0.484375 0.5828125 0.484375 0.603125 0.4796875 0.6015625 0.48125 0.5921875 0.478125 0.5734375 0.4765625 0.5171875 0.48125 0.509375 0.4796875 0.5046875 0.48125 0.5
1 0.0953125 0.6203125 0.090625 0.6125 0.0921875 0.6015625 0.096875 0.6 0.1015625 0.5921875 0.10625 0.5921875 0.1109375 0.6 0.109375 0.6140625 0.1109375 0.6203125 0.109375 0.621875 0.1046875 0.6171875 0.096875 0.61875
1 0.5859375 0.553125 0.5921875 0.575 0.5921875 0.6453125 0.59375 0.646875 0.59375 0.6609375 0.5859375 0.665625 0.578125 0.665625 0.578125 0.6625 0.58125 0.6609375 0.5828125 0.65 0.58125 0.6484375 0.5828125 0.6109375 0.578125 0.6015625 0.5828125 0.59375 0.58125 0.5546875 0.584375 0.553125
1 0.54140625 0.45078125 0.015625 0.09296875
1 0.40625 0.621875 0.4125 0.675 0.4109375 0.68125 0.4078125 0.6640625 0.40625 0.659375 0.403125 0.6578125 0.3984375 0.6625 0.39375 0.678125 0.371875 0.6890625 0.36875 0.6859375 0.378125 0.6734375 0.3796875 0.6640625 0.3828125 0.6609375 0.3890625 0.6421875 0.4 0.628125 0.4 0.625 0.4046875 0.621875
2 0.0875 0.5140625 0.090625 0.515625 0.09375 0.5375 0.09375 0.58125 0.0890625 0.5953125 0.090625 0.6 0.0875 0.60625 0.0890625 0.625 0.0859375 0.628125 0.0828125 0.625 0.084375 0.575 0.08125 0.5625 0.08125 0.5375 0.0859375 0.515625