0 0.534375 0.603125 0.5375 0.6046875 0.5375 0.6109375 0.5328125 0.6109375 0.534375 0.6046875
2 0.621875 0.5265625 0.6296875 0.540625 0.628125 0.56875 0.6328125 0.58125 0.6328125 0.5890625 0.6265625 0.575 0.621875 0.5796875 0.621875 0.590625 0.61875 0.59375 0.6203125 0.528125
1 0.825 0.515625 0.83125 0.5296875 0.828125 0.5796875 0.8203125 0.5828125 0.821875 0.5546875 0.81875 0.5359375 0.8234375 0.5171875
1 0.3359375 0.8265625 0.34375 0.846875 0.3390625 0.9109375 0.3359375 0.9109375 0.33125 0.903125 0.33125 0.8625 0.328125 0.85625 0.328125 0.8453125 0.334375 0.828125
1 0.6546875 0.4890625 0.65 0.4859375 0.646875 0.490625 0.646875 0.503125 0.65 0.509375 0.6421875 0.5125 0.640625 0.5234375 0.6375 0.525 0.640625 0.49375 0.6390625 0.4859375 0.640625 0.4671875 0.64375 0.465625 0.6515625 0.4765625 0.6546875 0.4875
1 0.5921875 0.6625 0.5984375 0.684375 0.5984375 0.7046875 0.5953125 0.7 0.59375 0.7015625 0.5890625 0.7171875 0.596875 0.7265625 0.5953125 0.7328125 0.5859375 0.7234375 0.5828125 0.7234375 0.58125 0.728125 0.578125 0.728125 0.5796875 0.7125 0.584375 0.6984375 0.58125 0.6890625 0.584375 0.6859375 0.590625 0.6640625
1 0.484375 0.5515625 0.4875 0.5515625 0.4953125 0.5609375 0.49375 0.6 0.490625 0.6 0.490625 0.5953125 0.4875 0.590625 0.484375 0.5953125 0.48125 0.5953125 0.484375 0.5734375 0.484375 0.553125
1 0.7203125 0.6125 0.725 0.6125 0.725 0.61875 0.7296875 0.6265625 0.73125 0.6359375 0.728125 0.6640625 0.7359375 0.68125 0.7359375 0.684375 0.734375 0.6859375 0.7328125 0.684375 0.73125 0.6765625 0.7234375 0.6671875 0.71875 0.675 0.7171875 0.6890625 0.715625 0.690625 0.7125 0.6890625 0.7171875 0.678125 0.7171875 0.6625 0.7203125 0.6515625 0.7203125 0.625 0.721875 0.6234375 0.7203125 0.6140625
1 0.43125 0.3828125 0.434375 0.390625 0.434375 0.40625 0.4296875 0.4296875 0.4265625 0.428125 0.4265625 0.4125 0.425 0.4109375 0.425 0.3875 0.4296875 0.3828125
1 0.2375 0.628125 0.2359375 0.6234375 0.2375 0.6203125 0.2375 0.575 0.24375 0.5625 0.2453125 0.5625 0.2453125 0.61875 0.2484375 0.63125 0.2390625 0.628125
1 0.3328125 0.50390625 0.01015625 0.0640625
1 0.521875 0.6 0.5265625 0.6 0.53125 0.6125 0.528125 0.6375 0.528125 0.659375 0.5265625 0.6609375 0.525 0.6578125 0.5265625 0.6546875 0.521875 0.646875 0.51875 0.65 0.5171875 0.6609375 0.5140625 0.6609375 0.5140625 0.6546875 0.5171875 0.6484375 0.515625 0.615625 0.521875 0.6015625
1 0.359375 0.6546875 0.3671875 0.6859375 0.3625 0.690625 0.359375 0.7078125 0.3609375 0.7203125 0.353125 0.7265625 0.3515625 0.7328125 0.35 0.721875 0.3546875 0.709375 0.3546875 0.69375 0.35 0.6828125 0.35 0.671875 0.3578125 0.65625
1 0.9734375 0.55625 0.978125 0.5671875 0.9765625 0.6296875 0.9703125 0.63125 0.971875 0.6140625 0.9703125 0.6125 0.96875 0.571875 0.9703125 0.5578125 0.971875 0.5578125
1 0.2125 0.625 0.2171875 0.6265625 0.215625 0.6640625 0.2140625 0.665625 0.2140625 0.690625 0.2171875 0.6984375 0.2140625 0.7015625 0.209375 0.7015625 0.2078125 0.6984375 0.209375 0.6734375 0.20625 0.6640625 0.2078125 0.6453125 0.2125 0.6265625
1 0.396875 0.490625 0.396875 0.48125 0.39375 0.475 0.390625 0.478125 0.390625 0.4890625 0.3875 0.49375 0.3875 0.45 0.3921875 0.4375 0.396875 0.446875 0.396875 0.4671875 0.4 0.48125 0.4 0.490625 0.3984375 0.490625
1 0.4921875 0.65 0.5015625 0.66875 0.5015625 0.6734375 0.4984375 0.6765625 0.4984375 0.7015625 0.50625 0.7203125 0.5046875 0.7296875 0.4984375 0.7125 0.49375 0.70625 0.490625 0.7109375 0.490625 0.7203125 0.4875 0.721875 0.4859375 0.71875 0.4859375 0.6921875 0.4890625 0.6859375 0.4890625 0.675 0.4859375 0.671875 0.4859375 0.665625 0.4875 0.6515625 0.490625 0.65
1 0.5046875 0.5921875 0.503125 0.575 0.4984375 0.5703125 0.4984375 0.5484375 0.5015625 0.5375 0.5078125 0.5328125 0.5109375 0.534375 0.5109375 0.540625 0.50625 0.55 0.5078125 0.565625 0.5078125 0.5921875 0.50625 0.5921875
1 0.49453125 0.384375 0.009375 0.053125
1 0.1453125 0.3828125 0.15 0.4 0.15 0.4078125 0.146875 0.4109375 0.146875 0.4328125 0.14375 0.4328125 0.1421875 0.4296875 0.1421875 0.4203125 0.1375 0.4 0.1390625 0.3875 0.14375 0.3828125
1 0.5046875 0.6359375 0.5015625 0.63125 0.5 0.6328125 0.4984375 0.64375 0.5 0.6609375 0.4984375 0.6625 0.490625 0.6484375 0.49375 0.60625 0.496875 0.603125 0.5 0.60625 0.5046875 0.621875 0.5046875 0.634375
1 0.9078125 0.4625 0.9109375 0.4625 0.9125 0.465625 0.9140625 0.503125 0.915625 0.5046875 0.915625 0.51875 0.9125 0.5171875 0.9125 0.5125 0.9078125 0.5078125 0.9046875 0.5140625 0.9 0.5171875 0.90625 0.4953125 0.9078125 0.4640625