0 0.5359375 0.5296875 0.5390625 0.53125 0.5375 0.5375 0.534375 0.5359375 0.5359375 0.53125
1 0.271875 0.7390625 0.271875 0.734375 0.2671875 0.7296875 0.2625 0.7296875 0.2609375 0.7234375 0.2671875 0.71875 0.26875 0.7 0.278125 0.6765625 0.28125 0.678125 0.2796875 0.69375 0.2828125 0.7015625 0.278125 0.70625 0.278125 0.7296875 0.2765625 0.7375 0.2734375 0.7390625
1 0.20625 0.4578125 0.2078125 0.459375 0.2078125 0.4984375 0.2046875 0.5109375 0.1953125 0.515625 0.1921875 0.5125 0.1984375 0.4921875 0.2 0.471875 0.2046875 0.459375
1 0.50625 0.5578125 0.509375 0.5484375 0.509375 0.5328125 0.5140625 0.528125 0.5171875 0.5171875 0.5203125 0.515625 0.5265625 0.528125 0.521875 0.5375 0.5171875 0.559375 0.5203125 0.56875 0.515625 0.5703125 0.5140625 0.565625 0.5078125 0.559375
1 0.39375 0.6625 0.396875 0.6609375 0.4 0.6625 0.4 0.6859375 0.396875 0.6921875 0.3953125 0.7140625 0.3890625 0.73125 0.3859375 0.73125 0.3828125 0.721875 0.3828125 0.7125 0.3875 0.7078125 0.3875 0.6734375 0.39375 0.6640625
1 0.3515625 0.5859375 0.3578125 0.575 0.359375 0.565625 0.3578125 0.54375 0.3640625 0.534375 0.36875 0.540625 0.3734375 0.5390625 0.375 0.5484375 0.3671875 0.55625 0.3671875 0.5734375 0.3640625 0.5828125 0.3640625 0.59375 0.3609375 0.59375 0.35625 0.5875 0.353125 0.5875
1 0.4671875 0.525 0.4703125 0.525 0.4703125 0.5578125 0.471875 0.559375 0.4703125 0.5734375 0.46875 0.575 0.4625 0.5734375 0.45625 0.5796875 0.4546875 0.578125 0.4546875 0.571875 0.459375 0.565625 0.4609375 0.5578125 0.4625 0.5375 0.4671875 0.5265625
1 0.2859375 0.3875 0.2890625 0.3875 0.290625 0.4359375 0.2828125 0.434375 0.2796875 0.43125 0.2828125 0.4140625 0.2828125 0.396875 0.2859375 0.3890625
1 0.10625 0.9375 0.109375 0.9359375 0.125 0.9375 0.125 0.9453125 0.1171875 0.9671875 0.11875 0.9734375 0.115625 0.9765625 0.109375 0.9734375 0.1140625 0.9609375 0.1125 0.9515625 0.103125 0.9640625 0.1015625 0.975 0.0984375 0.978125 0.0953125 0.978125 0.0953125 0.96875 0.10625 0.9484375 0.10625 0.9390625
1 0.11875 0.575 0.1234375 0.5640625 0.1234375 0.5453125 0.1265625 0.528125 0.1296875 0.51875 0.1328125 0.5171875 0.1359375 0.5609375 0.13125 0.571875 0.121875 0.578125 0.1203125 0.5765625
1 0.134375 0.6375 0.1375 0.6375 0.1390625 0.646875 0.14375 0.65625 0.14375 0.6796875 0.1390625 0.6859375 0.1390625 0.7 0.1421875 0.7125 0.140625 0.715625 0.1375 0.715625 0.1359375 0.709375 0.128125 0.703125 0.1328125 0.69375 0.1296875 0.671875 0.1296875 0.65 0.1328125 0.646875 0.134375 0.6390625
1 0.2890625 0.628125 0.01796875 0.065625
1 0.775 0.540625 0.01484375 0.0625
1 0.0453125 0.60625 0.0484375 0.60625 0.046875 0.6734375 0.0421875 0.675 0.0328125 0.6703125 0.0375 0.6578125 0.0390625 0.6203125 0.0453125 0.6078125
1 0.1953125 0.403125 0.1984375 0.403125 0.2015625 0.4359375 0.2046875 0.4421875 0.2046875 0.4484375 0.2015625 0.4484375 0.196875 0.440625 0.19375 0.44375 0.19375 0.45 0.1921875 0.4515625 0.1890625 0.4484375 0.1953125 0.4046875
1 0.2640625 0.5234375 0.2671875 0.5234375 0.26875 0.5359375 0.2671875 0.5515625 0.26875 0.5859375 0.2640625 0.5859375 0.259375 0.5953125 0.2546875 0.5953125 0.253125 0.5921875 0.259375 0.58125 0.259375 0.5484375 0.2640625 0.525
1 0.671875 0.425 0.6765625 0.425 0.68125 0.440625 0.678125 0.4546875 0.68125 0.471875 0.6765625 0.471875 0.675 0.4640625 0.671875 0.4703125 0.6671875 0.471875 0.66875 0.434375 0.671875 0.4265625
1 0.609375 0.6015625 0.6125 0.6015625 0.6140625 0.6140625 0.6140625 0.6359375 0.6109375 0.64375 0.6109375 0.6578125 0.60625 0.665625 0.60625 0.671875 0.603125 0.671875 0.6 0.6625 0.6015625 0.653125 0.6046875 0.65 0.6015625 0.6359375 0.6015625 0.61875 0.609375 0.603125
1 0.41875 0.4625 0.421875 0.4625 0.4203125 0.5 0.415625 0.509375 0.4109375 0.5046875 0.409375 0.509375 0.4046875 0.5125 0.4046875 0.503125 0.409375 0.49375 0.4109375 0.4796875 0.41875 0.4640625
2 0.4140625 0.53515625 0.01796875 0.0515625