0 0.5203125 0.4640625 0.5234375 0.465625 0.521875 0.4734375 0.51875 0.471875 0.5203125 0.465625
1 0.30743055555555554 0.49833912037037037 0.011232638888888901 0.05943865740740737
1 0.35 0.509375 0.35 0.5421875 0.346875 0.56875 0.34375 0.5671875 0.3421875 0.5421875 0.34375 0.540625 0.34375 0.51875 0.3484375 0.5109375
1 0.41180555555555554 0.645173611111111 0.02105902777777775 0.06966435185185187
1 0.5203125 0.465625 0.5234375 0.4671875 0.525 0.4796875 0.521875 0.50625 0.51875 0.5140625 0.5171875 0.5125 0.5140625 0.5140625 0.50625 0.5265625 0.5046875 0.5234375 0.5078125 0.509375 0.5140625 0.5 0.5171875 0.475 0.5203125 0.4671875
1 0.39375 0.5359375 0.396875 0.5359375 0.396875 0.5453125 0.4 0.5546875 0.3984375 0.5703125 0.3953125 0.578125 0.3953125 0.59375 0.3890625 0.5953125 0.3875 0.5921875 0.3890625 0.5671875 0.3859375 0.5578125 0.3875 0.546875 0.39375 0.540625 0.39375 0.5375
1 0.5359375 0.4359375 0.5390625 0.4203125 0.54375 0.415625 0.546875 0.4203125 0.5453125 0.4515625 0.5484375 0.4578125 0.5453125 0.459375 0.54375 0.453125 0.5390625 0.4515625 0.5375 0.4578125 0.534375 0.459375 0.5375 0.4375
1 0.665625 0.4984375 0.66875 0.5015625 0.671875 0.5171875 0.6671875 0.540625 0.66875 0.546875 0.6671875 0.5546875 0.6625 0.5578125 0.6609375 0.553125 0.6609375 0.509375 0.6640625 0.5
1 0.5042013888888889 0.49922453703703706 0.013576388888888947 0.05945601851851858
1 0.690625 0.559375 0.69375 0.5609375 0.69375 0.565625 0.696875 0.5703125 0.6953125 0.61875 0.6921875 0.615625 0.6921875 0.6046875 0.6890625 0.6015625 0.6859375 0.603125 0.68125 0.6125 0.68125 0.6171875 0.6796875 0.61875 0.678125 0.6171875 0.678125 0.6109375 0.6828125 0.6 0.684375 0.575 0.690625 0.5609375
1 0.45 0.5796875 0.453125 0.58125 0.45625 0.5890625 0.4546875 0.6328125 0.45 0.6359375 0.446875 0.634375 0.4484375 0.6203125 0.446875 0.5890625 0.45 0.58125
1 0.5421875 0.525 0.5484375 0.5359375 0.546875 0.5671875 0.5421875 0.5765625 0.540625 0.5890625 0.5390625 0.5890625 0.540625 0.5640625 0.5359375 0.5421875 0.5390625 0.5390625 0.5390625 0.5328125 0.5421875 0.5265625
1 0.23125 0.53125 0.234375 0.5328125 0.2296875 0.5796875 0.2328125 0.59375 0.23125 0.5953125 0.2296875 0.59375 0.225 0.58125 0.221875 0.5828125 0.2203125 0.590625 0.21875 0.5890625 0.21875 0.5828125 0.2234375 0.5703125 0.221875 0.5484375 0.2265625 0.5375 0.23125 0.5328125
1 0.5390625 0.5203125 0.5328125 0.51875 0.5296875 0.525 0.528125 0.51875 0.53125 0.49375 0.5390625 0.4828125 0.540625 0.484375 0.540625 0.5015625 0.5375 0.50625 0.5390625 0.51875
1 0.45 0.4609375 0.4546875 0.46875 0.453125 0.484375 0.45625 0.50625 0.453125 0.5125 0.4515625 0.509375 0.453125 0.503125 0.45 0.5015625 0.446875 0.5109375 0.4453125 0.5125 0.44375 0.509375 0.4453125 0.471875 0.45 0.4625
1 0.7015625 0.5328125 0.7046875 0.5328125 0.70625 0.5375 0.7046875 0.540625 0.7078125 0.54375 0.7078125 0.55625 0.7046875 0.559375 0.703125 0.584375 0.6984375 0.5890625 0.6984375 0.5703125 0.69375 0.5609375 0.6953125 0.5484375 0.7015625 0.534375
1 0.5640625 0.478125 0.56875 0.4859375 0.5671875 0.509375 0.5703125 0.5265625 0.5640625 0.51875 0.5625 0.528125 0.559375 0.53125 0.559375 0.5078125 0.5578125 0.50625 0.559375 0.4921875 0.5578125 0.490625 0.5625 0.4796875
1 0.5328125 0.5859375 0.5390625 0.596875 0.5375 0.625 0.540625 0.6359375 0.540625 0.64375 0.5375 0.64375 0.534375 0.6375 0.53125 0.65 0.5296875 0.65 0.53125 0.64375 0.5265625 0.6046875 0.5328125 0.5875
1 0.3921875 0.41875 0.3984375 0.43125 0.396875 0.459375 0.39375 0.4640625 0.390625 0.4640625 0.3875 0.4359375 0.3921875 0.4203125
1 0.2700694444444444 0.4954918981481482 0.012934027777777768 0.06257523148148154
2 0.509375 0.56875 0.5109375 0.5578125 0.509375 0.521875 0.5171875 0.515625 0.5234375 0.525 0.5234375 0.5375 0.51875 0.546875 0.5171875 0.56875 0.515625 0.56875 0.5140625 0.559375 0.5109375 0.56875