0 0.3390625 0.7765625 0.346875 0.7796875 0.3453125 0.7890625 0.340625 0.7890625 0.3390625 0.778125
1 0.6578125 0.653125 0.659375 0.6515625 0.659375 0.628125 0.6640625 0.6234375 0.6671875 0.6359375 0.6671875 0.6515625 0.6703125 0.6625 0.6734375 0.69375 0.6703125 0.6953125 0.66875 0.68125 0.665625 0.6734375 0.6609375 0.678125 0.6609375 0.6890625 0.65625 0.6875 0.659375 0.6546875
1 0.425 0.4546875 0.434375 0.46875 0.4328125 0.4984375 0.4359375 0.5203125 0.4328125 0.521875 0.4265625 0.5203125 0.428125 0.5 0.4234375 0.4875 0.425 0.475 0.4234375 0.45625
1 0.9 0.6796875 0.903125 0.6875 0.9078125 0.6921875 0.9109375 0.703125 0.9125 0.7359375 0.915625 0.740625 0.9171875 0.7640625 0.9125 0.7609375 0.90625 0.7625 0.90625 0.746875 0.9 0.7359375 0.9 0.7109375 0.896875 0.7015625 0.8984375 0.68125
1 0.6 0.4609375 0.609375 0.475 0.609375 0.51875 0.6078125 0.51875 0.6046875 0.5046875 0.6015625 0.5015625 0.5984375 0.5078125 0.6 0.5125 0.5953125 0.515625 0.5984375 0.4953125 0.5984375 0.4796875 0.5953125 0.471875 0.6 0.4625
1 0.234375 0.575 0.2390625 0.575 0.246875 0.59375 0.2484375 0.61875 0.2515625 0.628125 0.2484375 0.646875 0.2453125 0.646875 0.2421875 0.6296875 0.2390625 0.628125 0.2375 0.6234375 0.2375 0.6140625 0.2328125 0.59375 0.2296875 0.5890625 0.234375 0.5765625
1 0.21875 0.465625 0.2234375 0.46875 0.225 0.4734375 0.2265625 0.5203125 0.228125 0.521875 0.2265625 0.53125 0.2234375 0.5296875 0.21875 0.515625 0.21875 0.50625 0.2140625 0.4859375 0.215625 0.4734375 0.21875 0.4671875
1 0.3546875 0.475 0.3625 0.4828125 0.3640625 0.51875 0.3671875 0.5296875 0.3640625 0.53125 0.359375 0.5234375 0.3578125 0.5296875 0.35625 0.53125 0.353125 0.5296875 0.3546875 0.525 0.353125 0.4796875 0.3546875 0.4765625
1 0.390625 0.434375 0.39375 0.4390625 0.3953125 0.4609375 0.3984375 0.465625 0.396875 0.4703125 0.3984375 0.471875 0.3984375 0.490625 0.3953125 0.4890625 0.3921875 0.475 0.3921875 0.4625 0.3890625 0.459375 0.390625 0.4359375
1 0.3621875 0.47027777777777774 0.01901041666666665 0.059565972222222194
1 0.2203125 0.734375 0.2171875 0.73125 0.2140625 0.7375 0.2109375 0.7390625 0.2109375 0.7265625 0.2140625 0.71875 0.2109375 0.6765625 0.215625 0.6671875 0.2171875 0.6625 0.215625 0.659375 0.21875 0.653125 0.221875 0.6546875 0.2234375 0.6625 0.2234375 0.6953125 0.2265625 0.6984375 0.2265625 0.7140625 0.225 0.715625 0.2265625 0.734375 0.221875 0.734375
1 0.496875 0.7015625 0.4984375 0.709375 0.503125 0.715625 0.5046875 0.725 0.503125 0.7546875 0.5 0.7640625 0.503125 0.7890625 0.4984375 0.7890625 0.4921875 0.78125 0.49375 0.7671875 0.490625 0.7578125 0.4921875 0.75 0.490625 0.746875 0.49375 0.7390625 0.4921875 0.728125 0.4953125 0.71875 0.4921875 0.703125 0.4953125 0.7015625
1 0.4671875 0.753125 0.4703125 0.7546875 0.475 0.7671875 0.4765625 0.7828125 0.4734375 0.7875 0.46875 0.809375 0.4703125 0.828125 0.4671875 0.8328125 0.4640625 0.834375 0.4625 0.8328125 0.4625 0.8171875 0.459375 0.8109375 0.459375 0.8046875 0.4640625 0.784375 0.4625 0.7796875 0.4671875 0.765625 0.4671875 0.7546875
1 0.3 0.3984375 0.303125 0.403125 0.30625 0.421875 0.30625 0.453125 0.3015625 0.4484375 0.296875 0.421875 0.29375 0.41875 0.29375 0.4078125 0.2984375 0.4
1 0.4046875 0.584375 0.409375 0.5875 0.415625 0.5984375 0.4171875 0.621875 0.4234375 0.6265625 0.4234375 0.634375 0.4171875 0.634375 0.4140625 0.6375 0.415625 0.6390625 0.415625 0.6546875 0.4125 0.65625 0.4109375 0.6234375 0.4046875 0.6046875 0.4015625 0.6015625 0.4015625 0.59375 0.4046875 0.5859375
1 0.0609375 0.5046875 0.0640625 0.50625 0.0640625 0.5109375 0.0734375 0.521875 0.06875 0.528125 0.0671875 0.5390625 0.071875 0.5484375 0.0734375 0.5640625 0.0796875 0.5734375 0.0796875 0.5765625 0.0765625 0.5765625 0.071875 0.571875 0.065625 0.5765625 0.0640625 0.575 0.065625 0.559375 0.0546875 0.5375 0.0546875 0.525 0.0609375 0.50625
1 0.8296875 0.778125 0.8375 0.7921875 0.840625 0.8046875 0.8390625 0.8375 0.8421875 0.853125 0.8421875 0.8703125 0.840625 0.871875 0.83125 0.8703125 0.8328125 0.8640625 0.83125 0.84375 0.828125 0.8375 0.828125 0.81875 0.825 0.815625 0.828125 0.8078125 0.8265625 0.803125 0.828125 0.790625 0.8265625 0.78125 0.828125 0.7796875
1 0.475 0.50625 0.478125 0.50625 0.4828125 0.51875 0.48125 0.565625 0.4796875 0.5671875 0.4734375 0.559375 0.4734375 0.5375 0.4703125 0.534375 0.4703125 0.525 0.475 0.5078125
1 0.70625 0.66875 0.709375 0.671875 0.7125 0.6859375 0.71875 0.6984375 0.71875 0.725 0.725 0.7390625 0.725 0.7515625 0.7234375 0.753125 0.721875 0.7515625 0.721875 0.7453125 0.7171875 0.7328125 0.7140625 0.734375 0.7125 0.746875 0.709375 0.7484375 0.709375 0.7375 0.7046875 0.725 0.709375 0.7046875 0.7078125 0.69375 0.7046875 0.690625 0.7046875 0.6703125
1 0.4875 0.5046875 0.490625 0.50625 0.496875 0.51875 0.4953125 0.5296875 0.496875 0.5609375 0.49375 0.559375 0.490625 0.5421875 0.4875 0.54375 0.4875 0.5515625 0.484375 0.5515625 0.484375 0.5140625 0.4875 0.50625
2 0.2578125 0.50625 0.2609375 0.50625 0.2671875 0.5171875 0.26875 0.553125 0.2734375 0.565625 0.2734375 0.5703125 0.2703125 0.5703125 0.2703125 0.565625 0.2640625 0.5515625 0.2609375 0.55625 0.2625 0.559375 0.259375 0.575 0.2578125 0.5734375 0.25625 0.5578125 0.2578125 0.5390625 0.253125 0.5234375 0.253125 0.515625 0.2578125 0.5078125