0 0.315625 0.7765625 0.3171875 0.7859375 0.3140625 0.7875 0.3109375 0.7859375 0.3109375 0.778125 0.3140625 0.7765625
1 0.7890625 0.4765625 0.79375 0.478125 0.796875 0.4875 0.796875 0.5296875 0.7953125 0.5328125 0.790625 0.53125 0.7859375 0.521875 0.7890625 0.478125
1 0.7796875 0.4765625 0.01171875 0.028125
1 0.3703125 0.7265625 0.375 0.709375 0.3765625 0.6875 0.3828125 0.6703125 0.390625 0.6828125 0.39375 0.7015625 0.3859375 0.7125 0.384375 0.728125 0.38125 0.728125 0.3796875 0.71875 0.371875 0.7265625
1 0.640625 0.54375 0.6453125 0.5515625 0.6453125 0.6 0.6421875 0.603125 0.6375 0.6015625 0.6390625 0.5984375 0.6375 0.596875 0.6359375 0.5546875 0.6390625 0.5453125
1 0.709375 0.471875 0.7125 0.471875 0.7171875 0.478125 0.7171875 0.525 0.709375 0.525 0.70625 0.496875 0.709375 0.4734375
1 0.8078125 0.4671875 0.8109375 0.471875 0.809375 0.4859375 0.8109375 0.509375 0.8078125 0.515625 0.8015625 0.5125 0.7984375 0.5015625 0.7984375 0.4796875 0.8 0.475 0.80625 0.46875
1 0.6671875 0.49375 0.6734375 0.496875 0.678125 0.5109375 0.678125 0.5453125 0.675 0.54375 0.675 0.534375 0.671875 0.53125 0.6671875 0.534375 0.6640625 0.5421875 0.6625 0.540625 0.6640625 0.503125 0.6671875 0.4953125
1 0.296875 0.778125 0.2953125 0.76875 0.2921875 0.7671875 0.284375 0.7828125 0.2828125 0.7921875 0.2796875 0.7890625 0.2796875 0.7828125 0.2859375 0.7703125 0.290625 0.7375 0.296875 0.7171875 0.3 0.71875 0.2984375 0.728125 0.3 0.746875 0.3046875 0.7515625 0.303125 0.7671875 0.3 0.778125 0.2984375 0.778125
1 0.7484375 0.515625 0.7484375 0.490625 0.746875 0.4890625 0.7484375 0.484375 0.746875 0.48125 0.753125 0.465625 0.7578125 0.4734375 0.75625 0.5109375 0.7546875 0.515625 0.7515625 0.5140625 0.7484375 0.5171875
1 0.38125 0.5734375 0.3828125 0.5234375 0.384375 0.521875 0.3875 0.5234375 0.3890625 0.53125 0.3890625 0.5453125 0.390625 0.5578125 0.39375 0.5609375 0.39375 0.5703125 0.3828125 0.5734375
1 0.246875 0.7625 0.25 0.7734375 0.2546875 0.775 0.2546875 0.778125 0.246875 0.7875 0.246875 0.83125 0.25 0.8375 0.2484375 0.8390625 0.2453125 0.8375 0.24375 0.815625 0.240625 0.8125 0.228125 0.821875 0.2359375 0.796875 0.2375 0.775 0.2421875 0.76875 0.2421875 0.7640625 0.2453125 0.7625
1 0.9640625 0.6921875 0.9671875 0.6921875 0.96875 0.6953125 0.96875 0.7015625 0.9734375 0.7125 0.9734375 0.7359375 0.9796875 0.765625 0.978125 0.7671875 0.971875 0.765625 0.975 0.7578125 0.9734375 0.7515625 0.9671875 0.746875 0.9640625 0.75 0.9625 0.7671875 0.95625 0.76875 0.95625 0.7640625 0.9609375 0.75625 0.9609375 0.746875 0.9640625 0.7359375 0.9640625 0.6984375 0.9625 0.696875 0.9640625 0.69375
1 0.609375 0.465625 0.615625 0.478125 0.6140625 0.49375 0.6171875 0.5125 0.615625 0.521875 0.6140625 0.5140625 0.6046875 0.50625 0.603125 0.4796875 0.6078125 0.4671875
1 0.678125 0.4796875 0.6828125 0.4828125 0.6859375 0.490625 0.6859375 0.51875 0.6890625 0.528125 0.6890625 0.534375 0.6859375 0.534375 0.684375 0.525 0.678125 0.5140625 0.6765625 0.5015625 0.678125 0.48125
1 0.60625 0.50625 0.609375 0.515625 0.60625 0.5609375 0.603125 0.5625 0.6 0.5609375 0.6 0.5171875 0.6046875 0.5078125
1 0.5015625 0.609375 0.503125 0.5984375 0.5078125 0.5890625 0.5140625 0.6 0.5109375 0.6234375 0.5046875 0.6375 0.5046875 0.646875 0.5015625 0.65 0.503125 0.6109375
1 0.728125 0.515625 0.7265625 0.5140625 0.7265625 0.4703125 0.728125 0.4671875 0.73125 0.465625 0.7375 0.475 0.7359375 0.5140625 0.734375 0.515625 0.7296875 0.5140625
1 0.8203125 0.525 0.8171875 0.51875 0.8171875 0.5125 0.8109375 0.5 0.8125 0.4703125 0.8171875 0.4671875 0.821875 0.478125 0.821875 0.5234375
1 0.7796875 0.4875 0.7796875 0.4921875 0.784375 0.4984375 0.7796875 0.509375 0.778125 0.528125 0.771875 0.5390625 0.7703125 0.5390625 0.771875 0.5 0.775 0.4890625 0.778125 0.4875
2 0.7453125 0.61875 0.7484375 0.6203125 0.7515625 0.6265625 0.7515625 0.675 0.753125 0.6765625 0.753125 0.6921875 0.7515625 0.69375 0.75 0.678125 0.746875 0.6734375 0.7421875 0.675 0.7421875 0.68125 0.7375 0.690625 0.7421875 0.6609375 0.740625 0.6359375 0.74375 0.63125 0.7453125 0.6203125