0 0.540625 0.36484375 0.00625 0.009375
1 0.125 0.5875 0.13125 0.5890625 0.1296875 0.6015625 0.1375 0.61875 0.1359375 0.63125 0.1296875 0.6375 0.1296875 0.6515625 0.1328125 0.659375 0.1328125 0.6765625 0.1296875 0.6875 0.13125 0.7046875 0.128125 0.7046875 0.1234375 0.696875 0.125 0.6953125 0.125 0.675 0.1234375 0.6734375 0.1203125 0.678125 0.11875 0.6890625 0.1109375 0.7046875 0.1125 0.7140625 0.109375 0.715625 0.1046875 0.7109375 0.1046875 0.703125 0.1171875 0.6734375 0.1171875 0.6359375 0.109375 0.625 0.109375 0.61875 0.121875 0.6015625 0.125 0.5890625
1 0.89375 0.35 0.9078125 0.38125 0.9078125 0.3875 0.9015625 0.4 0.903125 0.415625 0.9 0.41875 0.89375 0.415625 0.8890625 0.421875 0.884375 0.421875 0.8875 0.415625 0.8890625 0.4 0.8859375 0.39375 0.890625 0.3859375 0.890625 0.365625 0.8921875 0.3640625 0.890625 0.353125 0.8921875 0.3515625
1 0.478125 0.35625 0.48125 0.35625 0.4828125 0.3765625 0.4765625 0.390625 0.4765625 0.409375 0.4671875 0.4265625 0.4625 0.425 0.46875 0.40625 0.4703125 0.36875 0.478125 0.3578125
1 0.5703125 0.35625 0.5734375 0.359375 0.5765625 0.3703125 0.5765625 0.3890625 0.575 0.3984375 0.571875 0.4015625 0.571875 0.4078125 0.565625 0.415625 0.565625 0.425 0.5640625 0.4265625 0.5625 0.425 0.5625 0.40625 0.5640625 0.4046875 0.5625 0.375 0.5640625 0.3671875 0.5703125 0.3578125
1 0.125 0.3953125 0.128125 0.3953125 0.128125 0.4234375 0.13125 0.428125 0.1296875 0.4296875 0.13125 0.453125 0.121875 0.4625 0.121875 0.4671875 0.1171875 0.4703125 0.115625 0.475 0.115625 0.4828125 0.1125 0.4828125 0.1125 0.4671875 0.115625 0.4609375 0.115625 0.425 0.125 0.396875
1 0.265625 0.415625 0.265625 0.4078125 0.2609375 0.403125 0.2546875 0.4125 0.2546875 0.4171875 0.2515625 0.421875 0.2515625 0.43125 0.2484375 0.43125 0.2484375 0.41875 0.25625 0.4 0.259375 0.3859375 0.259375 0.3640625 0.2625 0.3609375 0.2625 0.3546875 0.265625 0.35 0.26875 0.3515625 0.2671875 0.3578125 0.26875 0.3625 0.2671875 0.378125 0.26875 0.4140625 0.265625 0.4203125 0.265625 0.4171875
1 0.2796875 0.3828125 0.2828125 0.3828125 0.28125 0.4578125 0.2796875 0.459375 0.278125 0.45625 0.278125 0.4359375 0.275 0.434375 0.2703125 0.4390625 0.2671875 0.446875 0.2671875 0.459375 0.265625 0.4609375 0.2625 0.459375 0.2625 0.45 0.2671875 0.4359375 0.265625 0.4203125 0.271875 0.4109375 0.2734375 0.4 0.2796875 0.384375
1 0.303125 0.3921875 0.3125 0.3875 0.3140625 0.3546875 0.31875 0.3453125 0.31875 0.3390625 0.321875 0.3375 0.3234375 0.3421875 0.321875 0.346875 0.3234375 0.4140625 0.321875 0.4140625 0.31875 0.396875 0.3171875 0.3953125 0.3140625 0.3984375 0.303125 0.3984375 0.303125 0.39375
1 0.884375 0.55 0.890625 0.5484375 0.8921875 0.5609375 0.8953125 0.565625 0.8953125 0.5796875 0.8921875 0.5875 0.8890625 0.6296875 0.884375 0.646875 0.8796875 0.6484375 0.8828125 0.615625 0.878125 0.6046875 0.8765625 0.5890625 0.8734375 0.5859375 0.8734375 0.56875 0.884375 0.5578125 0.8859375 0.5515625
1 0.071875 0.38125 0.075 0.384375 0.0734375 0.4234375 0.0765625 0.4296875 0.0765625 0.440625 0.071875 0.45 0.071875 0.4578125 0.0703125 0.459375 0.06875 0.4578125 0.0640625 0.4484375 0.059375 0.4546875 0.059375 0.459375 0.0578125 0.4609375 0.0546875 0.459375 0.0546875 0.453125 0.0625 0.4359375 0.0625 0.4078125 0.0703125 0.3828125
1 0.021875 0.4484375 0.0234375 0.45 0.021875 0.459375 0.0234375 0.4703125 0.0265625 0.475 0.0234375 0.4875 0.0234375 0.4984375 0.028125 0.50625 0.028125 0.5234375 0.025 0.5328125 0.0265625 0.54375 0.025 0.5453125 0.021875 0.5453125 0.0203125 0.5421875 0.021875 0.5140625 0.01875 0.5109375 0.0125 0.5171875 0.0046875 0.54375 0 0.5421875 0.003125 0.528125 0.0109375 0.509375 0.0109375 0.5 0.0140625 0.4890625 0.0140625 0.465625 0.0171875 0.459375 0.0171875 0.45 0.0203125 0.4484375
1 0.5296875 0.3390625 0.5328125 0.3390625 0.5328125 0.346875 0.5359375 0.3515625 0.5359375 0.3671875 0.5328125 0.371875 0.5328125 0.3859375 0.5375 0.4 0.5359375 0.403125 0.5328125 0.403125 0.5296875 0.39375 0.521875 0.4015625 0.521875 0.3953125 0.525 0.3890625 0.525 0.3765625 0.5234375 0.3625 0.5171875 0.359375 0.51875 0.35 0.525 0.346875 0.5296875 0.340625
1 0.421875 0.3765625 0.425 0.378125 0.4265625 0.3921875 0.425 0.453125 0.428125 0.4609375 0.425 0.4625 0.421875 0.4609375 0.421875 0.446875 0.41875 0.44375 0.40625 0.440625 0.4078125 0.434375 0.4140625 0.4359375 0.4171875 0.43125 0.4171875 0.396875 0.421875 0.378125
1 0.371875 0.3984375 0.375 0.3984375 0.3765625 0.4046875 0.3734375 0.4125 0.3734375 0.4203125 0.378125 0.425 0.378125 0.428125 0.36875 0.4328125 0.3703125 0.453125 0.3640625 0.45625 0.359375 0.4625 0.359375 0.475 0.3546875 0.4734375 0.3546875 0.453125 0.3578125 0.4484375 0.359375 0.4234375 0.3625 0.4140625 0.371875 0.4
1 0.7015625 0.44375 0.703125 0.4578125 0.7078125 0.4625 0.7078125 0.475 0.703125 0.4875 0.7015625 0.5015625 0.703125 0.53125 0.6984375 0.5296875 0.6984375 0.521875 0.6953125 0.5171875 0.69375 0.521875 0.684375 0.53125 0.684375 0.521875 0.69375 0.50625 0.6921875 0.4796875 0.6875 0.471875 0.690625 0.4625 0.696875 0.4546875 0.696875 0.4453125 0.7 0.44375
1 0.328125 0.55 0.33125 0.5484375 0.3359375 0.5359375 0.3390625 0.5 0.346875 0.4859375 0.346875 0.48125 0.35 0.4796875 0.3515625 0.48125 0.3515625 0.5453125 0.353125 0.546875 0.353125 0.565625 0.35625 0.571875 0.3484375 0.5734375 0.3484375 0.5453125 0.3453125 0.540625 0.3390625 0.54375 0.3359375 0.553125 0.3265625 0.5625 0.3234375 0.5703125 0.321875 0.5640625 0.328125 0.5515625