0 0.884375 0.6921875 0.8890625 0.6921875 0.890625 0.696875 0.8890625 0.7046875 0.8859375 0.70625 0.884375 0.69375
1 0.2765625 0.4078125 0.278125 0.4109375 0.2765625 0.4671875 0.271875 0.4609375 0.26875 0.465625 0.2671875 0.4625 0.2671875 0.425 0.26875 0.4234375 0.2671875 0.4140625 0.275 0.4078125
1 0.225 0.4 0.228125 0.4 0.2296875 0.4046875 0.2296875 0.45 0.2234375 0.446875 0.21875 0.4515625 0.2203125 0.4140625 0.225 0.4015625
1 0.35625 0.3984375 0.359375 0.4015625 0.3578125 0.4328125 0.3515625 0.4390625 0.35 0.434375 0.35 0.40625 0.3546875 0.4
1 0.353125 0.434375 0.359375 0.4375 0.3609375 0.453125 0.3609375 0.478125 0.359375 0.4796875 0.3609375 0.490625 0.3578125 0.490625 0.3578125 0.4875 0.3546875 0.4859375 0.35 0.49375 0.35 0.475 0.3515625 0.4734375 0.35 0.4453125 0.353125 0.4359375
1 0.33125 0.4125 0.334375 0.4125 0.3375 0.4203125 0.340625 0.4171875 0.3421875 0.4203125 0.3421875 0.4421875 0.34375 0.44375 0.3359375 0.465625 0.33125 0.4609375 0.3296875 0.45625 0.33125 0.4140625
1 0.3203125 0.4046875 0.325 0.4125 0.3265625 0.425 0.3234375 0.4734375 0.3203125 0.4640625 0.3203125 0.41875 0.31875 0.4171875 0.3203125 0.40625
1 0.278125 0.3875 0.2796875 0.4078125 0.271875 0.4078125 0.2703125 0.4015625 0.271875 0.3875 0.2734375 0.3859375 0.2765625 0.3875
1 0.3171875 0.409375 0.3234375 0.415625 0.3234375 0.43125 0.321875 0.4328125 0.3234375 0.475 0.3203125 0.471875 0.3171875 0.4546875 0.3125 0.4625 0.3109375 0.4734375 0.3078125 0.4734375 0.3109375 0.4578125 0.3109375 0.41875 0.315625 0.4109375
1 0.2859375 0.40625 0.290625 0.4140625 0.290625 0.4546875 0.2921875 0.45625 0.290625 0.4640625 0.2828125 0.4609375 0.2796875 0.4390625 0.2796875 0.4109375 0.284375 0.40625
1 0.1375 0.4421875 0.1390625 0.4421875 0.1390625 0.4796875 0.134375 0.4921875 0.1359375 0.5015625 0.1265625 0.4984375 0.13125 0.459375 0.1375 0.44375
1 0.2546875 0.4484375 0.2546875 0.41875 0.25625 0.4171875 0.2546875 0.4 0.2609375 0.3890625 0.2640625 0.3921875 0.2671875 0.40625 0.2640625 0.415625 0.2640625 0.4359375 0.259375 0.44375 0.259375 0.4484375 0.25625 0.4484375
1 0.9015625 0.65 0.90625 0.6515625 0.90625 0.659375 0.9125 0.6671875 0.9140625 0.6765625 0.9140625 0.6953125 0.9078125 0.709375 0.90625 0.734375 0.903125 0.7359375 0.8953125 0.678125 0.8953125 0.6671875 0.9 0.6609375 0.9015625 0.6515625
1 0.1390625 0.4859375 0.140625 0.4390625 0.1421875 0.4375 0.146875 0.4421875 0.15 0.4546875 0.1546875 0.496875 0.1515625 0.4953125 0.1515625 0.4875 0.146875 0.478125 0.14375 0.484375 0.140625 0.4859375
1 0.3625 0.4109375 0.365625 0.4109375 0.371875 0.425 0.371875 0.4734375 0.36875 0.4703125 0.3671875 0.4578125 0.365625 0.45625 0.3640625 0.4578125 0.3625 0.4640625 0.3625 0.434375 0.3609375 0.4328125 0.3625 0.4125
1 0.3359375 0.39375 0.3390625 0.39375 0.34375 0.403125 0.34375 0.4390625 0.340625 0.4421875 0.33125 0.4109375 0.3359375 0.3953125
1 0.1328125 0.45625 0.134375 0.4453125 0.1375 0.4375 0.140625 0.4359375 0.1421875 0.4375 0.140625 0.45625 0.1390625 0.459375 0.134375 0.459375 0.134375 0.4578125
2 0.053125 0.4703125 0.05625 0.475 0.0546875 0.540625 0.053125 0.5421875 0.05 0.540625 0.05 0.5046875 0.0484375 0.503125 0.0484375 0.484375 0.053125 0.471875