0 0.7771534203125 0.335792825 0.775951003125 0.32890625 0.772609953125 0.3331886578125 0.7739564046875 0.3372974546875 0.7771534203125 0.335792825
1 0.628125 0.778125 0.6296875 0.746875 0.6265625 0.7359375 0.625 0.7140625 0.628125 0.6953125 0.634375 0.678125 0.6375 0.68125 0.6359375 0.6859375 0.64375 0.7 0.646875 0.7125 0.6453125 0.7140625 0.646875 0.7296875 0.6453125 0.7328125 0.6421875 0.73125 0.640625 0.7328125 0.634375 0.7453125 0.6359375 0.753125 0.634375 0.771875 0.6359375 0.7734375 0.6328125 0.7796875 0.6296875 0.778125
1 0.253125 0.3421875 0.25625 0.35625 0.2546875 0.3671875 0.25625 0.3890625 0.253125 0.403125 0.2453125 0.4 0.246875 0.3828125 0.24375 0.36875 0.2453125 0.353125 0.2515625 0.34375
1 0.246875 0.328125 0.2421875 0.3796875 0.240625 0.384375 0.2375 0.3859375 0.2359375 0.38125 0.2375 0.3375 0.2453125 0.328125
1 0.35 0.209375 0.353125 0.2125 0.35 0.228125 0.3515625 0.2390625 0.35 0.246875 0.340625 0.25 0.340625 0.24375 0.3453125 0.234375 0.3453125 0.2140625 0.3484375 0.2109375
1 0.3484375 0.428125 0.353125 0.446875 0.346875 0.45625 0.346875 0.471875 0.34375 0.4796875 0.3375 0.4875 0.3359375 0.496875 0.3328125 0.4953125 0.3328125 0.4890625 0.3375 0.4828125 0.3390625 0.475 0.3390625 0.453125 0.340625 0.4515625 0.3390625 0.440625 0.3484375 0.4296875
1 0.51875 0.275 0.5203125 0.296875 0.515625 0.33125 0.5125 0.3296875 0.5140625 0.3125 0.5109375 0.296875 0.5125 0.284375 0.5171875 0.2765625
1 0.678125 0.4015625 0.6828125 0.3796875 0.6828125 0.3546875 0.6890625 0.3421875 0.690625 0.3421875 0.690625 0.3609375 0.6953125 0.3703125 0.6921875 0.3953125 0.69375 0.3984375 0.690625 0.403125 0.6875 0.390625 0.6796875 0.4015625
1 0.4875 0.2984375 0.4921875 0.3125 0.4921875 0.321875 0.4890625 0.3296875 0.4890625 0.353125 0.484375 0.3546875 0.4828125 0.3515625 0.484375 0.3390625 0.48125 0.328125 0.4828125 0.3265625 0.48125 0.309375 0.4859375 0.3
1 0.225 0.878125 0.2234375 0.8890625 0.228125 0.8984375 0.2296875 0.9078125 0.228125 0.909375 0.228125 0.934375 0.221875 0.9515625 0.2203125 0.9828125 0.2140625 0.9890625 0.2109375 0.9875 0.209375 0.909375 0.2109375 0.9 0.2171875 0.890625 0.2171875 0.8796875 0.2234375 0.878125
1 0.6734375 0.3875 0.675 0.4015625 0.6734375 0.409375 0.6703125 0.4125 0.6734375 0.4546875 0.66875 0.45625 0.6671875 0.4515625 0.66875 0.4375 0.665625 0.434375 0.6625 0.434375 0.65 0.4484375 0.65 0.4421875 0.6578125 0.434375 0.6609375 0.4171875 0.671875 0.3890625
1 0.434375 0.40625 0.4359375 0.4078125 0.4359375 0.4203125 0.4328125 0.4328125 0.4328125 0.4484375 0.434375 0.45 0.43125 0.4640625 0.428125 0.4609375 0.4265625 0.4515625 0.421875 0.4546875 0.41875 0.4609375 0.4171875 0.4546875 0.4234375 0.4453125 0.425 0.4234375 0.4328125 0.4078125
1 0.140625 0.5953125 0.1453125 0.596875 0.14375 0.6125 0.1484375 0.628125 0.14375 0.6328125 0.1421875 0.653125 0.1359375 0.678125 0.1296875 0.6796875 0.125 0.6734375 0.13125 0.65625 0.1328125 0.640625 0.13125 0.6171875 0.1390625 0.60625 0.140625 0.596875
1 0.7734375 0.3375 0.771875 0.3359375 0.771875 0.3171875 0.7734375 0.315625 0.771875 0.3078125 0.775 0.2828125 0.7796875 0.2796875 0.784375 0.284375 0.7828125 0.2875 0.7859375 0.2953125 0.7859375 0.3015625 0.7828125 0.30625 0.78125 0.3328125 0.775 0.3359375
1 0.496875 0.596875 0.4953125 0.5890625 0.5015625 0.578125 0.5015625 0.56875 0.5046875 0.5640625 0.503125 0.5484375 0.5109375 0.534375 0.5109375 0.5296875 0.5140625 0.528125 0.5125 0.540625 0.5140625 0.553125 0.5171875 0.5578125 0.5140625 0.56875 0.515625 0.596875 0.5125 0.6 0.5109375 0.5984375 0.5109375 0.584375 0.5078125 0.5796875 0.496875 0.5953125
1 0.2078125 0.24375 0.2109375 0.2453125 0.209375 0.2484375 0.2125 0.26875 0.2109375 0.290625 0.2078125 0.278125 0.2015625 0.28125 0.2 0.2875 0.196875 0.2859375 0.1984375 0.2796875 0.203125 0.275 0.2046875 0.2546875 0.2078125 0.2453125
2 0.175 0.384375 0.1765625 0.3859375 0.1765625 0.428125 0.1734375 0.43125 0.171875 0.4515625 0.1703125 0.4515625 0.1703125 0.4375 0.16875 0.4359375 0.1609375 0.4421875 0.1609375 0.4359375 0.1671875 0.428125 0.165625 0.4 0.1734375 0.3859375