1 0.6859375 0.9375 0.675 0.9013888890624999 0.66953125 0.9041666671874999 0.6625 0.934722221875 0.6640625 0.952777778125 0.65546875 0.9875 0.6546875 0.9986111109375001 0.67890625 0.9986111109375001 0.67890625 0.959722221875 0.6859375 0.9375
1 0.68515625 0.93194444375 0.67578125 0.902777778125 0.66953125 0.9041666671874999 0.6671875 0.9236111109375 0.6625 0.934722221875 0.66328125 0.9583333328125001 0.65546875 0.9875 0.6546875 0.9986111109375001 0.67890625 0.9986111109375001 0.67890625 0.9583333328125001 0.68515625 0.93194444375
1 0.834375 0.515277778125 0.84453125 0.515277778125 0.8359375 0.497222221875 0.83203125 0.4583333328125 0.8265625 0.4513888890625 0.82421875 0.4513888890625 0.82421875 0.47361111093749997 0.82734375 0.497222221875 0.834375 0.515277778125
2 0.84453125 0.5166666671875 0.83671875 0.497222221875 0.83359375 0.4583333328125 0.825 0.45 0.82421875 0.475 0.828125 0.50555555625 0.83359375 0.51805555625 0.84453125 0.5166666671875
1 0.25859375 0.5138888890625 0.27109375 0.522222221875 0.26875 0.5013888890625 0.26328125 0.4861111109375 0.26171875 0.45277777812500003 0.25703125 0.45555555625000005 0.25390625 0.46805555625000006 0.25703125 0.502777778125 0.25390625 0.525 0.2578125 0.525 0.25859375 0.5138888890625
1 0.053125 0.34861111093749997 0.053125 0.3736111109375 0.06328125 0.3736111109375 0.06015625 0.3416666671875 0.053125 0.34861111093749997
0 0.28125 0.5125 0.2796875 0.5208333328125 0.2859375 0.5208333328125 0.2859375 0.5138888890625 0.28125 0.5125
1 0.50546875 0.44305555625000004 0.50390625 0.397222221875 0.49765625 0.384722221875 0.49296875 0.3875 0.49453125 0.40972222187499996 0.49140625 0.4361111109375 0.503125 0.4375 0.50546875 0.44305555625000004
1 0.39375 0.3708333328125 0.38828125 0.3611111109375 0.384375 0.365277778125 0.3828125 0.38333333281250004 0.3875 0.425 0.396875 0.4138888890625 0.39375 0.3708333328125
1 0.66171875 0.24305555625 0.65859375 0.24722222187499998 0.6578125 0.28611111093749997 0.66796875 0.2791666671875 0.66328125 0.26944444375 0.66171875 0.24305555625
1 0.4671875 0.5 0.4625 0.47222222187499996 0.45390625 0.4625 0.45625 0.5291666671875 0.4671875 0.515277778125 0.48046875 0.5111111109375 0.4671875 0.5
1 0.35625 0.7263888890625 0.36796875 0.7291666671875 0.36953125 0.6569444437499999 0.36171875 0.6388888890625 0.3515625 0.6638888890625 0.35078125 0.684722221875 0.35703125 0.69305555625 0.359375 0.7041666671875 0.35625 0.7263888890625
1 0.85859375 0.3166666671875 0.85546875 0.2888888890625 0.85234375 0.290277778125 0.8515625 0.2986111109375 0.853125 0.3361111109375 0.85703125 0.325 0.8640625 0.3236111109375 0.85859375 0.3166666671875
1 0.67890625 0.4388888890625 0.68125 0.43194444374999996 0.675 0.4236111109375 0.67421875 0.39444444375 0.67109375 0.384722221875 0.66796875 0.384722221875 0.66796875 0.4458333328125 0.671875 0.4458333328125 0.67421875 0.434722221875 0.67890625 0.4388888890625
1 0.55390625 0.6916666671875 0.5640625 0.675 0.571875 0.6736111109375 0.56640625 0.66944444375 0.5609375 0.6520833328125 0.5625 0.6375 0.55859375 0.627777778125 0.553125 0.6333333328124999 0.5546875 0.64444444375 0.55 0.6513888890625 0.55234375 0.6541666671875 0.55390625 0.6916666671875
1 0.92734375 0.7458333328125 0.9296875 0.7458333328125 0.9390625 0.7402777781250001 0.93984375 0.7194444437499999 0.93203125 0.684722221875 0.9265625 0.684722221875 0.928125 0.702777778125 0.925 0.7083333328125 0.92890625 0.7111111109375 0.92734375 0.7458333328125
1 0.67421875 0.5625 0.68203125 0.5541666671875001 0.69609375 0.5694444437499999 0.696875 0.559722221875 0.68671875 0.5513888890625 0.67578125 0.515277778125 0.66953125 0.5138888890625 0.671875 0.54305555625 0.66796875 0.5708333328124999 0.6734375 0.5708333328124999 0.67421875 0.5625
1 0.70234375 0.41944444374999995 0.696875 0.40555555625000006 0.6921875 0.41111111093749997 0.69296875 0.46805555625000006 0.7 0.4625 0.709375 0.46666666718750005 0.70234375 0.41944444374999995
1 0.7828125 0.6125 0.7875 0.6152777781250001 0.78984375 0.6083333328125 0.78203125 0.5513888890625 0.775 0.540277778125 0.771875 0.5527777781250001 0.7734375 0.575 0.7703125 0.5888888890625 0.7796875 0.597222221875 0.7828125 0.6125