0 0.6640625 0.2375 0.6703125 0.23472222187499997 0.66484375 0.23194444375 0.6640625 0.2375
1 0.271875 0.6625 0.2765625 0.6640625 0.2765625 0.6734375 0.2828125 0.684375 0.2828125 0.6921875 0.278125 0.7015625 0.2796875 0.753125 0.2765625 0.753125 0.271875 0.7453125 0.26875 0.75 0.26875 0.7609375 0.265625 0.7625 0.2625 0.759375 0.2703125 0.728125 0.2671875 0.703125 0.2640625 0.696875 0.2640625 0.68125 0.271875 0.6640625
1 0.709375 0.33125 0.715625 0.34375 0.7109375 0.3671875 0.7125 0.3890625 0.709375 0.3890625 0.70625 0.384375 0.7046875 0.3859375 0.7015625 0.384375 0.7015625 0.3765625 0.7046875 0.371875 0.703125 0.3421875 0.7078125 0.3328125
1 0.6015625 0.2578125 0.60625 0.2625 0.603125 0.275 0.603125 0.2875 0.5984375 0.2984375 0.5953125 0.2984375 0.59375 0.2921875 0.596875 0.265625 0.6015625 0.259375
1 0.5234375 0.25 0.5265625 0.25 0.5265625 0.2890625 0.5234375 0.2921875 0.51875 0.2859375 0.5171875 0.2921875 0.5140625 0.29375 0.5140625 0.2859375 0.51875 0.2734375 0.51875 0.2625 0.5234375 0.2515625
1 0.8171875 0.290625 0.8203125 0.3078125 0.815625 0.3359375 0.8109375 0.3359375 0.809375 0.3328125 0.8125 0.2921875 0.815625 0.290625
1 0.396875 0.3359375 0.4 0.3015625 0.4046875 0.290625 0.40625 0.290625 0.409375 0.303125 0.40625 0.3125 0.4078125 0.3328125 0.4046875 0.3375 0.4046875 0.3484375 0.4015625 0.346875 0.3984375 0.3359375
1 0.4453125 0.2890625 0.4484375 0.2921875 0.45 0.3265625 0.4453125 0.340625 0.440625 0.34375 0.4375 0.3421875 0.440625 0.303125 0.4453125 0.290625
1 0.2140625 0.35 0.21875 0.3234375 0.2171875 0.3125 0.2234375 0.296875 0.2265625 0.3 0.225 0.321875 0.228125 0.3375 0.2234375 0.3484375 0.2171875 0.3515625 0.215625 0.35
1 0.10625 0.4875 0.1046875 0.4796875 0.115625 0.4671875 0.1171875 0.440625 0.121875 0.425 0.1234375 0.4234375 0.1265625 0.425 0.125 0.4546875 0.128125 0.4828125 0.13125 0.4875 0.13125 0.4921875 0.1265625 0.4921875 0.125 0.4765625 0.121875 0.4734375 0.11875 0.4734375 0.1078125 0.4859375
1 0.665625 0.509375 0.6671875 0.5234375 0.6703125 0.5296875 0.6671875 0.584375 0.6640625 0.5859375 0.65625 0.58125 0.65625 0.5765625 0.6609375 0.56875 0.65625 0.5296875 0.6640625 0.5109375
1 0.0984375 0.31875 0.103125 0.3171875 0.10625 0.3234375 0.1078125 0.33125 0.10625 0.359375 0.1125 0.36875 0.1109375 0.371875 0.1015625 0.3703125 0.0984375 0.3765625 0.0953125 0.3765625 0.0921875 0.3375 0.09375 0.3265625 0.0984375 0.3203125
1 0.6203125 0.3734375 0.6203125 0.3625 0.6234375 0.35625 0.6234375 0.3359375 0.628125 0.3203125 0.6296875 0.3203125 0.63125 0.328125 0.6328125 0.3734375 0.6296875 0.3734375 0.6265625 0.365625 0.621875 0.3734375
1 0.390625 0.340625 0.39375 0.340625 0.3953125 0.35 0.3953125 0.3984375 0.396875 0.4 0.3921875 0.4015625 0.390625 0.390625 0.3875 0.3875 0.3796875 0.3921875 0.378125 0.390625 0.3796875 0.384375 0.3859375 0.38125 0.390625 0.3421875
1 0.3265625 0.3875 0.325 0.3796875 0.334375 0.3671875 0.3390625 0.3390625 0.3421875 0.3375 0.3421875 0.3734375 0.3453125 0.3875 0.3421875 0.3890625 0.334375 0.3796875 0.328125 0.3859375
1 0.7171875 0.8375 0.7234375 0.8390625 0.7234375 0.8546875 0.73125 0.8734375 0.73125 0.8796875 0.7265625 0.884375 0.7265625 0.9390625 0.728125 0.94375 0.7265625 0.946875 0.7203125 0.94375 0.7234375 0.9234375 0.7203125 0.9109375 0.7109375 0.928125 0.709375 0.94375 0.70625 0.9421875 0.7046875 0.93125 0.7125 0.9140625 0.709375 0.8625 0.715625 0.85 0.7171875 0.8390625
1 0.3796875 0.5 0.38125 0.5109375 0.3859375 0.5203125 0.3859375 0.5296875 0.38125 0.534375 0.3765625 0.565625 0.371875 0.5703125 0.36875 0.56875 0.371875 0.5515625 0.371875 0.528125 0.36875 0.5203125 0.3703125 0.515625 0.3765625 0.509375 0.378125 0.5015625
1 0.8625 0.2984375 0.86875 0.3140625 0.8671875 0.328125 0.8703125 0.3421875 0.8671875 0.3421875 0.8578125 0.33125 0.859375 0.3109375 0.85625 0.303125 0.8609375 0.2984375
1 0.99296875 0.5666666671875 0.99375 0.575 0.99921875 0.5736111109375 0.99921875 0.5555555562500001 0.99296875 0.5666666671875
2 0.66875 0.35625 0.671875 0.3671875 0.671875 0.3828125 0.66875 0.3875 0.6703125 0.390625 0.66875 0.396875 0.6734375 0.415625 0.6703125 0.4171875 0.6671875 0.4078125 0.6640625 0.40625 0.659375 0.4171875 0.65625 0.41875 0.65625 0.4125 0.6625 0.396875 0.6625 0.36875 0.6671875 0.3578125