1 0.546875 0.7046875 0.55 0.7046875 0.5515625 0.7109375 0.5578125 0.71875 0.5578125 0.7234375 0.5609375 0.725 0.5609375 0.734375 0.55625 0.753125 0.559375 0.79375 0.55625 0.79375 0.5515625 0.7859375 0.5453125 0.7953125 0.546875 0.796875 0.5453125 0.8015625 0.54375 0.803125 0.5421875 0.8015625 0.540625 0.7953125 0.546875 0.78125 0.5484375 0.7625 0.5453125 0.7421875 0.5421875 0.7375 0.540625 0.721875 0.546875 0.70625
1 0.4515625 0.346875 0.4515625 0.3765625 0.45625 0.4 0.4546875 0.409375 0.4515625 0.4046875 0.45 0.3953125 0.4296875 0.4 0.4296875 0.39375 0.4328125 0.390625 0.4390625 0.390625 0.44375 0.3859375 0.4421875 0.3796875 0.44375 0.3625 0.446875 0.3484375 0.45 0.346875
1 0.5203125 0.384375 0.5234375 0.3859375 0.525 0.396875 0.5328125 0.403125 0.5328125 0.4078125 0.528125 0.4046875 0.521875 0.40625 0.5234375 0.4171875 0.5234375 0.4375 0.5203125 0.44375 0.521875 0.4453125 0.51875 0.45 0.5125 0.44375 0.50625 0.4578125 0.50625 0.44375 0.5109375 0.4359375 0.5109375 0.409375 0.5125 0.4015625 0.5203125 0.3859375
1 0.54375 0.659375 0.5484375 0.6625 0.5484375 0.6671875 0.5546875 0.675 0.5609375 0.6890625 0.5609375 0.696875 0.5578125 0.7015625 0.5578125 0.7171875 0.55 0.703125 0.5453125 0.70625 0.54375 0.7125 0.540625 0.7109375 0.5390625 0.68125 0.5421875 0.6765625 0.54375 0.6609375
1 0.5453125 0.6578125 0.5609375 0.6890625 0.5609375 0.696875 0.5578125 0.7015625 0.5578125 0.7171875 0.553125 0.7140625 0.553125 0.709375 0.55 0.7046875 0.5453125 0.7078125 0.54375 0.7140625 0.540625 0.7140625 0.5390625 0.68125 0.5421875 0.6765625 0.54375 0.659375
1 0.15625 0.3921875 0.1609375 0.3921875 0.159375 0.453125 0.15625 0.4625 0.1546875 0.446875 0.1515625 0.44375 0.146875 0.44375 0.146875 0.4359375 0.15 0.4328125 0.1515625 0.4078125 0.1546875 0.403125 0.15625 0.39375
1 0.1890625 0.959375 0.1921875 0.9734375 0.2 0.9890625 0.178125 0.990625 0.178125 0.9828125 0.184375 0.9734375 0.184375 0.9625 0.1875 0.9609375
1 0.6 0.4125 0.6015625 0.4234375 0.60625 0.4328125 0.6 0.434375 0.6015625 0.4640625 0.5984375 0.4734375 0.6 0.4765625 0.596875 0.4796875 0.590625 0.4796875 0.5875 0.475 0.59375 0.465625 0.590625 0.428125 0.59375 0.4171875 0.5984375 0.4125
1 0.6609375 0.5203125 0.6640625 0.525 0.6640625 0.534375 0.66875 0.5421875 0.6703125 0.55 0.6703125 0.5578125 0.6640625 0.5625 0.6640625 0.5671875 0.66875 0.578125 0.671875 0.5984375 0.6671875 0.5984375 0.665625 0.584375 0.659375 0.575 0.6546875 0.5796875 0.65 0.5984375 0.646875 0.5984375 0.646875 0.5734375 0.65 0.5453125 0.646875 0.5421875 0.6421875 0.54375 0.6375 0.540625 0.6484375 0.534375 0.659375 0.521875
1 0.61875 0.6765625 0.615625 0.6515625 0.6125 0.6453125 0.6125 0.621875 0.609375 0.615625 0.609375 0.6 0.6140625 0.5828125 0.61875 0.5859375 0.61875 0.59375 0.625 0.6015625 0.628125 0.615625 0.628125 0.628125 0.625 0.634375 0.625 0.65 0.621875 0.6578125 0.621875 0.6765625 0.6203125 0.6765625
1 0.7933680555555556 0.3321064814814815 0.018940972222222286 0.0580034722222222
1 0.765625 0.6046875 0.76875 0.60625 0.7734375 0.6390625 0.7765625 0.6421875 0.7765625 0.659375 0.771875 0.6640625 0.771875 0.6671875 0.765625 0.6671875 0.7640625 0.6640625 0.765625 0.6546875 0.7609375 0.653125 0.7578125 0.65625 0.75625 0.6671875 0.7453125 0.6765625 0.7421875 0.675 0.7421875 0.6703125 0.7484375 0.6625 0.753125 0.65 0.7515625 0.6421875 0.753125 0.6296875 0.7640625 0.60625
1 0.184375 0.628125 0.1890625 0.6296875 0.190625 0.6546875 0.19375 0.6625 0.1921875 0.66875 0.19375 0.7015625 0.196875 0.7109375 0.19375 0.7125 0.190625 0.709375 0.190625 0.6953125 0.1875 0.690625 0.1828125 0.6921875 0.18125 0.6984375 0.1734375 0.6984375 0.1703125 0.703125 0.16875 0.7 0.1703125 0.6921875 0.1734375 0.6921875 0.1796875 0.6859375 0.178125 0.6765625 0.1796875 0.64375 0.1828125 0.6390625 0.184375 0.6296875
2 0.1703125 0.5609375 0.171875 0.553125 0.184375 0.5421875 0.178125 0.50625 0.1796875 0.4984375 0.1875 0.4828125 0.1921875 0.4875 0.190625 0.4921875 0.19375 0.5 0.19375 0.5125 0.190625 0.5234375 0.196875 0.5375 0.196875 0.5578125 0.2 0.565625 0.196875 0.565625 0.19375 0.559375 0.19375 0.553125 0.1890625 0.546875 0.1859375 0.5515625 0.1765625 0.5546875 0.171875 0.5609375