0 0.5421875 0.36640625 0.00859375 0.0140625
1 0.3625 0.41875 0.3625 0.4390625 0.3578125 0.4546875 0.3578125 0.4671875 0.3609375 0.478125 0.35625 0.4921875 0.3515625 0.4765625 0.3453125 0.4734375 0.34375 0.45 0.3484375 0.4421875 0.3515625 0.428125 0.3609375 0.41875
1 0.6953125 0.3890625 0.6953125 0.3953125 0.6984375 0.4015625 0.696875 0.4625 0.7046875 0.478125 0.7046875 0.484375 0.7015625 0.4875 0.6953125 0.484375 0.6890625 0.4859375 0.6859375 0.4296875 0.6890625 0.4265625 0.6921875 0.4046875 0.690625 0.390625 0.69375 0.3890625
1 0.328125 0.484375 0.334375 0.5140625 0.3328125 0.5296875 0.325 0.5578125 0.3234375 0.5609375 0.315625 0.5640625 0.3140625 0.5734375 0.3109375 0.571875 0.3109375 0.56875 0.31875 0.5359375 0.3171875 0.5046875 0.3234375 0.49375 0.3234375 0.4859375 0.3265625 0.484375
1 0.5671875 0.325 0.571875 0.325 0.5734375 0.328125 0.578125 0.359375 0.571875 0.3796875 0.571875 0.390625 0.5671875 0.3953125 0.565625 0.3859375 0.5671875 0.3265625
1 0.621875 0.68125 0.6234375 0.69375 0.63125 0.7046875 0.634375 0.71875 0.634375 0.7234375 0.6296875 0.7296875 0.628125 0.7421875 0.628125 0.7734375 0.63125 0.7859375 0.63125 0.803125 0.625 0.80625 0.61875 0.80625 0.61875 0.7875 0.615625 0.76875 0.6125 0.7625 0.6140625 0.734375 0.609375 0.728125 0.6109375 0.709375 0.6171875 0.696875 0.6171875 0.6828125 0.6203125 0.68125
1 0.990625 0.3875 0.996875 0.3890625 0.9984375 0.4 0.9984375 0.4859375 0.996875 0.484375 0.9953125 0.459375 0.990625 0.4453125 0.990625 0.3890625
1 0.51875 0.4859375 0.51875 0.478125 0.5296875 0.4546875 0.53125 0.4203125 0.534375 0.41875 0.5359375 0.4265625 0.540625 0.434375 0.5390625 0.471875 0.5421875 0.4828125 0.5484375 0.49375 0.5484375 0.4984375 0.54375 0.4953125 0.5375 0.478125 0.5328125 0.4734375 0.51875 0.4875
1 0.26875 0.465625 0.278125 0.5140625 0.2796875 0.553125 0.2734375 0.5515625 0.26875 0.546875 0.265625 0.525 0.259375 0.515625 0.259375 0.4859375 0.2640625 0.478125 0.265625 0.4671875 0.2671875 0.4671875
1 0.371875 0.440625 0.3765625 0.440625 0.378125 0.4625 0.3734375 0.478125 0.3796875 0.4890625 0.3828125 0.5 0.3796875 0.5125 0.38125 0.525 0.3796875 0.528125 0.3734375 0.5265625 0.3765625 0.503125 0.371875 0.496875 0.365625 0.5015625 0.3625 0.515625 0.359375 0.5203125 0.3640625 0.4609375 0.371875 0.4421875
1 0.5109375 0.375 0.515625 0.375 0.515625 0.38125 0.5203125 0.3875 0.525 0.409375 0.525 0.41875 0.521875 0.415625 0.51875 0.41875 0.5171875 0.4328125 0.5125 0.4234375 0.509375 0.425 0.50625 0.4234375 0.50625 0.4015625 0.5046875 0.4 0.50625 0.3875 0.509375 0.384375 0.5109375 0.3765625
1 0.3453125 0.4703125 0.3484375 0.471875 0.3515625 0.4859375 0.3546875 0.490625 0.3546875 0.509375 0.3515625 0.5203125 0.353125 0.521875 0.35625 0.5734375 0.3515625 0.565625 0.35 0.540625 0.3453125 0.5359375 0.3390625 0.5453125 0.3375 0.5734375 0.3359375 0.575 0.3328125 0.5734375 0.334375 0.5453125 0.3375 0.53125 0.3375 0.4953125 0.3453125 0.471875
1 0.390625 0.43984375 0.02265625 0.07890625
1 0.953125 0.44375 0.959375 0.45 0.959375 0.4578125 0.9625 0.4640625 0.9625 0.4984375 0.9609375 0.5 0.9609375 0.5203125 0.9640625 0.528125 0.9625 0.5390625 0.959375 0.5390625 0.9546875 0.534375 0.95625 0.528125 0.95 0.5109375 0.9515625 0.4453125
1 0.5109375 0.421875 0.515625 0.425 0.515625 0.4328125 0.5203125 0.44375 0.5203125 0.4546875 0.5171875 0.4671875 0.5171875 0.4953125 0.5203125 0.5125 0.515625 0.5078125 0.5125 0.51875 0.509375 0.5171875 0.5078125 0.490625 0.5046875 0.4828125 0.5046875 0.446875 0.5078125 0.428125 0.5109375 0.4234375
1 0.578125 0.375 0.58125 0.378125 0.5828125 0.3875 0.5828125 0.40625 0.58125 0.4078125 0.58125 0.4234375 0.5734375 0.4375 0.5734375 0.45625 0.571875 0.4578125 0.565625 0.45625 0.565625 0.425 0.5703125 0.4171875 0.56875 0.3984375 0.5734375 0.3890625 0.5734375 0.3765625 0.5765625 0.375
1 0.428125 0.440625 0.434375 0.465625 0.4375 0.471875 0.44375 0.4765625 0.44375 0.4796875 0.4375 0.4765625 0.434375 0.48125 0.4359375 0.4859375 0.4390625 0.4875 0.4421875 0.5171875 0.4453125 0.525 0.4375 0.5234375 0.4390625 0.5140625 0.4375 0.5015625 0.43125 0.4953125 0.4265625 0.4953125 0.4234375 0.4984375 0.415625 0.515625 0.415625 0.5203125 0.4140625 0.521875 0.4125 0.5203125 0.4203125 0.4953125 0.4203125 0.4796875 0.4171875 0.478125 0.4109375 0.4875 0.4109375 0.4828125 0.4140625 0.478125 0.4234375 0.4453125 0.4265625 0.4421875
1 0.8578125 0.475 0.8640625 0.4765625 0.8640625 0.4875 0.86875 0.4953125 0.871875 0.509375 0.86875 0.55 0.8734375 0.559375 0.8796875 0.5640625 0.8796875 0.5703125 0.8765625 0.571875 0.8734375 0.565625 0.865625 0.5609375 0.8625 0.575 0.8578125 0.5734375 0.859375 0.5703125 0.8578125 0.5546875 0.859375 0.53125 0.8546875 0.5265625 0.8484375 0.5328125 0.8546875 0.515625 0.859375 0.4921875 0.8578125 0.4765625
1 0.928125 0.8453125 0.9265625 0.81875 0.9296875 0.8 0.9375 0.7890625 0.9375 0.7734375 0.9421875 0.7703125 0.946875 0.775 0.9453125 0.790625 0.953125 0.803125 0.9546875 0.8125 0.953125 0.828125 0.95625 0.85625 0.9515625 0.8625 0.9515625 0.8828125 0.953125 0.884375 0.9515625 0.9046875 0.959375 0.915625 0.9578125 0.91875 0.953125 0.9203125 0.9484375 0.91875 0.946875 0.875 0.9421875 0.865625 0.9390625 0.8703125 0.9390625 0.915625 0.940625 0.9171875 0.9390625 0.9265625 0.934375 0.9234375 0.9359375 0.915625 0.934375 0.8640625 0.9328125 0.8625 0.9328125 0.84375 0.93125 0.8421875 0.9296875 0.8453125
2 0.734375 0.6015625 0.7375 0.596875 0.7390625 0.5609375 0.7421875 0.559375 0.7453125 0.5625 0.746875 0.5703125 0.759375 0.5875 0.759375 0.59375 0.7546875 0.6015625 0.7515625 0.61875 0.753125 0.6359375 0.76875 0.65 0.7703125 0.6609375 0.76875 0.6625 0.7671875 0.6578125 0.7578125 0.6484375 0.7546875 0.6484375 0.7484375 0.6359375 0.7421875 0.6375 0.7375 0.6609375 0.73125 0.6609375 0.73125 0.65625 0.7375 0.6484375 0.7375 0.6328125 0.740625 0.6234375 0.740625 0.6078125 0.7359375 0.603125