0 0.60625 0.465625 0.609375 0.465625 0.6109375 0.4703125 0.609375 0.4734375 0.60625 0.4734375 0.60625 0.4671875
1 0.4265625 0.590625 0.4328125 0.59375 0.4328125 0.5984375 0.4359375 0.603125 0.4359375 0.6125 0.4390625 0.6171875 0.4375 0.6375 0.440625 0.653125 0.4390625 0.6578125 0.4359375 0.65625 0.434375 0.640625 0.43125 0.6375 0.428125 0.640625 0.428125 0.6484375 0.425 0.65 0.4234375 0.646875 0.425 0.640625 0.4234375 0.6375 0.4265625 0.6328125 0.428125 0.621875 0.4265625 0.6046875 0.4234375 0.5984375 0.4265625 0.5921875
1 0.65625 0.4453125 0.6640625 0.45625 0.665625 0.4625 0.6640625 0.4859375 0.6671875 0.490625 0.6671875 0.5046875 0.6640625 0.5015625 0.6640625 0.4921875 0.6578125 0.4828125 0.653125 0.484375 0.653125 0.4921875 0.6484375 0.4953125 0.6484375 0.4828125 0.6515625 0.4796875 0.6546875 0.46875 0.6546875 0.4578125 0.6515625 0.453125 0.6515625 0.446875 0.6546875 0.4453125
1 0.575 0.3671875 0.5796875 0.3734375 0.58125 0.39375 0.575 0.4078125 0.5734375 0.41875 0.56875 0.4109375 0.571875 0.4046875 0.5703125 0.378125 0.5734375 0.36875
1 0.5109375 0.5109375 0.5140625 0.5109375 0.5203125 0.53125 0.515625 0.55625 0.5171875 0.565625 0.5140625 0.571875 0.5140625 0.58125 0.5109375 0.578125 0.5125 0.5671875 0.50625 0.5625 0.5078125 0.5390625 0.503125 0.5375 0.5046875 0.534375 0.503125 0.53125 0.5109375 0.5171875 0.5109375 0.5125
1 0.8140625 0.5640625 0.8171875 0.5640625 0.8203125 0.5734375 0.8265625 0.58125 0.8296875 0.5921875 0.8234375 0.6171875 0.825 0.63125 0.8203125 0.6375 0.8203125 0.64375 0.815625 0.6453125 0.8140625 0.6 0.809375 0.5921875 0.8109375 0.5796875 0.8140625 0.575 0.8140625 0.565625
1 0.55625 0.4984375 0.55 0.4515625 0.5578125 0.4390625 0.5609375 0.4453125 0.5609375 0.4578125 0.5640625 0.4609375 0.5640625 0.4765625 0.559375 0.4875 0.559375 0.5 0.5578125 0.4984375
1 0.215625 0.4421875 0.215625 0.4671875 0.2203125 0.5046875 0.2078125 0.5046875 0.209375 0.49375 0.2078125 0.4625 0.2109375 0.44375 0.2140625 0.4421875
1 0.621875 0.45625 0.6265625 0.4453125 0.6296875 0.44375 0.6296875 0.45 0.6375 0.4625 0.6375 0.465625 0.634375 0.465625 0.63125 0.4703125 0.6296875 0.49375 0.625 0.5046875 0.625 0.5125 0.621875 0.5078125 0.6234375 0.503125 0.621875 0.490625 0.6234375 0.4578125
1 0.353125 0.4890625 0.35625 0.5 0.3546875 0.5015625 0.3546875 0.5234375 0.35625 0.525 0.3546875 0.565625 0.35 0.5640625 0.346875 0.534375 0.346875 0.5 0.3515625 0.490625
1 0.5546875 0.534375 0.5640625 0.553125 0.5640625 0.5578125 0.559375 0.559375 0.5578125 0.58125 0.5515625 0.5984375 0.5484375 0.5984375 0.5453125 0.59375 0.546875 0.5703125 0.54375 0.559375 0.546875 0.55625 0.553125 0.5359375
1 0.234375 0.375 0.2375 0.375 0.2390625 0.3828125 0.2390625 0.396875 0.2421875 0.4015625 0.2421875 0.43125 0.2453125 0.434375 0.2453125 0.440625 0.2375 0.4421875 0.234375 0.403125 0.23125 0.3984375 0.234375 0.3765625
1 0.340625 0.3734375 0.34375 0.39375 0.346875 0.396875 0.3453125 0.4234375 0.3484375 0.4296875 0.346875 0.43125 0.340625 0.421875 0.3375 0.4234375 0.3375 0.43125 0.334375 0.4296875 0.3359375 0.41875 0.334375 0.3875 0.3390625 0.375
1 0.1375 0.5765625 0.140625 0.5671875 0.1421875 0.565625 0.1453125 0.5671875 0.146875 0.6046875 0.1515625 0.6171875 0.1515625 0.6265625 0.1484375 0.634375 0.15 0.6453125 0.146875 0.646875 0.1453125 0.653125 0.140625 0.6515625 0.1390625 0.646875 0.140625 0.621875 0.1375 0.6125 0.1375 0.58125 0.1390625 0.578125
1 0.4703125 0.296875 0.475 0.3 0.4765625 0.3046875 0.4765625 0.31875 0.48125 0.3359375 0.48125 0.3421875 0.4796875 0.3421875 0.475 0.33125 0.471875 0.3359375 0.471875 0.340625 0.46875 0.3421875 0.4703125 0.321875 0.4671875 0.3140625 0.4671875 0.3046875 0.4703125 0.2984375
1 0.534375 0.471875 0.5328125 0.4703125 0.528125 0.4703125 0.5234375 0.4734375 0.521875 0.471875 0.5265625 0.4640625 0.528125 0.440625 0.5359375 0.425 0.5375 0.4234375 0.540625 0.425 0.540625 0.4359375 0.5359375 0.446875 0.5359375 0.453125 0.5390625 0.459375 0.5359375 0.4703125
1 0.51875 0.4859375 0.525 0.4984375 0.5234375 0.5546875 0.5203125 0.5546875 0.51875 0.521875 0.515625 0.5203125 0.5125 0.509375 0.5125 0.5 0.51875 0.4875
1 0.4328125 0.525 0.4328125 0.546875 0.4375 0.59375 0.4328125 0.59375 0.43125 0.590625 0.425 0.59375 0.421875 0.5921875 0.425 0.5796875 0.4234375 0.56875 0.425 0.54375 0.428125 0.5359375 0.428125 0.5265625 0.43125 0.525
1 0.3984375 0.234375 0.4015625 0.2359375 0.4015625 0.2484375 0.4046875 0.2515625 0.4046875 0.2703125 0.40625 0.271875 0.40625 0.284375 0.403125 0.28125 0.4 0.2828125 0.396875 0.28125 0.396875 0.265625 0.3984375 0.2640625 0.3953125 0.25 0.3984375 0.2359375
1 0.471875 0.6875 0.475 0.6875 0.4765625 0.690625 0.475 0.70625 0.4796875 0.7421875 0.4796875 0.7546875 0.4734375 0.765625 0.4765625 0.778125 0.471875 0.7796875 0.46875 0.7765625 0.4703125 0.74375 0.4671875 0.7390625 0.465625 0.7046875 0.4703125 0.696875 0.471875 0.6890625
1 0.909375 0.696875 0.915625 0.7015625 0.915625 0.70625 0.921875 0.7140625 0.9234375 0.725 0.921875 0.7265625 0.9234375 0.74375 0.91875 0.7546875 0.9203125 0.784375 0.91875 0.7859375 0.9140625 0.784375 0.9109375 0.765625 0.9109375 0.7421875 0.90625 0.734375 0.909375 0.6984375
1 0.8703125 0.3171875 0.875 0.31875 0.8796875 0.33125 0.878125 0.3421875 0.8796875 0.34375 0.875 0.3546875 0.8734375 0.3703125 0.871875 0.3734375 0.8671875 0.3734375 0.8703125 0.353125 0.865625 0.34375 0.865625 0.3375 0.8671875 0.325 0.8703125 0.31875
2 0.4125 0.38125 0.4140625 0.3921875 0.4125 0.4046875 0.4171875 0.428125 0.415625 0.4375 0.4140625 0.4375 0.4140625 0.4296875 0.409375 0.4234375 0.40625 0.4265625 0.4078125 0.428125 0.4046875 0.4375 0.403125 0.428125 0.403125 0.3953125 0.4046875 0.39375 0.403125 0.3921875 0.4078125 0.3828125 0.4109375 0.38125