0 0.5765625 0.44375 0.578125 0.4515625 0.5765625 0.453125 0.5734375 0.4515625 0.5734375 0.4453125 0.575 0.4453125
1 0.6328125 0.540625 0.6359375 0.540625 0.6375 0.55 0.6421875 0.559375 0.6359375 0.59375 0.6375 0.5984375 0.634375 0.6125 0.63125 0.6171875 0.6296875 0.6078125 0.6328125 0.6 0.6296875 0.5953125 0.6265625 0.6 0.6265625 0.609375 0.621875 0.6125 0.6203125 0.6109375 0.6234375 0.5953125 0.6265625 0.590625 0.6265625 0.578125 0.6234375 0.5734375 0.625 0.5640625 0.6328125 0.546875 0.6328125 0.5421875
1 0.2109375 0.425 0.215625 0.4390625 0.215625 0.45625 0.21875 0.4609375 0.21875 0.4765625 0.221875 0.48125 0.221875 0.4875 0.2203125 0.4890625 0.2125 0.478125 0.2109375 0.48125 0.2046875 0.48125 0.209375 0.4734375 0.2078125 0.459375 0.209375 0.4265625
1 0.3484375 0.5078125 0.3515625 0.509375 0.353125 0.55 0.35625 0.5625 0.353125 0.578125 0.3453125 0.5765625 0.340625 0.5796875 0.340625 0.5734375 0.3453125 0.565625 0.34375 0.5625 0.3453125 0.559375 0.3453125 0.5234375 0.346875 0.521875 0.3453125 0.51875 0.3484375 0.509375
1 0.525 0.3671875 0.528125 0.36875 0.53125 0.3765625 0.5328125 0.3890625 0.5296875 0.4203125 0.528125 0.425 0.5234375 0.425 0.521875 0.421875 0.5203125 0.3765625 0.525 0.36875
1 0.3984375 0.4421875 0.403125 0.4421875 0.403125 0.4625 0.4046875 0.4640625 0.403125 0.515625 0.39375 0.50625 0.396875 0.4984375 0.3953125 0.465625 0.3984375 0.44375
1 0.65 0.4703125 0.6546875 0.471875 0.6546875 0.5125 0.6578125 0.5234375 0.6578125 0.534375 0.6546875 0.53125 0.6546875 0.5265625 0.65 0.5171875 0.646875 0.5203125 0.646875 0.5296875 0.64375 0.5328125 0.6421875 0.5015625 0.6390625 0.4984375 0.646875 0.4859375 0.65 0.471875
1 0.2734375 0.475 0.2765625 0.5203125 0.28125 0.53125 0.28125 0.5421875 0.284375 0.5453125 0.284375 0.5515625 0.278125 0.5484375 0.2765625 0.534375 0.271875 0.53125 0.26875 0.5359375 0.2671875 0.5484375 0.2640625 0.546875 0.2640625 0.5359375 0.2671875 0.5296875 0.2671875 0.49375 0.271875 0.4765625
1 0.6640625 0.4546875 0.6671875 0.4671875 0.6703125 0.4703125 0.6671875 0.48125 0.6671875 0.5 0.6796875 0.515625 0.678125 0.5171875 0.671875 0.515625 0.66875 0.51875 0.6609375 0.50625 0.659375 0.484375 0.6546875 0.4703125 0.659375 0.45625 0.6625 0.4546875
1 0.4875 0.44375 0.4890625 0.4453125 0.4875 0.4796875 0.4796875 0.5 0.4796875 0.50625 0.4765625 0.50625 0.4765625 0.4796875 0.478125 0.478125 0.4765625 0.4625 0.4796875 0.4484375 0.4859375 0.44375
1 0.134375 0.5328125 0.1375 0.5359375 0.1359375 0.54375 0.1375 0.553125 0.1390625 0.5578125 0.14375 0.5609375 0.1390625 0.571875 0.1421875 0.578125 0.1453125 0.60625 0.15 0.6125 0.14375 0.6140625 0.1375 0.596875 0.1328125 0.6046875 0.1359375 0.615625 0.13125 0.6171875 0.128125 0.609375 0.13125 0.5953125 0.128125 0.5515625 0.1328125 0.534375
1 0.6203125 0.403125 0.6234375 0.4046875 0.6234375 0.409375 0.6296875 0.4234375 0.628125 0.428125 0.63125 0.44375 0.63125 0.4578125 0.6328125 0.46875 0.6359375 0.471875 0.63125 0.471875 0.6265625 0.446875 0.621875 0.45 0.61875 0.46875 0.6140625 0.4671875 0.6171875 0.4609375 0.61875 0.4484375 0.6171875 0.415625 0.6203125 0.4046875
1 0.3703125 0.55625 0.3734375 0.55625 0.3765625 0.5734375 0.3734375 0.5875 0.3734375 0.603125 0.3765625 0.6046875 0.378125 0.63125 0.375 0.63125 0.3734375 0.6265625 0.3734375 0.615625 0.3671875 0.6109375 0.3515625 0.621875 0.3515625 0.6171875 0.3609375 0.6078125 0.365625 0.571875 0.3703125 0.5640625 0.3703125 0.5578125
1 0.884375 0.4125 0.896875 0.428125 0.896875 0.4515625 0.8984375 0.4640625 0.9015625 0.4671875 0.9 0.471875 0.896875 0.4734375 0.8953125 0.459375 0.890625 0.453125 0.8875 0.4546875 0.8859375 0.4625 0.8875 0.465625 0.8859375 0.4671875 0.88125 0.465625 0.8859375 0.4453125 0.8859375 0.43125 0.8796875 0.4203125 0.8828125 0.4140625
1 0.5 0.434375 0.5015625 0.45 0.4984375 0.4625 0.5 0.4734375 0.503125 0.4765625 0.5 0.50625 0.49375 0.5015625 0.49375 0.478125 0.490625 0.475 0.4890625 0.465625 0.490625 0.4453125 0.49375 0.4390625 0.496875 0.4390625 0.4984375 0.4359375
1 0.51875 0.4359375 0.521875 0.4421875 0.521875 0.4671875 0.525 0.4734375 0.525 0.490625 0.5203125 0.4984375 0.515625 0.496875 0.515625 0.4765625 0.5125 0.4734375 0.5109375 0.4625 0.5109375 0.4453125 0.5140625 0.4375 0.5171875 0.4359375
1 0.4953125 0.4234375 0.4984375 0.425 0.5015625 0.4328125 0.5 0.4484375 0.490625 0.45 0.490625 0.4390625 0.4953125 0.425
1 0.478125 0.425 0.48125 0.4328125 0.48125 0.440625 0.4796875 0.45 0.4765625 0.4546875 0.475 0.46875 0.4765625 0.4765625 0.46875 0.490625 0.4671875 0.5015625 0.4640625 0.4953125 0.471875 0.4765625 0.46875 0.4609375 0.4703125 0.446875 0.475 0.4359375 0.4734375 0.4328125 0.4765625 0.4265625
2 0.4234375 0.5609375 0.425 0.553125 0.428125 0.5515625 0.4328125 0.5640625 0.434375 0.5921875 0.440625 0.603125 0.440625 0.6265625 0.4421875 0.628125 0.4421875 0.63125 0.440625 0.6328125 0.4390625 0.63125 0.4375 0.6078125 0.434375 0.6046875 0.4296875 0.6046875 0.4234375 0.6296875 0.421875 0.6203125 0.425 0.6046875 0.421875 0.5890625 0.421875 0.565625 0.425 0.5625