1 0.25 0.4375 0.24453125 0.434722221875 0.2421875 0.4388888890625 0.2359375 0.4583333328125 0.23125 0.4875 0.23046875 0.50555555625 0.22265625 0.525 0.22265625 0.5361111109375 0.2265625 0.5375 0.22890625 0.525 0.2375 0.5083333328124999 0.2390625 0.5097222218749999 0.2390625 0.5166666671875 0.23671875 0.527777778125 0.23828125 0.5319444437499999 0.24296875 0.5291666671875 0.2515625 0.5083333328124999 0.2484375 0.4861111109375 0.25234375 0.48194444374999995 0.2515625 0.477777778125 0.25078125 0.477777778125 0.24765625 0.47083333281249995 0.25 0.4375
1 0.640625 0.5458333328125 0.63984375 0.5666666671875 0.64453125 0.5763888890625 0.64921875 0.577777778125 0.65234375 0.5736111109375 0.65234375 0.5694444437499999 0.646875 0.54444444375 0.646875 0.5305555562500001 0.65078125 0.5138888890625 0.65390625 0.48333333281249996 0.6484375 0.47083333281249995 0.6484375 0.45694444375 0.6453125 0.45555555625000005 0.64296875 0.4583333328125 0.64140625 0.46944444374999994 0.63671875 0.477777778125 0.6328125 0.4986111109375 0.6328125 0.515277778125 0.63359375 0.515277778125 0.6359375 0.51805555625 0.640625 0.5458333328125
1 0.55625 0.4916666671875 0.55390625 0.502777778125 0.5578125 0.534722221875 0.55625 0.5513888890625 0.5578125 0.5625 0.5609375 0.5666666671875 0.56171875 0.540277778125 0.5640625 0.534722221875 0.56640625 0.5361111109375 0.56875 0.5416666671875 0.56953125 0.5694444437499999 0.5703125 0.5722222218749999 0.57421875 0.5722222218749999 0.57578125 0.4916666671875 0.57421875 0.48472222187499997 0.5703125 0.48055555625 0.56953125 0.48055555625 0.56171875 0.48194444374999995 0.55625 0.4916666671875
1 0.55078125 0.5361111109375 0.5484375 0.5319444437499999 0.54296875 0.534722221875 0.54375 0.5458333328125 0.54140625 0.5625 0.54375 0.590277778125 0.5421875 0.6013888890625 0.5375 0.6138888890625 0.5390625 0.6361111109375 0.54296875 0.6486111109375 0.54140625 0.659722221875 0.54765625 0.6611111109375 0.55 0.6583333328125 0.55 0.65 0.54453125 0.6236111109375 0.54765625 0.6180555562500001 0.55078125 0.6180555562500001 0.55625 0.625 0.56484375 0.6555555562500001 0.5671875 0.6569444437499999 0.56875 0.6541666671875 0.56484375 0.63055555625 0.55859375 0.6166666671875001 0.55546875 0.5833333328125 0.55703125 0.5583333328125 0.553125 0.55 0.55234375 0.55 0.55078125 0.547222221875 0.55078125 0.5361111109375
1 0.38828125 0.5861111109375 0.384375 0.5986111109375 0.38671875 0.6541666671875 0.384375 0.68194444375 0.3875 0.6861111109375 0.390625 0.68194444375 0.38984375 0.665277778125 0.39375 0.6513888890625 0.39609375 0.6555555562500001 0.39453125 0.684722221875 0.39765625 0.690277778125 0.40078125 0.690277778125 0.40234375 0.6888888890625 0.40078125 0.66944444375 0.40234375 0.6458333328125 0.396875 0.5694444437499999 0.39609375 0.5694444437499999 0.3890625 0.575 0.38828125 0.5861111109375
1 0.43359375 0.4361111109375 0.41015625 0.4361111109375 0.41015625 0.54444444375 0.43359375 0.54444444375 0.43359375 0.4361111109375
1 0.6078125 0.577777778125 0.6140625 0.577777778125 0.615625 0.5513888890625 0.609375 0.5236111109375 0.60546875 0.5166666671875 0.6046875 0.51805555625 0.6046875 0.5513888890625 0.6078125 0.577777778125
1 0.525 0.5111111109375 0.52109375 0.515277778125 0.5171875 0.527777778125 0.5171875 0.5361111109375 0.52109375 0.55 0.52109375 0.6013888890625 0.51875 0.609722221875 0.52265625 0.6111111109375 0.525 0.6083333328125 0.52578125 0.5888888890625 0.52890625 0.5763888890625 0.53203125 0.5861111109375 0.53203125 0.6111111109375 0.5328125 0.6138888890625 0.5359375 0.6138888890625 0.5375 0.609722221875 0.5375 0.525 0.5328125 0.5125 0.5328125 0.5013888890625 0.53125 0.4986111109375 0.53046875 0.4986111109375 0.5265625 0.5 0.525 0.5111111109375
1 0.3921875 0.5263888890625 0.39296875 0.5583333328125 0.39765625 0.5861111109375 0.4 0.584722221875 0.40234375 0.5458333328125 0.40859375 0.5361111109375 0.403125 0.525 0.40234375 0.490277778125 0.4015625 0.490277778125 0.39609375 0.4916666671875 0.3921875 0.5263888890625
1 0.221875 0.5875 0.21796875 0.5888888890625 0.21171875 0.584722221875 0.2109375 0.5763888890625 0.2078125 0.577777778125 0.20859375 0.5875 0.21796875 0.60555555625 0.21875 0.6152777781250001 0.21484375 0.65 0.209375 0.6791666671875001 0.21015625 0.6833333328125 0.215625 0.675 0.21875 0.6569444437499999 0.22578125 0.6486111109375 0.228125 0.6513888890625 0.23203125 0.66944444375 0.23671875 0.672222221875 0.234375 0.6180555562500001 0.2375 0.6111111109375 0.25078125 0.6111111109375 0.2546875 0.60555555625 0.253125 0.602777778125 0.24453125 0.602777778125 0.23359375 0.5875 0.23203125 0.5763888890625 0.23125 0.5763888890625 0.2265625 0.5763888890625 0.221875 0.5875
1 0.22421875 0.7208333328125 0.22265625 0.6888888890625 0.22421875 0.675 0.21953125 0.6736111109375 0.2125 0.684722221875 0.209375 0.702777778125 0.20859375 0.7388888890625 0.215625 0.7708333328125 0.21015625 0.7916666671875 0.21015625 0.8027777781250001 0.2125 0.80694444375 0.2234375 0.80694444375 0.22734375 0.8027777781250001 0.2265625 0.8027777781250001 0.22265625 0.7958333328125 0.22421875 0.7208333328125
1 0.4921875 0.56805555625 0.4859375 0.5791666671875 0.48359375 0.597222221875 0.48359375 0.6013888890625 0.48671875 0.6041666671875 0.4859375 0.64305555625 0.4875 0.6611111109375 0.4921875 0.6611111109375 0.49140625 0.6361111109375 0.49453125 0.6333333328124999 0.49765625 0.6388888890625 0.50390625 0.6625 0.5078125 0.6638888890625 0.50703125 0.652777778125 0.5015625 0.6347222218749999 0.5015625 0.6041666671875 0.50546875 0.5930555562500001 0.5046875 0.58055555625 0.49921875 0.5694444437499999 0.4984375 0.5555555562500001 0.49765625 0.5555555562500001 0.4921875 0.5583333328125 0.4921875 0.56805555625
1 0.2609375 0.7583333328124999 0.2609375 0.7291666671875 0.26328125 0.722222221875 0.26484375 0.6972222218749999 0.2625 0.6833333328125 0.2625 0.66805555625 0.2578125 0.6541666671875 0.25859375 0.6388888890625 0.253125 0.6361111109375 0.25 0.64305555625 0.25 0.6541666671875 0.24296875 0.6666666671875 0.24140625 0.68194444375 0.24609375 0.6916666671875 0.24609375 0.76805555625 0.25234375 0.76805555625 0.25078125 0.75 0.2546875 0.734722221875 0.25625 0.76944444375 0.25703125 0.76944444375 0.26328125 0.76805555625 0.2609375 0.7583333328124999
1 0.15703125 0.527777778125 0.15703125 0.540277778125 0.15234375 0.5541666671875001 0.1515625 0.5708333328124999 0.1546875 0.60555555625 0.146875 0.6375 0.14765625 0.640277778125 0.15234375 0.640277778125 0.1546875 0.6263888890625 0.16015625 0.6138888890625 0.1609375 0.602777778125 0.16484375 0.5958333328125 0.16796875 0.5958333328125 0.171875 0.6041666671875 0.1734375 0.6319444437499999 0.18046875 0.6333333328124999 0.178125 0.6236111109375 0.17734375 0.602777778125 0.16796875 0.5694444437499999 0.16796875 0.5611111109375 0.17109375 0.5527777781250001 0.1796875 0.5513888890625 0.18046875 0.5486111109375 0.178125 0.5458333328125 0.171875 0.547222221875 0.16796875 0.5375 0.16640625 0.525 0.165625 0.525 0.1625 0.5236111109375 0.15703125 0.527777778125
1 0.30234375 0.5763888890625 0.30078125 0.602777778125 0.303125 0.6152777781250001 0.3 0.6263888890625 0.30078125 0.6611111109375 0.29921875 0.66805555625 0.30625 0.66805555625 0.30625 0.6361111109375 0.309375 0.6319444437499999 0.3171875 0.640277778125 0.32890625 0.675 0.33203125 0.675 0.33203125 0.6666666671875 0.32265625 0.6361111109375 0.3171875 0.575 0.309375 0.559722221875 0.30234375 0.559722221875 0.30234375 0.5611111109375 0.30078125 0.5666666671875 0.30234375 0.5763888890625
1 0.30078125 0.4888888890625 0.2734375 0.4888888890625 0.2734375 0.6041666671875 0.30078125 0.6041666671875 0.30078125 0.4888888890625
1 0.59453125 0.5166666671875 0.58828125 0.5291666671875 0.5859375 0.5416666671875 0.5890625 0.5986111109375 0.590625 0.6041666671875 0.59296875 0.602777778125 0.59375 0.58055555625 0.6 0.5763888890625 0.60703125 0.5888888890625 0.61171875 0.6041666671875 0.61640625 0.60555555625 0.60703125 0.5694444437499999 0.6046875 0.5416666671875 0.6078125 0.5361111109375 0.6078125 0.5319444437499999 0.6046875 0.525 0.60546875 0.522222221875 0.6015625 0.5083333328124999 0.5984375 0.5041666671875 0.59765625 0.50555555625 0.5953125 0.5069444437499999 0.59453125 0.5166666671875
2 0.34296875 0.584722221875 0.3421875 0.5944444437499999 0.33515625 0.60694444375 0.334375 0.6236111109375 0.3421875 0.6569444437499999 0.34453125 0.6972222218749999 0.35234375 0.7111111109375 0.35625 0.6375 0.359375 0.6263888890625 0.359375 0.6152777781250001 0.3578125 0.602777778125 0.34921875 0.590277778125 0.3484375 0.5833333328125 0.34765625 0.5833333328125 0.34453125 0.58194444375 0.34296875 0.584722221875
1 0.59609375 0.5888888890625 0.6015625 0.5833333328125 0.6 0.5763888890625 0.59921875 0.5763888890625 0.59375 0.58055555625 0.59609375 0.5888888890625