0 0.5875 0.5 0.590625 0.5 0.590625 0.5078125 0.5875 0.50625 0.5875 0.5015625
1 0.7265625 0.8296875 0.73125 0.83125 0.7390625 0.8609375 0.740625 0.8765625 0.74375 0.88125 0.7515625 0.88125 0.753125 0.884375 0.753125 0.8875 0.74375 0.89375 0.740625 0.89375 0.7328125 0.8875 0.728125 0.89375 0.7265625 0.90625 0.7234375 0.909375 0.7203125 0.9078125 0.7265625 0.8890625 0.7265625 0.878125 0.7296875 0.865625 0.7265625 0.846875 0.7265625 0.83125
1 0.4421875 0.4609375 0.4453125 0.4625 0.45 0.4765625 0.4484375 0.49375 0.4515625 0.5 0.4578125 0.5015625 0.4578125 0.5078125 0.453125 0.5046875 0.4484375 0.5078125 0.4453125 0.5046875 0.440625 0.5109375 0.440625 0.5203125 0.4390625 0.521875 0.4359375 0.5203125 0.4390625 0.4859375 0.43125 0.478125 0.4390625 0.471875 0.440625 0.4625
1 0.6 0.4484375 0.603125 0.4484375 0.609375 0.4609375 0.60625 0.4734375 0.6078125 0.484375 0.615625 0.4859375 0.615625 0.4921875 0.6078125 0.49375 0.6015625 0.4890625 0.59375 0.5046875 0.590625 0.50625 0.5875 0.5046875 0.596875 0.48125 0.6 0.45
1 0.4625 0.5890625 0.471875 0.6078125 0.4703125 0.6296875 0.4734375 0.634375 0.478125 0.6296875 0.48125 0.6328125 0.48125 0.6359375 0.4703125 0.646875 0.465625 0.6484375 0.4640625 0.6609375 0.4578125 0.6625 0.4625 0.6375 0.4625 0.61875 0.459375 0.6125 0.459375 0.5953125 0.4625 0.590625
1 0.60625 0.69375 0.609375 0.69375 0.6140625 0.7078125 0.6140625 0.734375 0.6125 0.7359375 0.6140625 0.740625 0.6203125 0.746875 0.6203125 0.753125 0.615625 0.7515625 0.6078125 0.759375 0.60625 0.771875 0.603125 0.7703125 0.6046875 0.7296875 0.6015625 0.725 0.6015625 0.71875 0.60625 0.6953125
1 0.640625 0.5953125 0.6359375 0.575 0.63125 0.5671875 0.63125 0.5578125 0.6265625 0.5484375 0.6296875 0.5375 0.6296875 0.528125 0.63125 0.5265625 0.634375 0.528125 0.634375 0.5328125 0.6390625 0.5390625 0.6390625 0.5609375 0.6453125 0.5890625 0.6453125 0.5921875 0.6421875 0.59375
1 0.051776620370370376 0.4536516203703703 0.01378472222222223 0.06875578703703704
1 0.44375 0.534375 0.4484375 0.5359375 0.4484375 0.5421875 0.453125 0.5515625 0.453125 0.56875 0.4578125 0.5890625 0.45625 0.596875 0.4515625 0.5828125 0.45 0.58125 0.446875 0.5828125 0.446875 0.590625 0.45 0.59375 0.45 0.6 0.4484375 0.6 0.4421875 0.5875 0.44375 0.5359375
1 0.8421875 0.65 0.8453125 0.6515625 0.846875 0.6578125 0.8515625 0.6625 0.853125 0.7046875 0.8609375 0.71875 0.8609375 0.725 0.8578125 0.725 0.8484375 0.7109375 0.846875 0.715625 0.84375 0.715625 0.840625 0.7109375 0.8375 0.69375 0.840625 0.684375 0.8421875 0.6515625
1 0.7125 0.459375 0.715625 0.459375 0.7203125 0.4703125 0.7234375 0.4921875 0.7234375 0.4984375 0.7203125 0.503125 0.721875 0.5125 0.71875 0.5171875 0.715625 0.515625 0.715625 0.5078125 0.7125 0.503125 0.7125 0.4796875 0.7109375 0.478125 0.7125 0.4609375
1 0.8640625 0.6078125 0.86875 0.609375 0.8734375 0.625 0.871875 0.65625 0.8765625 0.659375 0.8796875 0.665625 0.8796875 0.66875 0.871875 0.6671875 0.86875 0.6703125 0.86875 0.6828125 0.8640625 0.684375 0.8625 0.640625 0.8609375 0.6390625 0.8640625 0.609375
2 0.721875 0.61875 0.7234375 0.575 0.725 0.5734375 0.7234375 0.571875 0.7234375 0.55625 0.725 0.5546875 0.728125 0.55625 0.7359375 0.56875 0.734375 0.5921875 0.7421875 0.596875 0.7421875 0.6015625 0.7375 0.6046875 0.728125 0.60625 0.7234375 0.61875