0 0.609375 0.5234375 0.6125 0.5265625 0.6109375 0.5328125 0.60625 0.53125 0.6078125 0.525
1 0.5953125 0.5234375 0.5953125 0.5140625 0.5921875 0.5046875 0.59375 0.5015625 0.5921875 0.478125 0.59375 0.4703125 0.6015625 0.4578125 0.6046875 0.4609375 0.6046875 0.503125 0.603125 0.515625 0.6 0.51875 0.6 0.5234375 0.596875 0.5234375
1 0.490625 0.5140625 0.5015625 0.534375 0.4984375 0.546875 0.496875 0.5734375 0.4921875 0.578125 0.4875 0.578125 0.484375 0.5703125 0.4859375 0.5578125 0.484375 0.5328125 0.4890625 0.5234375 0.4890625 0.515625
1 0.5015625 0.5375 0.5046875 0.5390625 0.509375 0.553125 0.5125 0.575 0.5109375 0.5890625 0.5046875 0.5859375 0.5015625 0.590625 0.4984375 0.590625 0.496875 0.5734375 0.5 0.5703125 0.5015625 0.5390625
1 0.49921875 0.446875 0.0265625 0.05
1 0.9 0.284375 0.9046875 0.296875 0.9046875 0.309375 0.9078125 0.3203125 0.9046875 0.3359375 0.9 0.3390625 0.8984375 0.321875 0.89375 0.3125 0.89375 0.3046875 0.9 0.2859375
1 0.1046875 0.5171875 0.103125 0.503125 0.10625 0.4953125 0.10625 0.4734375 0.103125 0.4625 0.10625 0.45 0.10625 0.4390625 0.1078125 0.4375 0.1109375 0.4390625 0.1171875 0.484375 0.1171875 0.4921875 0.1125 0.5015625 0.1125 0.5109375 0.10625 0.515625
1 0.209375 0.446875 0.2125 0.4484375 0.2140625 0.4609375 0.2140625 0.4921875 0.209375 0.5125 0.20625 0.5125 0.20625 0.4578125 0.209375 0.4484375
1 0.30625 0.3625 0.309375 0.3625 0.3140625 0.3765625 0.3125 0.3859375 0.3171875 0.4 0.3140625 0.415625 0.3125 0.4046875 0.309375 0.403125 0.3015625 0.4203125 0.3 0.421875 0.2984375 0.4203125 0.3046875 0.4015625 0.3046875 0.3671875 0.30625 0.3640625
1 0.7796875 0.3625 0.7875 0.3703125 0.7875 0.4015625 0.7859375 0.4046875 0.778125 0.4 0.7734375 0.390625 0.7734375 0.3625 0.775 0.3609375 0.778125 0.3625
1 0.06875 0.8 0.0703125 0.8140625 0.0765625 0.821875 0.075 0.86875 0.071875 0.871875 0.059375 0.8703125 0.059375 0.8453125 0.05625 0.840625 0.05625 0.825 0.0625 0.815625 0.0640625 0.8015625 0.0671875 0.8
1 0.58125 0.496875 0.5859375 0.4984375 0.59375 0.5125 0.5890625 0.528125 0.5890625 0.5375 0.584375 0.5453125 0.58125 0.559375 0.5703125 0.571875 0.5703125 0.565625 0.5734375 0.5609375 0.578125 0.5390625 0.5765625 0.5203125 0.58125 0.4984375
1 0.6234375 0.5296875 0.6296875 0.5609375 0.6296875 0.5859375 0.625 0.5953125 0.625 0.6125 0.6234375 0.6140625 0.621875 0.6125 0.6203125 0.6015625 0.61875 0.565625 0.6125 0.5578125 0.6203125 0.540625 0.621875 0.53125
1 0.3859375 0.384375 0.3796875 0.3796875 0.378125 0.3859375 0.3765625 0.3875 0.375 0.3859375 0.375 0.378125 0.3796875 0.365625 0.378125 0.334375 0.3828125 0.325 0.3859375 0.3265625 0.3875 0.3359375 0.3859375 0.3828125
1 0.5671875 0.446875 0.5703125 0.4484375 0.56875 0.4921875 0.5640625 0.5078125 0.5609375 0.5109375 0.559375 0.509375 0.5609375 0.490625 0.5578125 0.4875 0.559375 0.4859375 0.5578125 0.478125 0.559375 0.465625 0.5640625 0.4515625 0.5671875 0.4484375
2 0.31875 0.46875 0.321875 0.4734375 0.3265625 0.503125 0.3265625 0.546875 0.3234375 0.54375 0.321875 0.534375 0.3171875 0.5375 0.3140625 0.54375 0.3140625 0.534375 0.3203125 0.5234375 0.3203125 0.5140625 0.3171875 0.509375 0.315625 0.4984375 0.3171875 0.4703125