0 0.2046875 0.50625 0.2078125 0.50625 0.2078125 0.5140625 0.2046875 0.5140625 0.203125 0.5109375 0.2046875 0.5078125
1 0.7265625 0.71875 0.73125 0.71875 0.73125 0.7265625 0.7359375 0.7390625 0.7359375 0.7546875 0.734375 0.75625 0.7359375 0.775 0.7296875 0.7859375 0.7328125 0.8109375 0.7296875 0.8109375 0.728125 0.7984375 0.7265625 0.79375 0.7234375 0.7921875 0.7203125 0.7984375 0.7203125 0.8125 0.7171875 0.815625 0.7171875 0.7875 0.7203125 0.7796875 0.7203125 0.7453125 0.7140625 0.74375 0.71875 0.734375 0.7265625 0.728125 0.7265625 0.7203125
1 0.6984375 0.6546875 0.7046875 0.65625 0.7046875 0.6609375 0.7125 0.6703125 0.7140625 0.6765625 0.7125 0.7171875 0.7171875 0.728125 0.7171875 0.734375 0.7140625 0.7390625 0.7125 0.7296875 0.7046875 0.7203125 0.703125 0.7140625 0.7046875 0.6796875 0.7 0.6703125 0.6984375 0.65625
1 0.2390625 0.4390625 0.2390625 0.44375 0.2453125 0.453125 0.2453125 0.4640625 0.2421875 0.4734375 0.24375 0.5015625 0.240625 0.5 0.2390625 0.4953125 0.2390625 0.4875 0.2328125 0.4640625 0.2328125 0.4484375 0.234375 0.440625 0.2375 0.4390625
1 0.3296875 0.6765625 0.334375 0.68125 0.3328125 0.7125 0.334375 0.7140625 0.334375 0.7640625 0.3359375 0.76875 0.3296875 0.76875 0.3265625 0.765625 0.3234375 0.7671875 0.3203125 0.7625 0.321875 0.7515625 0.3203125 0.703125 0.3296875 0.678125
1 0.4046875 0.7625 0.409375 0.7578125 0.409375 0.75 0.4125 0.7484375 0.4140625 0.7515625 0.4125 0.775 0.4140625 0.7828125 0.4171875 0.784375 0.415625 0.803125 0.41875 0.8234375 0.415625 0.8359375 0.4171875 0.8515625 0.4078125 0.846875 0.40625 0.8484375 0.403125 0.84375 0.4046875 0.7640625
1 0.49375 0.6078125 0.496875 0.6078125 0.5 0.6203125 0.4984375 0.6875 0.4921875 0.690625 0.49375 0.609375
1 0.6328125 0.66875 0.6375 0.6515625 0.634375 0.64375 0.6359375 0.634375 0.634375 0.6203125 0.6359375 0.61875 0.640625 0.621875 0.6453125 0.634375 0.6453125 0.65 0.6484375 0.6625 0.64375 0.678125 0.6421875 0.69375 0.64375 0.70625 0.6375 0.7125 0.6328125 0.709375 0.6375 0.7015625 0.634375 0.66875
1 0.7296875 0.68125 0.7328125 0.68125 0.734375 0.690625 0.740625 0.7015625 0.7421875 0.7109375 0.740625 0.7140625 0.740625 0.746875 0.7453125 0.75625 0.746875 0.7671875 0.746875 0.7734375 0.7453125 0.7765625 0.74375 0.7734375 0.7421875 0.7625 0.7375 0.75625 0.7375 0.7359375 0.7328125 0.728125 0.7328125 0.721875 0.7265625 0.715625 0.7296875 0.6828125
1 0.7703125 0.790625 0.7734375 0.796875 0.775 0.815625 0.771875 0.8203125 0.7703125 0.8296875 0.771875 0.8453125 0.7671875 0.8640625 0.7671875 0.8796875 0.7640625 0.8828125 0.7625 0.88125 0.7640625 0.8578125 0.7578125 0.85625 0.7484375 0.86875 0.746875 0.8625 0.75 0.8546875 0.7578125 0.8453125 0.7578125 0.8203125 0.753125 0.8109375 0.7546875 0.7984375 0.7609375 0.790625 0.76875 0.790625
1 0.7703125 0.7015625 0.775 0.7015625 0.7796875 0.71875 0.7796875 0.7703125 0.784375 0.7859375 0.7828125 0.7953125 0.778125 0.7921875 0.775 0.7984375 0.7703125 0.79375 0.76875 0.7859375 0.7703125 0.765625 0.7671875 0.75625 0.765625 0.7203125 0.7703125 0.7125 0.7703125 0.703125
1 0.6921875 0.6609375 0.696875 0.6609375 0.6984375 0.6703125 0.7046875 0.6828125 0.7015625 0.7125 0.703125 0.746875 0.7 0.7453125 0.6984375 0.7234375 0.69375 0.721875 0.690625 0.7484375 0.6890625 0.75 0.6859375 0.7484375 0.6890625 0.73125 0.6921875 0.6625
1 0.5796875 0.6328125 0.5828125 0.6296875 0.5859375 0.61875 0.5859375 0.59375 0.5890625 0.5921875 0.5953125 0.6078125 0.5953125 0.634375 0.5921875 0.64375 0.59375 0.6703125 0.5890625 0.675 0.584375 0.675 0.5859375 0.6515625 0.584375 0.6375 0.58125 0.634375
1 0.66875 0.6421875 0.6734375 0.659375 0.6734375 0.709375 0.671875 0.7109375 0.6734375 0.7265625 0.66875 0.734375 0.665625 0.7328125 0.6640625 0.7265625 0.665625 0.7015625 0.6625 0.6828125 0.6640625 0.64375 0.6671875 0.6421875
1 0.6984375 0.6546875 0.703125 0.6546875 0.70625 0.6625 0.7125 0.66875 0.7140625 0.6765625 0.7125 0.7171875 0.71875 0.73125 0.7140625 0.7390625 0.7125 0.73125 0.703125 0.715625 0.7046875 0.6796875 0.7 0.671875 0.6984375 0.65625
1 0.7703125 0.7015625 0.775 0.7015625 0.7796875 0.71875 0.7796875 0.7734375 0.784375 0.7859375 0.7828125 0.7953125 0.7765625 0.7921875 0.775 0.7984375 0.7703125 0.7921875 0.7703125 0.7640625 0.765625 0.73125 0.765625 0.721875 0.7703125 0.7125 0.7703125 0.703125
1 0.2328125 0.671875 0.2296875 0.6109375 0.23125 0.6015625 0.2375 0.5890625 0.2421875 0.5921875 0.24375 0.6125 0.2421875 0.6140625 0.2421875 0.6421875 0.2390625 0.65625 0.2390625 0.6703125 0.234375 0.671875
1 0.7609375 0.6953125 0.7671875 0.696875 0.76875 0.7015625 0.76875 0.7125 0.7640625 0.721875 0.7640625 0.7296875 0.7671875 0.7359375 0.7671875 0.7625 0.7609375 0.76875 0.7625 0.7828125 0.7578125 0.7890625 0.753125 0.7890625 0.7578125 0.7796875 0.7578125 0.7453125 0.7609375 0.7390625 0.759375 0.7296875 0.7609375 0.696875
1 0.6640625 0.6421875 0.6703125 0.64375 0.6703125 0.6515625 0.6734375 0.6578125 0.6734375 0.709375 0.671875 0.7109375 0.6734375 0.7265625 0.671875 0.73125 0.66875 0.734375 0.6671875 0.7328125 0.6640625 0.721875 0.665625 0.7046875 0.6625 0.6859375 0.6640625 0.64375
1 0.7765625 0.615625 0.78125 0.6171875 0.79375 0.64375 0.79375 0.65625 0.790625 0.665625 0.790625 0.6921875 0.7859375 0.7 0.78125 0.696875 0.784375 0.6921875 0.784375 0.68125 0.7828125 0.6796875 0.7828125 0.659375 0.7796875 0.6484375 0.78125 0.6390625 0.7765625 0.6171875
1 0.3890625 0.4921875 0.3953125 0.5125 0.3921875 0.56875 0.3890625 0.571875 0.384375 0.5703125 0.3875 0.5640625 0.3875 0.5234375 0.3859375 0.521875 0.3875 0.49375
1 0.7296875 0.68125 0.7328125 0.68125 0.7359375 0.69375 0.740625 0.7015625 0.7421875 0.7109375 0.740625 0.7140625 0.740625 0.746875 0.7421875 0.7546875 0.7453125 0.75625 0.746875 0.7703125 0.7453125 0.775 0.74375 0.7734375 0.7421875 0.7625 0.7375 0.75625 0.7375 0.7359375 0.7328125 0.728125 0.7328125 0.721875 0.7265625 0.715625 0.7296875 0.6828125
2 0.2953125 0.7046875 0.2953125 0.6921875 0.3015625 0.6796875 0.3015625 0.63125 0.3046875 0.6265625 0.3046875 0.6203125 0.309375 0.615625 0.3125 0.6171875 0.3109375 0.6875 0.3078125 0.6953125 0.309375 0.7046875 0.3046875 0.703125 0.303125 0.690625 0.2984375 0.69375 0.2984375 0.7046875 0.296875 0.7046875
1 0.666413965625 0.7431944453125 0.6665991515624999 0.7348611109375 0.665190971875 0.7278240734375 0.6637210640625 0.7235648140625 0.661284721875 0.7275925921875 0.66200424375 0.7304166671875 0.6617264656249999 0.7429166671874999 0.6624768515625 0.744351853125 0.6648206015625 0.744490740625 0.666413965625 0.7431944453125
1 0.6483121140625 0.7129166671875 0.64169174375 0.7292129640625 0.6407253093749999 0.7375 0.6499151234375 0.7463888875 0.6538522375 0.7452314828125 0.6531635796875 0.74101851875 0.65665895 0.7245370359375001 0.6559394296875001 0.7217129625 0.6591261578125 0.7191203703125 0.66112075625 0.69976851875 0.662744984375 0.6970833328125 0.6629301703125 0.68875 0.6608950625000001 0.674722221875 0.657173996875 0.6661574078125 0.6565470671875 0.659166665625 0.6526716828125 0.657546296875 0.6468325625 0.6738888890625 0.64705825625 0.698935184375 0.6461844140624999 0.70305555625 0.6483121140625 0.7129166671875
1 0.6476543203125 0.707314815625 0.6498437499999999 0.7143981484374999 0.6496277 0.7241203703125 0.65197145 0.724259259375 0.6535956796875 0.7215740734375 0.6610995375 0.735925925 0.660163965625 0.7428240749999999 0.6624459875 0.7457407421875 0.6655709875 0.7459259265625 0.667195215625 0.743240740625 0.6675655859375 0.7265740734375 0.6654378859375 0.7167129625 0.6649961421875 0.7013888890625 0.6623341046875 0.6803703703124999 0.6573283171875001 0.6592129625 0.6550462968749999 0.656296296875 0.6526716828125 0.657546296875 0.647675540625 0.6711574062500001 0.6470273921875 0.7003240734375 0.6476543203125 0.707314815625