1 0.6203125 0.3125 0.6234375 0.3140625 0.625 0.31875 0.6265625 0.35 0.6296875 0.3578125 0.628125 0.3609375 0.625 0.35625 0.621875 0.3546875 0.61875 0.35625 0.615625 0.3515625 0.61875 0.33125 0.6171875 0.31875 0.6203125 0.3140625
1 0.609375 0.8125 0.6109375 0.8 0.609375 0.76875 0.6109375 0.765625 0.6078125 0.7609375 0.6078125 0.7546875 0.6171875 0.725 0.6203125 0.7265625 0.6265625 0.753125 0.6234375 0.7671875 0.6203125 0.7703125 0.6203125 0.7796875 0.6171875 0.7875 0.6171875 0.8 0.621875 0.80625 0.6234375 0.81875 0.6203125 0.8203125 0.615625 0.8125 0.6109375 0.8125
1 0.4359375 0.30625 0.440625 0.315625 0.4421875 0.33125 0.440625 0.334375 0.4453125 0.340625 0.4453125 0.34375 0.4390625 0.3484375 0.440625 0.35 0.4390625 0.35625 0.4375 0.3578125 0.4359375 0.35625 0.434375 0.34375 0.4359375 0.3328125 0.4328125 0.3140625 0.434375 0.3078125
1 0.33125 0.646875 0.3359375 0.646875 0.3390625 0.65625 0.3359375 0.7 0.34375 0.7078125 0.34375 0.7125 0.3390625 0.7109375 0.328125 0.6984375 0.3265625 0.7 0.328125 0.7171875 0.325 0.7203125 0.3234375 0.71875 0.3234375 0.7 0.3265625 0.6953125 0.33125 0.6484375
1 0.965625 0.5 0.9671875 0.565625 0.9640625 0.5640625 0.9609375 0.55625 0.9578125 0.5625 0.9546875 0.5640625 0.95625 0.528125 0.959375 0.5234375 0.959375 0.5046875 0.9640625 0.5
1 0.3265625 0.403125 0.3296875 0.4046875 0.328125 0.409375 0.33125 0.4125 0.3359375 0.4296875 0.334375 0.4390625 0.3421875 0.4484375 0.3421875 0.453125 0.340625 0.453125 0.3359375 0.446875 0.3328125 0.446875 0.33125 0.4484375 0.3328125 0.4578125 0.3265625 0.459375 0.328125 0.4578125 0.325 0.440625 0.3265625 0.43125 0.325 0.40625 0.3265625 0.4046875
1 0.603125 0.546875 0.60625 0.553125 0.6046875 0.559375 0.6078125 0.565625 0.60625 0.590625 0.6140625 0.6 0.6140625 0.603125 0.6109375 0.6046875 0.6078125 0.6 0.6046875 0.6 0.603125 0.609375 0.6 0.6109375 0.5984375 0.615625 0.5953125 0.6140625 0.5953125 0.609375 0.5984375 0.60625 0.596875 0.5953125 0.6 0.58125 0.5984375 0.55625 0.6015625 0.5484375
1 0.3625 0.3890625 0.371875 0.4078125 0.3703125 0.4140625 0.371875 0.4234375 0.375 0.428125 0.375 0.434375 0.3671875 0.43125 0.3625 0.4421875 0.359375 0.4421875 0.3609375 0.4015625 0.3578125 0.39375 0.3578125 0.390625 0.3609375 0.3890625
1 0.640625 0.8921875 0.6453125 0.896875 0.646875 0.90625 0.6453125 0.95625 0.64375 0.9578125 0.64375 0.965625 0.646875 0.9734375 0.6453125 0.9984375 0.640625 0.996875 0.6421875 0.98125 0.640625 0.9640625 0.6359375 0.959375 0.63125 0.959375 0.625 0.9765625 0.621875 0.975 0.6203125 0.9703125 0.6296875 0.95 0.63125 0.934375 0.634375 0.928125 0.634375 0.909375 0.6375 0.9078125 0.6390625 0.89375
1 0.2234375 0.609375 0.2203125 0.6359375 0.2171875 0.6375 0.21875 0.6625 0.2109375 0.68125 0.2078125 0.684375 0.20625 0.6828125 0.20625 0.66875 0.2109375 0.6609375 0.2078125 0.653125 0.2078125 0.6421875 0.2171875 0.6140625 0.21875 0.6109375 0.221875 0.6109375
1 0.5234375 0.828125 0.528125 0.853125 0.5234375 0.896875 0.525 0.934375 0.521875 0.934375 0.5203125 0.921875 0.51875 0.9203125 0.515625 0.9234375 0.5125 0.921875 0.5140625 0.9125 0.5109375 0.9046875 0.5140625 0.8484375 0.51875 0.840625 0.51875 0.8296875 0.521875 0.828125
1 0.8453125 0.6875 0.84375 0.684375 0.8453125 0.671875 0.8421875 0.65625 0.84375 0.60625 0.8453125 0.6046875 0.8515625 0.6109375 0.85625 0.6234375 0.8546875 0.6484375 0.8515625 0.653125 0.8515625 0.678125 0.85 0.6859375 0.846875 0.6875
1 0.1328125 0.63125 0.134375 0.625 0.13125 0.6203125 0.128125 0.584375 0.1375 0.571875 0.1375 0.5671875 0.140625 0.565625 0.146875 0.59375 0.14375 0.615625 0.1453125 0.6234375 0.1484375 0.6265625 0.15 0.6421875 0.1484375 0.64375 0.146875 0.6421875 0.140625 0.6296875 0.134375 0.6375 0.134375 0.6328125
1 0.190625 0.5171875 0.1984375 0.5296875 0.1984375 0.5359375 0.2015625 0.540625 0.2015625 0.5609375 0.2125 0.56875 0.20625 0.58125 0.2015625 0.5828125 0.2015625 0.578125 0.19375 0.5640625 0.1953125 0.5546875 0.1875 0.55 0.190625 0.540625 0.1890625 0.51875
1 0.3234375 0.628125 0.3296875 0.6453125 0.3296875 0.6609375 0.328125 0.66875 0.325 0.671875 0.325 0.684375 0.321875 0.6859375 0.325 0.696875 0.3234375 0.7046875 0.3171875 0.696875 0.3140625 0.696875 0.3125 0.675 0.30625 0.6703125 0.3140625 0.6578125 0.3140625 0.65 0.3203125 0.6390625 0.321875 0.6296875
1 0.034375 0.278125 0.0375 0.2796875 0.040625 0.3015625 0.0375 0.3078125 0.0359375 0.3390625 0.0328125 0.3390625 0.0296875 0.3328125 0.03125 0.3265625 0.0265625 0.296875 0.03125 0.28125 0.034375 0.2796875
0 0.259375 0.659375 0.2625 0.665625 0.2578125 0.6703125 0.2515625 0.665625 0.253125 0.659375 0.2546875 0.6578125 0.2578125 0.659375
2 0.6 0.3796875 0.603125 0.3796875 0.60625 0.390625 0.609375 0.39375 0.6078125 0.4171875 0.6109375 0.4203125 0.6140625 0.43125 0.6140625 0.434375 0.6109375 0.4328125 0.6046875 0.4203125 0.6 0.425 0.6 0.4359375 0.596875 0.4375 0.6 0.38125