1 0.3875 0.48125 0.390625 0.48125 0.390625 0.509375 0.3953125 0.5125 0.3953125 0.515625 0.390625 0.5140625 0.3875 0.5171875 0.3890625 0.5328125 0.38125 0.55 0.38125 0.5578125 0.378125 0.559375 0.3734375 0.5546875 0.3765625 0.5484375 0.375 0.5328125 0.378125 0.5265625 0.3765625 0.50625 0.378125 0.4984375 0.3859375 0.4890625 0.3875 0.4828125
1 0.9296875 0.3375 0.934375 0.3453125 0.9359375 0.35625 0.9359375 0.365625 0.93125 0.371875 0.93125 0.3890625 0.9328125 0.390625 0.93125 0.3984375 0.925 0.3984375 0.9265625 0.390625 0.9234375 0.384375 0.9234375 0.3609375 0.9203125 0.3578125 0.9171875 0.3625 0.9140625 0.3609375 0.9203125 0.3328125 0.9234375 0.33125 0.928125 0.3375
1 0.1015625 0.56875 0.1046875 0.5703125 0.1046875 0.5828125 0.109375 0.5984375 0.109375 0.603125 0.1046875 0.60625 0.103125 0.6125 0.1046875 0.6421875 0.1015625 0.6515625 0.1015625 0.6609375 0.0953125 0.6625 0.09375 0.659375 0.0953125 0.6484375 0.0921875 0.6453125 0.0890625 0.6453125 0.0828125 0.6515625 0.0828125 0.6421875 0.090625 0.634375 0.0921875 0.6296875 0.0890625 0.6125 0.0890625 0.59375 0.0984375 0.5796875 0.1 0.5703125
1 0.56875 0.5234375 0.5703125 0.521875 0.56875 0.5109375 0.5703125 0.4859375 0.5671875 0.4640625 0.571875 0.4546875 0.5734375 0.4453125 0.5765625 0.44375 0.578125 0.4453125 0.5765625 0.475 0.5828125 0.4890625 0.5765625 0.4984375 0.575 0.51875 0.5734375 0.5234375 0.5703125 0.525
1 0.109375 0.425 0.1140625 0.4046875 0.1171875 0.3671875 0.121875 0.3640625 0.1234375 0.365625 0.1234375 0.3828125 0.1265625 0.3859375 0.125 0.4078125 0.11875 0.4140625 0.115625 0.4265625 0.1140625 0.428125 0.1109375 0.4265625
1 0.4546875 0.4671875 0.45625 0.46875 0.4546875 0.496875 0.4578125 0.5 0.4578125 0.5046875 0.45 0.50625 0.4515625 0.5328125 0.446875 0.5328125 0.446875 0.525 0.44375 0.51875 0.4328125 0.5265625 0.425 0.5265625 0.425 0.521875 0.4328125 0.5203125 0.4375 0.5140625 0.440625 0.484375 0.44375 0.475 0.453125 0.4671875
1 0.5078125 0.475 0.5109375 0.475 0.5109375 0.484375 0.5140625 0.490625 0.5125 0.503125 0.5140625 0.5359375 0.509375 0.5328125 0.5015625 0.5484375 0.5 0.5421875 0.503125 0.53125 0.503125 0.5203125 0.496875 0.5109375 0.496875 0.4921875 0.503125 0.4859375 0.5078125 0.4765625
1 0.5625 0.4625 0.565625 0.4625 0.56875 0.4875 0.5671875 0.5390625 0.559375 0.5390625 0.55625 0.5359375 0.55625 0.5203125 0.5515625 0.4859375 0.553125 0.4765625 0.5625 0.4640625
1 0.1765625 0.6421875 0.1796875 0.6453125 0.178125 0.6859375 0.1828125 0.7 0.18125 0.725 0.1859375 0.7328125 0.184375 0.7359375 0.1765625 0.734375 0.178125 0.7265625 0.178125 0.703125 0.1765625 0.7015625 0.16875 0.7078125 0.1640625 0.7234375 0.1609375 0.7265625 0.1609375 0.7421875 0.15625 0.74375 0.153125 0.7390625 0.153125 0.7328125 0.1578125 0.7265625 0.165625 0.7 0.1671875 0.6734375 0.1734375 0.65625 0.1734375 0.6484375 0.1765625 0.64375
1 0.1828125 0.63125 0.184375 0.6203125 0.1921875 0.615625 0.1921875 0.58125 0.2015625 0.55625 0.2046875 0.559375 0.2046875 0.58125 0.2015625 0.5921875 0.2015625 0.640625 0.2046875 0.646875 0.196875 0.65 0.1953125 0.6484375 0.196875 0.6328125 0.190625 0.628125 0.184375 0.63125
1 0.5515625 0.59375 0.5546875 0.59375 0.5546875 0.6109375 0.55625 0.6125 0.55625 0.6265625 0.553125 0.63125 0.553125 0.6515625 0.55 0.65625 0.546875 0.671875 0.5453125 0.6734375 0.5421875 0.6703125 0.5359375 0.6765625 0.5359375 0.6875 0.53125 0.6859375 0.53125 0.6765625 0.5359375 0.671875 0.540625 0.653125 0.540625 0.634375 0.5375 0.6296875 0.5375 0.6140625 0.5484375 0.603125 0.5515625 0.5953125
2 0.0828125 0.4875 0.08125 0.4953125 0.0828125 0.5125 0.0796875 0.5203125 0.0828125 0.528125 0.084375 0.55625 0.08125 0.5578125 0.0796875 0.55625 0.078125 0.5359375 0.0734375 0.534375 0.0671875 0.5375 0.0484375 0.5578125 0.0453125 0.5578125 0.0484375 0.5484375 0.059375 0.5390625 0.059375 0.5359375 0.0640625 0.53125 0.065625 0.4921875 0.08125 0.4890625