0 0.29375 0.4421875 0.2984375 0.44375 0.2984375 0.4484375 0.29375 0.4484375 0.29375 0.44375
1 0.8078125 0.2984375 0.8140625 0.3046875 0.81875 0.30625 0.81875 0.3546875 0.8140625 0.359375 0.8109375 0.3484375 0.8125 0.3140625 0.8078125 0.3
1 0.7328125 0.440625 0.7359375 0.44375 0.7375 0.4546875 0.7375 0.4859375 0.740625 0.4921875 0.7484375 0.4984375 0.7484375 0.503125 0.7453125 0.5046875 0.74375 0.5 0.7375 0.4984375 0.734375 0.49375 0.73125 0.496875 0.7296875 0.5109375 0.7265625 0.5125 0.725 0.5109375 0.7296875 0.4921875 0.7296875 0.45625 0.7328125 0.4421875
1 0.584375 0.3125 0.58125 0.3015625 0.578125 0.2984375 0.5765625 0.284375 0.578125 0.2625 0.5796875 0.2609375 0.5828125 0.2625 0.5875 0.278125 0.584375 0.29375 0.5875 0.303125 0.5859375 0.3109375
1 0.615625 0.4625 0.61875 0.4703125 0.6265625 0.475 0.6296875 0.4796875 0.6328125 0.4796875 0.640625 0.471875 0.6390625 0.48125 0.6296875 0.4890625 0.6265625 0.496875 0.625 0.540625 0.6234375 0.5484375 0.6171875 0.5484375 0.615625 0.5109375 0.61875 0.4828125 0.6140625 0.4671875 0.615625 0.4640625
1 0.8234375 0.384375 0.8234375 0.3546875 0.825 0.353125 0.828125 0.35625 0.83125 0.371875 0.83125 0.378125 0.825 0.384375
1 0.1703125 0.3796875 0.1703125 0.3953125 0.16875 0.396875 0.1703125 0.43125 0.1671875 0.428125 0.165625 0.4171875 0.1609375 0.4140625 0.1578125 0.421875 0.153125 0.4265625 0.153125 0.41875 0.15625 0.4125 0.15625 0.3921875 0.16875 0.3796875
1 0.3203125 0.565625 0.328125 0.5859375 0.3265625 0.61875 0.328125 0.6203125 0.334375 0.6171875 0.3375 0.621875 0.3375 0.628125 0.3296875 0.6265625 0.325 0.6328125 0.3234375 0.6375 0.325 0.6484375 0.3203125 0.6484375 0.31875 0.6046875 0.3140625 0.6015625 0.31875 0.5796875 0.31875 0.5671875
1 0.8859375 0.4421875 0.8875 0.4421875 0.8875 0.446875 0.8828125 0.475 0.884375 0.484375 0.88125 0.496875 0.88125 0.5078125 0.884375 0.5203125 0.8828125 0.525 0.8765625 0.5234375 0.8765625 0.5 0.875 0.4984375 0.8765625 0.4640625 0.865625 0.446875 0.871875 0.45 0.878125 0.45 0.8859375 0.44375
1 0.834375 0.378125 0.8484375 0.3796875 0.8484375 0.3828125 0.840625 0.3875 0.840625 0.409375 0.8484375 0.428125 0.846875 0.4296875 0.84375 0.428125 0.8296875 0.3953125 0.8265625 0.39375 0.8234375 0.396875 0.8171875 0.390625 0.8171875 0.3875 0.821875 0.3875 0.8296875 0.3796875 0.8328125 0.3796875
1 0.5109375 0.425 0.5203125 0.4421875 0.5234375 0.4453125 0.528125 0.4453125 0.53125 0.45 0.5296875 0.453125 0.525 0.4546875 0.5109375 0.4484375 0.496875 0.446875 0.5015625 0.4359375 0.5015625 0.425 0.5046875 0.421875 0.509375 0.425
1 0.5609375 0.3921875 0.5640625 0.40625 0.56875 0.4125 0.571875 0.4125 0.571875 0.4171875 0.5671875 0.4203125 0.565625 0.4265625 0.565625 0.440625 0.5625 0.4421875 0.5609375 0.4375 0.5578125 0.4359375 0.55 0.44375 0.55 0.4375 0.553125 0.43125 0.553125 0.4109375 0.559375 0.39375
2 0.778125 0.3453125 0.7828125 0.35 0.784375 0.359375 0.7828125 0.3890625 0.7859375 0.3984375 0.7859375 0.4 0.7828125 0.3984375 0.7796875 0.3875 0.7734375 0.384375 0.775 0.3578125 0.778125 0.346875