0 0.621875 0.453125 0.6234375 0.4546875 0.621875 0.4640625 0.6171875 0.4625 0.6171875 0.4546875 0.6203125 0.453125
1 0.58125 0.3296875 0.584375 0.33125 0.584375 0.353125 0.58125 0.3625 0.58125 0.3890625 0.578125 0.390625 0.5765625 0.384375 0.5671875 0.375 0.571875 0.371875 0.5734375 0.3671875 0.5734375 0.35625 0.58125 0.33125
1 0.6390625 0.4 0.64375 0.4015625 0.6453125 0.409375 0.6515625 0.4171875 0.653125 0.425 0.6515625 0.45 0.6625 0.4796875 0.6625 0.4859375 0.6609375 0.4859375 0.653125 0.4640625 0.640625 0.4578125 0.6359375 0.4671875 0.6375 0.48125 0.6359375 0.4828125 0.634375 0.48125 0.634375 0.4640625 0.6328125 0.4625 0.6359375 0.4484375 0.634375 0.41875 0.6390625 0.4109375 0.6390625 0.4015625
1 0.815625 0.3109375 0.815625 0.31875 0.81875 0.325 0.81875 0.35 0.8140625 0.3953125 0.80625 0.3953125 0.80625 0.35 0.8046875 0.3484375 0.80625 0.346875 0.80625 0.325 0.8109375 0.31875 0.8109375 0.3125 0.8140625 0.3109375
1 0.3171875 0.35625 0.321875 0.3578125 0.321875 0.403125 0.3234375 0.4046875 0.321875 0.4328125 0.3203125 0.4390625 0.3171875 0.4421875 0.315625 0.4390625 0.315625 0.4203125 0.3140625 0.41875 0.3140625 0.3921875 0.315625 0.390625 0.3125 0.3890625 0.3125 0.3765625 0.315625 0.3703125 0.3171875 0.3578125
1 0.5984375 0.3453125 0.6015625 0.3484375 0.6046875 0.359375 0.603125 0.3921875 0.6015625 0.39375 0.603125 0.4109375 0.6 0.4203125 0.6 0.434375 0.5984375 0.4359375 0.596875 0.434375 0.596875 0.4140625 0.59375 0.4109375 0.5875 0.4140625 0.584375 0.4109375 0.5859375 0.3984375 0.590625 0.3859375 0.5921875 0.3609375 0.5953125 0.35625 0.596875 0.346875
1 0.5859375 0.4140625 0.5890625 0.4203125 0.58125 0.4296875 0.5703125 0.4265625 0.5671875 0.421875 0.56875 0.4046875 0.571875 0.3921875 0.575 0.3890625 0.578125 0.390625 0.578125 0.4015625 0.584375 0.4140625
1 0.1921875 0.4328125 0.19375 0.434375 0.1921875 0.4640625 0.1953125 0.471875 0.1875 0.4765625 0.1875 0.4859375 0.1921875 0.5 0.1921875 0.51875 0.1890625 0.5328125 0.1921875 0.54375 0.1875 0.54375 0.184375 0.5390625 0.1875 0.5140625 0.1875 0.5078125 0.184375 0.5046875 0.1796875 0.50625 0.1765625 0.51875 0.16875 0.53125 0.1671875 0.540625 0.1640625 0.5359375 0.1640625 0.528125 0.16875 0.521875 0.1703125 0.5125 0.178125 0.4984375 0.178125 0.4828125 0.1734375 0.459375 0.184375 0.4484375 0.1859375 0.4375 0.190625 0.4328125
1 0.1484375 0.2890625 0.1515625 0.2890625 0.1515625 0.29375 0.15625 0.3015625 0.159375 0.3328125 0.1578125 0.340625 0.1546875 0.34375 0.1546875 0.3640625 0.15625 0.365625 0.153125 0.3671875 0.15 0.35625 0.14375 0.359375 0.1421875 0.3578125 0.1484375 0.3453125 0.1484375 0.325 0.146875 0.3234375 0.1484375 0.290625
1 0.2765625 0.3125 0.2828125 0.3140625 0.2828125 0.359375 0.284375 0.3609375 0.275 0.38125 0.271875 0.3828125 0.275 0.315625 0.2765625 0.3140625
1 0.0453125 0.4734375 0.0484375 0.471875 0.0515625 0.4734375 0.0515625 0.484375 0.0484375 0.4890625 0.0484375 0.509375 0.0578125 0.5140625 0.0546875 0.51875 0.0484375 0.521875 0.0484375 0.5296875 0.053125 0.5421875 0.053125 0.559375 0.046875 0.575 0.05 0.5875 0.046875 0.5890625 0.0390625 0.58125 0.040625 0.575 0.04375 0.5734375 0.0484375 0.5546875 0.046875 0.5484375 0.0421875 0.5484375 0.0328125 0.5625 0.0328125 0.56875 0.028125 0.578125 0.028125 0.5890625 0.025 0.590625 0.021875 0.5859375 0.021875 0.5765625 0.025 0.5734375 0.0265625 0.5640625 0.0328125 0.553125 0.0375 0.4984375 0.04375 0.4859375 0.0453125 0.475
1 0.503125 0.6625 0.509375 0.6640625 0.5078125 0.6765625 0.509375 0.709375 0.50625 0.715625 0.50625 0.7453125 0.5109375 0.759375 0.5109375 0.7703125 0.509375 0.7734375 0.50625 0.7734375 0.49375 0.784375 0.4921875 0.7875 0.49375 0.8 0.490625 0.803125 0.4828125 0.8 0.484375 0.7796875 0.490625 0.771875 0.4921875 0.765625 0.490625 0.7234375 0.4921875 0.721875 0.49375 0.6890625 0.5015625 0.678125 0.503125 0.6640625
1 0.309375 0.409375 0.01640625 0.04453125
1 0.7859375 0.465625 0.7859375 0.478125 0.790625 0.4859375 0.7921875 0.4984375 0.790625 0.528125 0.79375 0.540625 0.79375 0.5625 0.7953125 0.5640625 0.79375 0.565625 0.7890625 0.5609375 0.7890625 0.546875 0.7859375 0.540625 0.7828125 0.546875 0.7828125 0.5609375 0.7796875 0.5578125 0.7796875 0.5390625 0.7765625 0.5296875 0.7765625 0.5171875 0.7703125 0.5 0.7734375 0.4859375 0.7796875 0.478125 0.78125 0.4671875 0.784375 0.465625
1 0.01875 0.453125 0.015625 0.446875 0.0125 0.4484375 0.0109375 0.459375 0.015625 0.4734375 0.01875 0.5 0.0234375 0.50625 0.021875 0.5109375 0.0171875 0.5109375 0.0125 0.4859375 0.009375 0.48125 0.00625 0.4828125 0.0015625 0.4953125 0.003125 0.5109375 0 0.5109375 0 0.4234375 0.0046875 0.415625 0.00625 0.403125 0.0109375 0.4 0.0140625 0.4046875 0.0125 0.434375 0.021875 0.45 0.021875 0.4546875 0.0203125 0.453125
1 0.3109375 0.3890625 0.315625 0.390625 0.3125 0.4 0.3140625 0.40625 0.3125 0.4703125 0.3109375 0.4734375 0.309375 0.4703125 0.3109375 0.46875 0.309375 0.4546875 0.3109375 0.4359375 0.3078125 0.4296875 0.3015625 0.425 0.303125 0.4078125 0.309375 0.3984375 0.3109375 0.390625
1 0.5296875 0.3625 0.534375 0.3640625 0.5359375 0.396875 0.540625 0.4171875 0.540625 0.421875 0.534375 0.4234375 0.53125 0.428125 0.5328125 0.4421875 0.528125 0.440625 0.525 0.4171875 0.525 0.3828125 0.5296875 0.3640625
2 0.303125 0.425 0.3109375 0.4359375 0.3125 0.446875 0.309375 0.453125 0.309375 0.4734375 0.3125 0.4859375 0.3125 0.503125 0.31875 0.515625 0.315625 0.51875 0.3125 0.5171875 0.3078125 0.4921875 0.3046875 0.4859375 0.2984375 0.4859375 0.2859375 0.4953125 0.2796875 0.50625 0.278125 0.503125 0.278125 0.49375 0.2921875 0.48125 0.29375 0.4765625 0.2953125 0.4625 0.29375 0.453125 0.3015625 0.4265625