0 0.6625 0.5515625 0.665625 0.5546875 0.6640625 0.565625 0.6609375 0.56875 0.6578125 0.5640625 0.6609375 0.553125
1 0.3609375 0.2375 0.3640625 0.25 0.3640625 0.2609375 0.3578125 0.265625 0.3515625 0.2640625 0.353125 0.2625 0.3515625 0.2484375 0.35625 0.2390625 0.359375 0.2375
1 0.375 0.4203125 0.378125 0.415625 0.378125 0.39375 0.3796875 0.3921875 0.378125 0.3671875 0.38125 0.3515625 0.3859375 0.3453125 0.3859375 0.340625 0.3921875 0.334375 0.39375 0.3375 0.3921875 0.3453125 0.3953125 0.35 0.396875 0.3609375 0.3953125 0.3671875 0.396875 0.378125 0.39375 0.38125 0.3890625 0.4 0.3859375 0.43125 0.3828125 0.43125 0.38125 0.428125 0.378125 0.4328125 0.375 0.4328125 0.3765625 0.421875
1 0.50625 0.6078125 0.5109375 0.609375 0.509375 0.6265625 0.5125 0.63125 0.515625 0.6484375 0.5203125 0.653125 0.5265625 0.6546875 0.5265625 0.659375 0.5171875 0.659375 0.5125 0.65625 0.509375 0.6609375 0.5125 0.678125 0.5109375 0.690625 0.5078125 0.6953125 0.5078125 0.703125 0.5046875 0.70625 0.50625 0.7171875 0.4984375 0.715625 0.5046875 0.6953125 0.5046875 0.6828125 0.5 0.6796875 0.49375 0.684375 0.4890625 0.7 0.484375 0.70625 0.4828125 0.7203125 0.48125 0.721875 0.478125 0.7203125 0.4796875 0.7109375 0.484375 0.7015625 0.484375 0.6953125 0.49375 0.6734375 0.496875 0.6328125 0.5046875 0.6234375 0.50625 0.609375
1 0.4046875 0.4359375 0.409375 0.4375 0.40625 0.45625 0.4078125 0.4640625 0.4125 0.4671875 0.4046875 0.4796875 0.403125 0.5203125 0.40625 0.5234375 0.4046875 0.528125 0.4 0.5296875 0.396875 0.525 0.3984375 0.5171875 0.39375 0.5125 0.384375 0.5265625 0.384375 0.5328125 0.3796875 0.528125 0.384375 0.51875 0.3859375 0.509375 0.3890625 0.5078125 0.39375 0.496875 0.3953125 0.4828125 0.39375 0.4578125 0.4046875 0.4375
1 0.340625 0.5265625 0.3421875 0.528125 0.340625 0.54375 0.3421875 0.5796875 0.340625 0.584375 0.34375 0.6046875 0.3375 0.6234375 0.3359375 0.6328125 0.3375 0.6421875 0.328125 0.6328125 0.328125 0.6234375 0.33125 0.609375 0.334375 0.6046875 0.334375 0.5953125 0.33125 0.5875 0.3328125 0.578125 0.33125 0.553125 0.3359375 0.540625 0.3359375 0.53125 0.3390625 0.528125
1 0.184375 0.4046875 0.1890625 0.40625 0.190625 0.4125 0.1890625 0.4296875 0.1953125 0.446875 0.1953125 0.45 0.1890625 0.4546875 0.1890625 0.4796875 0.1859375 0.484375 0.1875 0.496875 0.184375 0.5 0.178125 0.4984375 0.178125 0.4828125 0.18125 0.478125 0.18125 0.46875 0.178125 0.4609375 0.1796875 0.4515625 0.1765625 0.44375 0.1765625 0.428125 0.1828125 0.415625 0.184375 0.40625
1 0.665625 0.4796875 0.66875 0.4859375 0.6625 0.496875 0.6625 0.50625 0.65625 0.515625 0.65625 0.5234375 0.6640625 0.5390625 0.6640625 0.54375 0.6625 0.5453125 0.659375 0.54375 0.6515625 0.5359375 0.6484375 0.5359375 0.6375 0.54375 0.634375 0.5421875 0.64375 0.5296875 0.6453125 0.503125 0.659375 0.4828125 0.6640625 0.48125
1 0.35625 0.3765625 0.3609375 0.378125 0.3609375 0.384375 0.3640625 0.3890625 0.3625 0.3953125 0.3640625 0.396875 0.3640625 0.4203125 0.3578125 0.4484375 0.35625 0.4703125 0.3546875 0.471875 0.353125 0.4703125 0.3515625 0.4578125 0.35 0.471875 0.346875 0.4734375 0.3484375 0.4390625 0.346875 0.428125 0.34375 0.4234375 0.3453125 0.396875 0.3515625 0.3859375 0.3546875 0.384375 0.35625 0.378125
1 0.2796875 0.4953125 0.284375 0.4953125 0.2828125 0.50625 0.2859375 0.5234375 0.2859375 0.528125 0.2828125 0.53125 0.284375 0.5734375 0.2734375 0.584375 0.2703125 0.5921875 0.2703125 0.6 0.2671875 0.6015625 0.2609375 0.596875 0.2640625 0.5828125 0.2703125 0.5703125 0.271875 0.540625 0.26875 0.5296875 0.271875 0.5140625 0.275 0.5109375 0.2796875 0.496875
1 0.3234375 0.434375 0.3265625 0.434375 0.3296875 0.4453125 0.328125 0.4765625 0.33125 0.484375 0.33125 0.5 0.3296875 0.5015625 0.33125 0.51875 0.3265625 0.51875 0.325 0.509375 0.3265625 0.5 0.3234375 0.496875 0.31875 0.4984375 0.3078125 0.5171875 0.309375 0.503125 0.315625 0.4984375 0.3171875 0.49375 0.315625 0.45625 0.3234375 0.4359375
1 0.2203125 0.565625 0.2265625 0.5671875 0.225 0.5890625 0.23125 0.6 0.225 0.603125 0.221875 0.6109375 0.228125 0.628125 0.228125 0.6359375 0.225 0.6390625 0.2265625 0.6578125 0.2234375 0.6609375 0.21875 0.65625 0.21875 0.6375 0.2203125 0.6359375 0.21875 0.634375 0.2140625 0.634375 0.209375 0.6390625 0.20625 0.6453125 0.20625 0.653125 0.2046875 0.6546875 0.2015625 0.6515625 0.2015625 0.64375 0.2125 0.625 0.209375 0.5984375 0.21875 0.58125 0.2203125 0.5671875
1 0.071875 0.340625 0.075 0.3421875 0.078125 0.35 0.0796875 0.38125 0.0828125 0.3921875 0.08125 0.409375 0.0875 0.4234375 0.08125 0.425 0.078125 0.4203125 0.075 0.421875 0.0703125 0.4203125 0.075 0.4 0.0671875 0.3828125 0.06875 0.378125 0.065625 0.36875 0.065625 0.35625 0.0703125 0.35 0.071875 0.3421875
1 0.65 0.553125 0.6546875 0.5625 0.6625 0.553125 0.6640625 0.5671875 0.6609375 0.5734375 0.6515625 0.5859375 0.6328125 0.5859375 0.63125 0.5875 0.6234375 0.584375 0.625 0.5765625 0.6328125 0.5640625 0.6484375 0.553125
1 0.1 0.3265625 0.1015625 0.35 0.103125 0.3515625 0.1078125 0.3453125 0.1109375 0.3453125 0.1125 0.3484375 0.1109375 0.3546875 0.115625 0.3609375 0.1171875 0.36875 0.1171875 0.3765625 0.1140625 0.3828125 0.1140625 0.403125 0.1109375 0.40625 0.1125 0.4078125 0.1125 0.4265625 0.115625 0.4359375 0.1140625 0.4375 0.109375 0.4359375 0.1078125 0.4328125 0.109375 0.421875 0.10625 0.4203125 0.103125 0.4234375 0.1 0.4390625 0.096875 0.4375 0.1 0.4296875 0.1 0.4171875 0.103125 0.403125 0.1015625 0.4015625 0.103125 0.371875 0.1015625 0.3609375 0.096875 0.353125 0.0984375 0.35 0.096875 0.3484375 0.096875 0.3296875 0.0984375 0.328125