1 0.6953125 0.696875 0.7015625 0.696875 0.7 0.7109375 0.703125 0.7390625 0.7015625 0.765625 0.70625 0.7796875 0.70625 0.7875 0.696875 0.80625 0.6984375 0.821875 0.69375 0.8203125 0.6875 0.8109375 0.6875 0.8015625 0.6921875 0.7828125 0.690625 0.721875 0.6953125 0.709375 0.696875 0.7015625 0.6953125 0.6984375
1 0.2828125 0.578125 0.284375 0.55625 0.28125 0.5453125 0.2796875 0.525 0.275 0.5140625 0.275 0.503125 0.28125 0.4859375 0.28125 0.4796875 0.284375 0.4765625 0.2875 0.4796875 0.2875 0.484375 0.2921875 0.49375 0.29375 0.5078125 0.2875 0.5328125 0.2890625 0.565625 0.284375 0.578125
1 0.3796875 0.4734375 0.3859375 0.5265625 0.38125 0.53125 0.3796875 0.5390625 0.378125 0.58125 0.3734375 0.578125 0.3734375 0.5375 0.3640625 0.5078125 0.3640625 0.4953125 0.3734375 0.4765625 0.378125 0.4734375
1 0.4201736111111112 0.5894328703703703 0.02582175925925929 0.11241898148148151
1 0.2921875 0.5125 0.2953125 0.4984375 0.2984375 0.4953125 0.3015625 0.496875 0.3015625 0.5046875 0.3046875 0.5078125 0.3078125 0.5203125 0.3078125 0.5359375 0.3109375 0.540625 0.3109375 0.5453125 0.3078125 0.540625 0.303125 0.54375 0.3015625 0.5875 0.3 0.5890625 0.3015625 0.603125 0.3 0.6046875 0.29375 0.5984375 0.290625 0.5984375 0.2890625 0.59375 0.2921875 0.5828125 0.2921875 0.55625 0.2890625 0.546875 0.2890625 0.5328125 0.2921875 0.5265625 0.29375 0.5140625
1 0.2078125 0.6125 0.2109375 0.6171875 0.2109375 0.6296875 0.215625 0.6421875 0.215625 0.6796875 0.2125 0.6890625 0.2125 0.7015625 0.2203125 0.715625 0.221875 0.7234375 0.2171875 0.7296875 0.2140625 0.7296875 0.2109375 0.725 0.2109375 0.715625 0.2046875 0.70625 0.2015625 0.6890625 0.203125 0.6828125 0.2015625 0.6421875 0.2046875 0.63125 0.203125 0.6140625 0.20625 0.6125
1 0.090625 0.5828125 0.096875 0.5828125 0.096875 0.603125 0.10625 0.6078125 0.1125 0.61875 0.109375 0.6296875 0.1046875 0.6296875 0.0984375 0.634375 0.0921875 0.634375 0.0875 0.6296875 0.0875 0.6015625 0.090625 0.584375
1 0.221875 0.4640625 0.2265625 0.465625 0.2265625 0.4703125 0.2328125 0.4765625 0.234375 0.4828125 0.234375 0.5046875 0.23125 0.5171875 0.23125 0.559375 0.2265625 0.5640625 0.225 0.5625 0.221875 0.525 0.2140625 0.5109375 0.215625 0.4765625 0.221875 0.465625
1 0.725 0.5703125 0.728125 0.575 0.728125 0.5859375 0.734375 0.5953125 0.7375 0.5875 0.75 0.5890625 0.753125 0.609375 0.7515625 0.6296875 0.746875 0.63125 0.74375 0.6296875 0.74375 0.615625 0.740625 0.60625 0.734375 0.603125 0.728125 0.6078125 0.725 0.6125 0.7265625 0.65 0.7203125 0.6546875 0.7171875 0.6640625 0.7140625 0.665625 0.7125 0.6640625 0.7125 0.6578125 0.725 0.6375 0.7203125 0.6078125 0.721875 0.584375 0.725 0.571875
1 0.7234375 0.5703125 0.728125 0.5703125 0.7328125 0.6015625 0.725 0.6125 0.7265625 0.6484375 0.7203125 0.6546875 0.7171875 0.6640625 0.715625 0.665625 0.7125 0.6640625 0.7140625 0.653125 0.7234375 0.6421875 0.7234375 0.6296875 0.7203125 0.6203125 0.7203125 0.58125 0.7234375 0.571875
1 0.4109375 0.50625 0.4125 0.5 0.4171875 0.496875 0.4203125 0.5 0.421875 0.509375 0.421875 0.5359375 0.41875 0.5515625 0.4125 0.5640625 0.4109375 0.590625 0.409375 0.5890625 0.409375 0.565625 0.4046875 0.5390625 0.4078125 0.5140625 0.4125 0.5078125
1 0.18287615740740742 0.8418807870370371 0.028385416666666673 0.14224537037037033
1 0.74375 0.696875 0.7421875 0.68125 0.7390625 0.6796875 0.734375 0.684375 0.73125 0.6828125 0.73125 0.6765625 0.7359375 0.66875 0.7359375 0.6640625 0.728125 0.6484375 0.7265625 0.6125 0.734375 0.603125 0.7421875 0.6109375 0.7453125 0.6421875 0.7484375 0.6484375 0.7484375 0.6703125 0.75 0.671875 0.7484375 0.690625 0.753125 0.7 0.7484375 0.7015625 0.7453125 0.696875
1 0.1375 0.56875 0.140625 0.571875 0.1421875 0.621875 0.1453125 0.6296875 0.1453125 0.653125 0.14375 0.6546875 0.1453125 0.6734375 0.1390625 0.671875 0.1375 0.6671875 0.1390625 0.665625 0.1390625 0.646875 0.13125 0.64375 0.1296875 0.6328125 0.1296875 0.5921875 0.1328125 0.5859375 0.1328125 0.575 0.1359375 0.5703125
1 0.365625 0.515625 0.371875 0.5375 0.371875 0.55625 0.3703125 0.5578125 0.371875 0.575 0.365625 0.5953125 0.3671875 0.6234375 0.3640625 0.625 0.3578125 0.6234375 0.359375 0.5796875 0.35625 0.565625 0.35625 0.5375 0.365625 0.5171875
1 0.478125 0.4984375 0.4796875 0.5171875 0.475 0.55 0.4796875 0.5828125 0.475 0.58125 0.471875 0.5703125 0.471875 0.55625 0.4671875 0.553125 0.4640625 0.5609375 0.4609375 0.5890625 0.4578125 0.5859375 0.4578125 0.56875 0.4609375 0.5515625 0.459375 0.5140625 0.46875 0.503125 0.471875 0.4953125 0.4765625 0.4984375
1 0.3180208333333333 0.5157638888888889 0.023449074074074084 0.1083738425925926
2 0.1265625 0.596875 0.128125 0.5984375 0.1265625 0.6171875 0.1296875 0.634375 0.128125 0.6609375 0.13125 0.66875 0.1296875 0.703125 0.1328125 0.709375 0.1328125 0.715625 0.1265625 0.715625 0.1265625 0.6921875 0.125 0.690625 0.1265625 0.678125 0.121875 0.675 0.1140625 0.684375 0.10625 0.703125 0.1046875 0.71875 0.1 0.7171875 0.1 0.7125 0.1125 0.6734375 0.1140625 0.6578125 0.1125 0.625 0.1203125 0.609375 0.121875 0.5984375 0.125 0.596875