0 0.603125 0.9640625 0.0140625 0.021875
1 0.4828125 0.4 0.4875 0.4125 0.4859375 0.415625 0.4875 0.4609375 0.48125 0.4453125 0.478125 0.4484375 0.4765625 0.45625 0.475 0.4578125 0.4734375 0.45625 0.478125 0.4359375 0.4765625 0.415625 0.48125 0.4015625
1 0.4421875 0.3625 0.446875 0.3625 0.4484375 0.36875 0.4484375 0.396875 0.4453125 0.4203125 0.440625 0.4109375 0.4421875 0.3640625
1 0.228125 0.359375 0.2328125 0.36875 0.23125 0.4078125 0.228125 0.4109375 0.221875 0.378125 0.221875 0.365625 0.2234375 0.3609375 0.2265625 0.359375
1 0.434375 0.5921875 0.4328125 0.58125 0.4296875 0.578125 0.4265625 0.58125 0.4265625 0.596875 0.425 0.5984375 0.4234375 0.596875 0.4234375 0.575 0.425 0.5734375 0.4234375 0.540625 0.428125 0.5359375 0.4296875 0.5296875 0.43125 0.5296875 0.4328125 0.5390625 0.4328125 0.5609375 0.4375 0.5875 0.4359375 0.5921875
1 0.6625 0.61796875 0.015625 0.071875
1 0.15625 0.5703125 0.1546875 0.51875 0.159375 0.509375 0.1625 0.5125 0.165625 0.5421875 0.1640625 0.54375 0.1640625 0.5671875 0.1578125 0.5703125
1 0.3125 0.4875 0.3140625 0.490625 0.3125 0.5375 0.315625 0.546875 0.3140625 0.5484375 0.3109375 0.546875 0.309375 0.5375 0.3046875 0.528125 0.303125 0.515625 0.303125 0.496875 0.30625 0.490625 0.3109375 0.4875
1 0.3765625 0.440625 0.3796875 0.4421875 0.378125 0.4859375 0.375 0.4890625 0.375 0.4984375 0.371875 0.5 0.371875 0.475 0.3703125 0.4734375 0.3703125 0.4546875 0.3765625 0.4421875
1 0.3109375 0.446875 0.3140625 0.446875 0.315625 0.4546875 0.3140625 0.4890625 0.3078125 0.4859375 0.3046875 0.4640625 0.3078125 0.4515625 0.3109375 0.4484375
1 0.1640625 0.6 0.1671875 0.60625 0.165625 0.6078125 0.165625 0.6296875 0.16875 0.640625 0.165625 0.6671875 0.1609375 0.665625 0.1609375 0.659375 0.1578125 0.65625 0.1515625 0.6625 0.15 0.66875 0.146875 0.6671875 0.146875 0.6625 0.15625 0.6453125 0.1578125 0.6203125 0.1625 0.6015625
1 0.8796875 0.5640625 0.8828125 0.565625 0.8875 0.58125 0.8875 0.5921875 0.884375 0.6 0.884375 0.6359375 0.8828125 0.6390625 0.8796875 0.6390625 0.875 0.615625 0.875 0.58125 0.8796875 0.565625
1 0.3171875 0.4203125 0.325 0.4296875 0.3234375 0.4796875 0.3203125 0.4796875 0.3171875 0.4734375 0.3171875 0.459375 0.3140625 0.4484375 0.3140625 0.43125 0.3171875 0.421875
1 0.3984375 0.4171875 0.39375 0.396875 0.39375 0.371875 0.396875 0.365625 0.4 0.3671875 0.403125 0.375 0.4 0.4171875
1 0.4359375 0.409375 0.4390625 0.409375 0.4453125 0.41875 0.4421875 0.428125 0.4421875 0.4609375 0.4390625 0.4609375 0.4328125 0.4296875 0.4328125 0.4171875 0.4359375 0.4109375
1 0.415625 0.4875 0.41875 0.4875 0.421875 0.4984375 0.4296875 0.5078125 0.4296875 0.5125 0.425 0.509375 0.421875 0.5125 0.421875 0.540625 0.4203125 0.55 0.4171875 0.553125 0.4140625 0.53125 0.4140625 0.5125 0.4109375 0.5078125 0.4015625 0.5109375 0.4015625 0.5078125 0.4125 0.496875 0.415625 0.4890625
1 0.515625 0.5625 0.525 0.5640625 0.53125 0.6125 0.53125 0.6359375 0.528125 0.6359375 0.528125 0.61875 0.525 0.615625 0.5234375 0.6265625 0.5203125 0.6296875 0.5171875 0.628125 0.51875 0.6234375 0.5171875 0.5921875 0.5203125 0.5859375 0.5203125 0.5734375 0.515625 0.56875 0.515625 0.5640625
1 0.4234375 0.43203125 0.01328125 0.05859375
1 0.365625 0.5203125 0.36875 0.521875 0.3703125 0.5328125 0.375 0.540625 0.3703125 0.5453125 0.36875 0.565625 0.3640625 0.578125 0.3640625 0.5859375 0.3609375 0.584375 0.359375 0.58125 0.3609375 0.5375 0.3625 0.5265625 0.365625 0.521875
1 0.296875 0.4953125 0.3 0.4984375 0.303125 0.5125 0.303125 0.5453125 0.3 0.5515625 0.3 0.5609375 0.2984375 0.5625 0.2953125 0.5609375 0.2953125 0.5453125 0.2921875 0.5265625 0.2921875 0.509375 0.2953125 0.496875
1 0.228125 0.4609375 0.234375 0.4625 0.25 0.4609375 0.2546875 0.4640625 0.2546875 0.471875 0.2328125 0.4734375 0.228125 0.4625
2 0.4625 0.5625 0.465625 0.5625 0.4703125 0.5734375 0.4703125 0.603125 0.4734375 0.615625 0.4734375 0.6359375 0.4671875 0.615625 0.4640625 0.61875 0.4640625 0.634375 0.4609375 0.6375 0.459375 0.6359375 0.4609375 0.6328125 0.4609375 0.56875 0.4625 0.5640625