0 0.8171875 0.553125 0.8203125 0.55625 0.8203125 0.5640625 0.8171875 0.565625 0.8140625 0.5625 0.815625 0.5546875
1 0.675 0.48125 0.675 0.4625 0.671875 0.4546875 0.671875 0.415625 0.675 0.4078125 0.684375 0.4265625 0.6828125 0.459375 0.6859375 0.478125 0.6859375 0.484375 0.68125 0.478125 0.675 0.4828125
1 0.2703125 0.6703125 0.01796875 0.090625
1 0.5625 0.3703125 0.565625 0.3703125 0.56875 0.3828125 0.5671875 0.4125 0.5703125 0.4375 0.5671875 0.440625 0.5625 0.4359375 0.5578125 0.44375 0.55625 0.3875 0.5625 0.371875
1 0.6234375 0.440625 0.6265625 0.4421875 0.6296875 0.4625 0.6296875 0.5015625 0.628125 0.503125 0.6296875 0.5125 0.628125 0.515625 0.625 0.5171875 0.621875 0.5140625 0.625 0.4828125 0.621875 0.4421875
1 0.5953125 0.378125 0.5984375 0.378125 0.60625 0.3890625 0.6109375 0.403125 0.6109375 0.4234375 0.6140625 0.434375 0.6125 0.44375 0.60625 0.4296875 0.6046875 0.4390625 0.6015625 0.4421875 0.6 0.4109375 0.5953125 0.3796875
1 0.6203125 0.44375 0.6234375 0.4515625 0.6234375 0.4921875 0.6203125 0.5125 0.621875 0.515625 0.61875 0.5234375 0.6140625 0.521875 0.6140625 0.48125 0.6125 0.4796875 0.6140625 0.459375 0.61875 0.4453125
1 0.7125 0.6421875 0.715625 0.6421875 0.715625 0.653125 0.721875 0.6625 0.7234375 0.6734375 0.7234375 0.7046875 0.721875 0.70625 0.7234375 0.7359375 0.7203125 0.7390625 0.71875 0.7359375 0.71875 0.721875 0.715625 0.7171875 0.7125 0.7234375 0.7125 0.7453125 0.709375 0.74375 0.70625 0.6625 0.7125 0.6515625 0.7109375 0.6484375 0.7125 0.64375
1 0.45625 0.46875 0.459375 0.48125 0.459375 0.5015625 0.4625 0.509375 0.459375 0.5265625 0.459375 0.5421875 0.4609375 0.54375 0.459375 0.546875 0.453125 0.5484375 0.4515625 0.5421875 0.45 0.4859375 0.4546875 0.4703125
1 0.3484375 0.528125 0.353125 0.528125 0.3546875 0.53125 0.3546875 0.54375 0.3515625 0.5484375 0.346875 0.55 0.3421875 0.5609375 0.340625 0.5578125 0.3484375 0.5296875
1 0.2890625 0.63828125 0.01484375 0.09609375
1 0.5328125 0.4984375 0.540625 0.515625 0.5375 0.5765625 0.534375 0.5859375 0.53125 0.584375 0.5265625 0.5421875 0.5265625 0.521875 0.5296875 0.5109375 0.5296875 0.5 0.53125 0.5
1 0.3515625 0.5421875 0.353125 0.55625 0.35625 0.5609375 0.35625 0.628125 0.3578125 0.634375 0.35625 0.6359375 0.353125 0.634375 0.353125 0.6265625 0.3484375 0.6203125 0.3453125 0.6265625 0.3453125 0.6328125 0.34375 0.63125 0.3453125 0.5859375 0.3421875 0.5734375 0.3421875 0.5625 0.3453125 0.55 0.35 0.54375
1 0.9046875 0.534375 0.9078125 0.5359375 0.915625 0.5515625 0.9125 0.628125 0.9109375 0.6296875 0.909375 0.628125 0.909375 0.6015625 0.9078125 0.6 0.9046875 0.6125 0.90625 0.621875 0.9046875 0.6265625 0.9015625 0.628125 0.9 0.553125 0.9046875 0.5359375
1 0.4703125 0.4359375 0.478125 0.4640625 0.4765625 0.4921875 0.48125 0.5125 0.4796875 0.5140625 0.4765625 0.5109375 0.475 0.49375 0.4703125 0.4859375 0.4671875 0.4890625 0.465625 0.509375 0.4640625 0.5171875 0.4625 0.5171875 0.4625 0.5 0.465625 0.48125 0.4640625 0.4796875 0.4640625 0.4625 0.4609375 0.4546875 0.4625 0.45 0.465625 0.4484375 0.4671875 0.4375 0.46875 0.4375
1 0.4265625 0.4796875 0.4296875 0.4796875 0.4296875 0.496875 0.4328125 0.50625 0.4296875 0.5296875 0.43125 0.5609375 0.428125 0.5625 0.421875 0.5578125 0.421875 0.53125 0.41875 0.5171875 0.41875 0.4984375 0.4265625 0.48125
1 0.328125 0.55 0.3328125 0.575 0.33125 0.634375 0.334375 0.6375 0.334375 0.6421875 0.325 0.640625 0.3234375 0.6359375 0.321875 0.565625 0.325 0.5609375 0.3265625 0.5515625
1 0.378125 0.5125 0.3828125 0.5125 0.3828125 0.5296875 0.3859375 0.5375 0.384375 0.54375 0.3859375 0.5578125 0.3828125 0.5625 0.3796875 0.578125 0.3796875 0.590625 0.3828125 0.5984375 0.3796875 0.6 0.375 0.5984375 0.3765625 0.590625 0.375 0.5890625 0.375 0.5640625 0.371875 0.55625 0.371875 0.534375 0.378125 0.5203125 0.378125 0.5140625
1 0.7953125 0.428125 0.8 0.428125 0.8 0.434375 0.803125 0.440625 0.8046875 0.4890625 0.80625 0.490625 0.80625 0.5015625 0.796875 0.503125 0.7953125 0.4296875
1 0.5421875 0.4 0.5453125 0.403125 0.5484375 0.4171875 0.5484375 0.421875 0.54375 0.428125 0.54375 0.45 0.546875 0.4640625 0.5421875 0.4609375 0.5421875 0.45625 0.5390625 0.453125 0.5375 0.4625 0.5359375 0.4640625 0.534375 0.4609375 0.534375 0.4234375 0.5359375 0.4140625 0.540625 0.409375 0.5421875 0.4015625
1 0.1234375 0.4171875 0.01484375 0.07890625
2 0.49375 0.5703125 0.496875 0.575 0.4953125 0.5765625 0.496875 0.58125 0.5015625 0.5875 0.503125 0.6 0.5015625 0.6359375 0.5046875 0.6453125 0.50625 0.6625 0.5046875 0.6640625 0.503125 0.6625 0.5 0.6421875 0.49375 0.6359375 0.490625 0.646875 0.490625 0.665625 0.4875 0.6671875 0.4875 0.5875 0.4921875 0.578125 0.4921875 0.571875