0 0.7375 0.4703125 0.7421875 0.4703125 0.740625 0.478125 0.7359375 0.478125 0.7375 0.471875
1 0.1484375 0.384375 0.1578125 0.3859375 0.153125 0.3953125 0.1515625 0.425 0.146875 0.428125 0.14375 0.440625 0.140625 0.440625 0.1390625 0.4375 0.140625 0.4359375 0.140625 0.4140625 0.1453125 0.390625 0.1484375 0.3859375
1 0.134375 0.40625 0.1390625 0.403125 0.140625 0.396875 0.14375 0.3671875 0.1453125 0.365625 0.1484375 0.3671875 0.146875 0.3703125 0.15 0.38125 0.140625 0.4109375 0.134375 0.4109375 0.134375 0.4078125
1 0.4046875 0.2828125 0.4078125 0.2890625 0.4078125 0.3015625 0.40625 0.3171875 0.4015625 0.3265625 0.4 0.3375 0.396875 0.334375 0.3984375 0.325 0.396875 0.303125 0.4 0.3 0.4 0.2921875 0.403125 0.284375
1 0.4078125 0.4453125 0.4109375 0.459375 0.409375 0.4703125 0.4 0.4703125 0.384375 0.4765625 0.3765625 0.475 0.375 0.4703125 0.378125 0.4640625 0.3859375 0.459375 0.3921875 0.459375 0.4 0.4484375 0.40625 0.4453125
1 0.7703125 0.3984375 0.7734375 0.4015625 0.7765625 0.415625 0.7765625 0.428125 0.771875 0.4390625 0.7703125 0.471875 0.7640625 0.4734375 0.7640625 0.4546875 0.7625 0.453125 0.7640625 0.440625 0.7609375 0.4328125 0.7609375 0.428125 0.7640625 0.425 0.765625 0.40625 0.76875 0.4
1 0.7125 0.5875 0.715625 0.5890625 0.715625 0.596875 0.71875 0.6 0.721875 0.6109375 0.71875 0.625 0.7203125 0.6359375 0.7171875 0.6625 0.71875 0.671875 0.7171875 0.675 0.7125 0.6734375 0.7125 0.6625 0.715625 0.6515625 0.7109375 0.6421875 0.70625 0.6453125 0.7046875 0.6515625 0.6984375 0.65625 0.6953125 0.665625 0.690625 0.665625 0.690625 0.6625 0.7015625 0.646875 0.7046875 0.6359375 0.703125 0.60625 0.7125 0.5890625
1 0.3296875 0.478125 0.3328125 0.478125 0.3375 0.4921875 0.3375 0.5125 0.3359375 0.5140625 0.3390625 0.5296875 0.3359375 0.5453125 0.3328125 0.534375 0.33125 0.5421875 0.328125 0.54375 0.3265625 0.540625 0.328125 0.5328125 0.325 0.5203125 0.3265625 0.5109375 0.325 0.490625 0.328125 0.4875 0.3296875 0.4796875
1 0.065625 0.45625 0.06875 0.459375 0.0671875 0.4625 0.0765625 0.4671875 0.078125 0.4703125 0.0671875 0.4859375 0.0671875 0.503125 0.06875 0.5046875 0.0671875 0.521875 0.0609375 0.5328125 0.0609375 0.5375 0.0546875 0.5375 0.053125 0.53125 0.0609375 0.5203125 0.059375 0.496875 0.065625 0.4578125
1 0.35 0.396875 0.35625 0.4125 0.3515625 0.4640625 0.3484375 0.4671875 0.34375 0.4671875 0.346875 0.4609375 0.346875 0.428125 0.34375 0.425 0.3375 0.4296875 0.3375 0.425 0.3453125 0.4171875 0.3484375 0.3984375
1 0.225 0.5328125 0.225 0.5265625 0.2328125 0.509375 0.2328125 0.4875 0.2359375 0.478125 0.2359375 0.4671875 0.2390625 0.4625 0.240625 0.4625 0.24375 0.48125 0.240625 0.4921875 0.2421875 0.50625 0.240625 0.51875 0.2453125 0.53125 0.2453125 0.5375 0.2390625 0.5359375 0.240625 0.5296875 0.2359375 0.5203125 0.23125 0.5234375 0.2265625 0.5328125
1 0.125 0.3140625 0.125 0.31875 0.11875 0.3296875 0.1171875 0.34375 0.11875 0.3796875 0.1109375 0.3703125 0.1078125 0.38125 0.10625 0.36875 0.109375 0.365625 0.1109375 0.328125 0.1125 0.321875 0.1234375 0.3140625
2 0.2265625 0.3859375 0.2296875 0.384375 0.234375 0.375 0.2375 0.3765625 0.2390625 0.38125 0.2375 0.421875 0.2328125 0.43125 0.228125 0.4328125 0.225 0.43125 0.2265625 0.41875 0.2296875 0.4140625 0.2234375 0.3953125 0.2265625 0.3875