0 0.4953125 0.55 0.496875 0.5515625 0.4953125 0.5609375 0.490625 0.559375 0.490625 0.5515625 0.49375 0.55
1 0.7890625 0.453125 0.7921875 0.453125 0.803125 0.4640625 0.8046875 0.5015625 0.8109375 0.515625 0.8109375 0.521875 0.80625 0.525 0.803125 0.515625 0.7953125 0.5078125 0.790625 0.4984375 0.7921875 0.484375 0.7859375 0.478125 0.7859375 0.475 0.790625 0.4703125 0.7890625 0.4546875
1 0.528125 0.5671875 0.5375 0.58125 0.5421875 0.61875 0.5421875 0.6390625 0.540625 0.640625 0.5375 0.640625 0.5359375 0.6296875 0.528125 0.6203125 0.528125 0.6015625 0.5296875 0.6 0.5265625 0.571875 0.528125 0.56875
1 0.5265625 0.4875 0.53125 0.4875 0.5390625 0.496875 0.5421875 0.5421875 0.55 0.553125 0.55 0.5609375 0.546875 0.5640625 0.54375 0.5609375 0.5421875 0.5515625 0.5265625 0.534375 0.5265625 0.525 0.5203125 0.5234375 0.528125 0.515625 0.5265625 0.4890625
1 0.625 0.5625 0.6359375 0.5640625 0.6375 0.5734375 0.621875 0.571875 0.615625 0.5640625 0.6109375 0.56875 0.609375 0.5890625 0.60625 0.590625 0.603125 0.5890625 0.60625 0.5828125 0.6078125 0.5625 0.6109375 0.553125 0.609375 0.5296875 0.60625 0.5234375 0.6078125 0.515625 0.6109375 0.5171875 0.6171875 0.53125 0.6234375 0.5625
1 0.7828125 0.5 0.7859375 0.503125 0.7859375 0.509375 0.790625 0.51875 0.7921875 0.55625 0.8 0.575 0.7984375 0.578125 0.796875 0.5796875 0.7921875 0.578125 0.7875 0.5625 0.7796875 0.55625 0.778125 0.5515625 0.78125 0.540625 0.7796875 0.534375 0.78125 0.5015625
1 0.5078125 0.3390625 0.5109375 0.3390625 0.5125 0.3421875 0.51875 0.3625 0.51875 0.3734375 0.5234375 0.384375 0.521875 0.3921875 0.5171875 0.3828125 0.509375 0.3765625 0.5078125 0.340625
1 0.809375 0.4125 0.8140625 0.4140625 0.815625 0.4203125 0.8203125 0.425 0.8203125 0.4484375 0.825 0.475 0.825 0.48125 0.8203125 0.484375 0.8171875 0.4703125 0.809375 0.4609375 0.809375 0.4140625
1 0.3875 0.58828125 0.03359375 0.08203125
1 0.3765625 0.4234375 0.38125 0.425 0.3875 0.4375 0.3921875 0.46875 0.4015625 0.4875 0.396875 0.496875 0.3953125 0.484375 0.3921875 0.4796875 0.390625 0.478125 0.384375 0.484375 0.384375 0.4796875 0.378125 0.471875 0.3796875 0.446875 0.3765625 0.4359375 0.3765625 0.425
1 0.5671875 0.7046875 0.5734375 0.7109375 0.58125 0.709375 0.5859375 0.7140625 0.5890625 0.7234375 0.5890625 0.7265625 0.584375 0.73125 0.5859375 0.7578125 0.590625 0.771875 0.5953125 0.775 0.5984375 0.78125 0.6 0.7859375 0.5984375 0.79375 0.5953125 0.79375 0.59375 0.7859375 0.584375 0.775 0.58125 0.78125 0.5796875 0.7796875 0.578125 0.771875 0.56875 0.7609375 0.571875 0.74375 0.5640625 0.740625 0.559375 0.73125 0.5609375 0.7296875 0.5640625 0.7328125 0.5671875 0.728125 0.5671875 0.71875 0.5640625 0.7125 0.5640625 0.70625 0.565625 0.70625
1 0.8515625 0.515625 0.85625 0.5171875 0.85625 0.521875 0.8609375 0.53125 0.8609375 0.5703125 0.8671875 0.575 0.865625 0.5953125 0.8640625 0.5984375 0.85625 0.5984375 0.8546875 0.58125 0.85 0.575 0.8515625 0.5171875
1 0.7984375 0.7390625 0.8109375 0.765625 0.8140625 0.778125 0.8140625 0.790625 0.8171875 0.79375 0.825 0.790625 0.8296875 0.8 0.828125 0.803125 0.821875 0.8015625 0.8046875 0.8125 0.8046875 0.8265625 0.8015625 0.8375 0.7953125 0.8359375 0.8 0.8078125 0.8 0.771875 0.796875 0.7609375 0.796875 0.75 0.79375 0.7453125 0.79375 0.740625 0.796875 0.7390625
1 0.921875 0.2984375 0.9265625 0.3015625 0.928125 0.3109375 0.9328125 0.3203125 0.9328125 0.3328125 0.940625 0.3375 0.9421875 0.3421875 0.9390625 0.3453125 0.928125 0.3390625 0.925 0.3515625 0.9203125 0.3515625 0.9203125 0.3265625 0.921875 0.325 0.9203125 0.3
1 0.6265625 0.4875 0.63125 0.4828125 0.640625 0.49375 0.64375 0.503125 0.64375 0.51875 0.6515625 0.5328125 0.65 0.5375 0.646875 0.5359375 0.6421875 0.5390625 0.646875 0.55 0.646875 0.55625 0.640625 0.5578125 0.6390625 0.5375 0.6359375 0.53125 0.6359375 0.5171875 0.6296875 0.5109375 0.628125 0.4890625
2 0.73125 0.3703125 0.734375 0.3703125 0.740625 0.3765625 0.74375 0.4078125 0.75625 0.4140625 0.75625 0.4171875 0.753125 0.41875 0.7453125 0.4171875 0.7375 0.409375 0.734375 0.4109375 0.73125 0.415625 0.7296875 0.4328125 0.7265625 0.43125 0.728125 0.409375 0.73125 0.3984375 0.73125 0.371875