0 0.7703125 0.553125 0.775 0.5609375 0.7734375 0.5640625 0.7703125 0.5640625 0.765625 0.559375 0.765625 0.5546875 0.76875 0.553125
1 0.36875 0.390625 0.3734375 0.390625 0.3796875 0.3984375 0.3796875 0.4109375 0.3859375 0.4296875 0.3859375 0.434375 0.3765625 0.4296875 0.3734375 0.425 0.371875 0.4078125 0.36875 0.403125 0.36875 0.3921875
1 0.4078125 0.40625 0.4109375 0.409375 0.4125 0.4171875 0.4109375 0.421875 0.4125 0.4609375 0.409375 0.4609375 0.4078125 0.4515625 0.4046875 0.453125 0.4015625 0.4515625 0.4015625 0.4140625 0.40625 0.4078125
1 0.2390625 0.39375 0.2421875 0.39375 0.24375 0.4 0.2421875 0.440625 0.240625 0.446875 0.234375 0.4484375 0.2328125 0.4453125 0.234375 0.4328125 0.2328125 0.4109375 0.234375 0.403125 0.2390625 0.3953125
1 0.3 0.434375 0.303125 0.3875 0.309375 0.3796875 0.3140625 0.3796875 0.315625 0.3859375 0.3109375 0.403125 0.3109375 0.4125 0.303125 0.434375 0.3 0.4359375
1 0.3171875 0.3875 0.3234375 0.4015625 0.3234375 0.4234375 0.3203125 0.4265625 0.3140625 0.4265625 0.3125 0.421875 0.3125 0.403125 0.315625 0.3890625
1 0.2109375 0.425 0.2140625 0.428125 0.2140625 0.4359375 0.2171875 0.440625 0.2171875 0.4921875 0.2140625 0.4921875 0.2140625 0.4875 0.2109375 0.4828125 0.203125 0.4859375 0.2046875 0.440625 0.209375 0.434375 0.2109375 0.4265625
1 0.396875 0.43125 0.4 0.45 0.3984375 0.4859375 0.396875 0.4875 0.3953125 0.484375 0.39375 0.4703125 0.3875 0.4765625 0.384375 0.4921875 0.3828125 0.4921875 0.3828125 0.4828125 0.3875 0.4671875 0.3859375 0.44375 0.3875 0.4359375 0.3953125 0.43125
1 0.309375 0.4125 0.3109375 0.4125 0.3109375 0.421875 0.3140625 0.4265625 0.3140625 0.43125 0.30625 0.4546875 0.30625 0.4609375 0.2984375 0.4703125 0.29375 0.4671875 0.29375 0.4578125 0.3 0.4484375 0.3015625 0.4296875 0.309375 0.4140625
1 0.3171875 0.41875 0.3234375 0.425 0.3234375 0.4734375 0.3203125 0.4734375 0.315625 0.4609375 0.309375 0.4609375 0.303125 0.471875 0.3 0.475 0.2984375 0.4734375 0.2984375 0.4671875 0.30625 0.45625 0.30625 0.45 0.3171875 0.4203125
2 0.0859375 0.49296875 0.01015625 0.071875
1 0.91875 0.6703125 0.0171875 0.0765625
1 0.3390625 0.4609375 0.3390625 0.453125 0.3421875 0.4484375 0.34375 0.4359375 0.3421875 0.41875 0.3515625 0.4 0.3546875 0.403125 0.35625 0.4484375 0.359375 0.4640625 0.35625 0.4640625 0.3515625 0.45625 0.3484375 0.4625 0.3484375 0.4703125 0.3453125 0.46875 0.3453125 0.4625 0.340625 0.4609375
1 0.3625 0.453125 0.3625 0.415625 0.3671875 0.4 0.371875 0.409375 0.371875 0.421875 0.3765625 0.4375 0.3765625 0.4453125 0.3703125 0.4453125 0.365625 0.4546875 0.3640625 0.453125