0 0.3234375 0.4671875 0.3265625 0.465625 0.3296875 0.4671875 0.3296875 0.4765625 0.3234375 0.4765625 0.321875 0.4734375 0.3234375 0.46875
1 0.6046875 0.48125 0.60625 0.4828125 0.6046875 0.4921875 0.6078125 0.503125 0.6109375 0.50625 0.609375 0.509375 0.6109375 0.5234375 0.6078125 0.5328125 0.6078125 0.5515625 0.609375 0.553125 0.6078125 0.55625 0.6125 0.5734375 0.6109375 0.5796875 0.6078125 0.5796875 0.6078125 0.5703125 0.603125 0.5578125 0.6046875 0.5546875 0.6015625 0.5515625 0.5984375 0.5390625 0.6 0.5296875 0.5953125 0.5109375 0.596875 0.4859375 0.603125 0.48125
1 0.3734375 0.596875 0.3703125 0.53125 0.371875 0.515625 0.378125 0.5046875 0.3796875 0.496875 0.3828125 0.4984375 0.384375 0.509375 0.3890625 0.51875 0.3890625 0.5296875 0.3859375 0.5328125 0.3859375 0.553125 0.384375 0.5546875 0.3859375 0.571875 0.3828125 0.5734375 0.3796875 0.56875 0.378125 0.5703125 0.375 0.596875
1 0.5109375 0.4796875 0.5125 0.48125 0.5109375 0.4890625 0.515625 0.5078125 0.509375 0.540625 0.5109375 0.5703125 0.5078125 0.575 0.5046875 0.55 0.5 0.54375 0.4984375 0.53125 0.5 0.5171875 0.5046875 0.50625 0.5046875 0.484375 0.509375 0.4796875
1 0.415625 0.553125 0.4171875 0.565625 0.421875 0.5734375 0.4234375 0.5890625 0.4265625 0.596875 0.425 0.6015625 0.428125 0.6078125 0.428125 0.6140625 0.425 0.6125 0.421875 0.603125 0.41875 0.6078125 0.41875 0.6234375 0.4171875 0.625 0.41875 0.646875 0.415625 0.66875 0.4140625 0.65625 0.4109375 0.6515625 0.4078125 0.6515625 0.409375 0.64375 0.4046875 0.6375 0.403125 0.6296875 0.4046875 0.61875 0.4015625 0.603125 0.4046875 0.5953125 0.4046875 0.578125 0.4125 0.565625 0.4140625 0.5546875
1 0.7140625 0.4 0.7171875 0.4 0.7171875 0.4046875 0.7234375 0.4140625 0.7265625 0.4265625 0.725 0.4390625 0.721875 0.4453125 0.7234375 0.4625 0.7203125 0.4921875 0.7171875 0.4859375 0.71875 0.484375 0.71875 0.4671875 0.7171875 0.465625 0.7140625 0.4671875 0.7125 0.4859375 0.709375 0.4890625 0.7078125 0.4875 0.709375 0.484375 0.7078125 0.4390625 0.7140625 0.4015625
1 0.34375 0.5828125 0.3453125 0.5890625 0.3484375 0.590625 0.3515625 0.596875 0.353125 0.6234375 0.35 0.6453125 0.3421875 0.6578125 0.340625 0.6703125 0.3375 0.675 0.3328125 0.675 0.334375 0.653125 0.3390625 0.6375 0.334375 0.621875 0.3390625 0.5921875 0.3421875 0.584375
1 0.684375 0.4921875 0.6859375 0.4953125 0.684375 0.5109375 0.6859375 0.528125 0.6828125 0.534375 0.6828125 0.540625 0.6859375 0.55625 0.684375 0.5578125 0.6875 0.5765625 0.6859375 0.58125 0.6890625 0.5921875 0.6875 0.596875 0.6859375 0.596875 0.6828125 0.5859375 0.68125 0.5703125 0.675 0.5578125 0.6703125 0.5640625 0.66875 0.5890625 0.6671875 0.590625 0.6640625 0.5890625 0.665625 0.565625 0.66875 0.5546875 0.66875 0.5359375 0.671875 0.53125 0.671875 0.509375 0.675 0.50625 0.6765625 0.49375 0.6796875 0.490625 0.6828125 0.4921875
1 0.5890625 0.4984375 0.590625 0.503125 0.5890625 0.509375 0.5953125 0.5171875 0.5984375 0.5265625 0.596875 0.5390625 0.6 0.5453125 0.5984375 0.553125 0.5921875 0.5640625 0.5921875 0.5859375 0.5890625 0.596875 0.5875 0.596875 0.5890625 0.5515625 0.5859375 0.5453125 0.5875 0.5296875 0.5828125 0.5125 0.584375 0.5 0.5875 0.4984375
1 0.5453125 0.4203125 0.553125 0.45 0.553125 0.4609375 0.55 0.46875 0.55 0.484375 0.5484375 0.4859375 0.55625 0.5015625 0.5546875 0.5140625 0.553125 0.515625 0.5515625 0.5140625 0.553125 0.5046875 0.5484375 0.4953125 0.54375 0.496875 0.54375 0.5078125 0.540625 0.5109375 0.540625 0.515625 0.5375 0.5140625 0.5390625 0.49375 0.5359375 0.484375 0.540625 0.459375 0.5375 0.4453125 0.540625 0.4359375 0.540625 0.425 0.54375 0.421875
1 0.6828125 0.74375 0.68125 0.7140625 0.678125 0.709375 0.675 0.7125 0.6765625 0.7203125 0.675 0.721875 0.675 0.74375 0.6734375 0.746875 0.6671875 0.7453125 0.6703125 0.7390625 0.66875 0.696875 0.671875 0.6734375 0.675 0.6671875 0.6734375 0.6578125 0.675 0.6265625 0.678125 0.6234375 0.68125 0.625 0.68125 0.634375 0.6875 0.64375 0.6859375 0.6515625 0.6875 0.653125 0.6875 0.6734375 0.684375 0.6984375 0.6875 0.7203125 0.684375 0.74375
1 0.4984375 0.546875 0.5015625 0.546875 0.503125 0.55 0.5046875 0.5546875 0.503125 0.559375 0.50625 0.5671875 0.50625 0.5765625 0.503125 0.5796875 0.503125 0.6015625 0.5 0.6078125 0.5015625 0.646875 0.5 0.6484375 0.4984375 0.646875 0.496875 0.6296875 0.4921875 0.625 0.4875 0.653125 0.4828125 0.6515625 0.4859375 0.646875 0.4875 0.6015625 0.490625 0.5890625 0.490625 0.578125 0.49375 0.571875 0.4953125 0.5546875 0.4984375 0.5484375
1 0.61953125 0.6728877314814815 0.030000000000000072 0.12203703703703699
1 0.26875 0.4765625 0.2734375 0.4796875 0.2703125 0.4984375 0.275 0.5078125 0.275 0.5125 0.26875 0.5140625 0.265625 0.51875 0.2671875 0.5625 0.259375 0.559375 0.2546875 0.5640625 0.2546875 0.575 0.25 0.575 0.25 0.5640625 0.253125 0.553125 0.25625 0.55 0.25625 0.540625 0.2515625 0.5296875 0.253125 0.5171875 0.2546875 0.509375 0.26875 0.478125
1 0.8890625 0.490625 0.8953125 0.5109375 0.89375 0.5125 0.8953125 0.534375 0.8921875 0.559375 0.89375 0.565625 0.8921875 0.5859375 0.89375 0.5875 0.8921875 0.5921875 0.8875 0.5921875 0.8890625 0.56875 0.8859375 0.5671875 0.878125 0.5921875 0.875 0.59375 0.871875 0.59375 0.8703125 0.5890625 0.878125 0.578125 0.8828125 0.51875 0.8859375 0.509375 0.8828125 0.49375 0.8875 0.490625
1 0.3140625 0.478125 0.31875 0.4796875 0.3234375 0.4890625 0.3296875 0.4953125 0.33125 0.5015625 0.3296875 0.5078125 0.3359375 0.515625 0.3375 0.528125 0.3359375 0.5359375 0.3359375 0.5328125 0.328125 0.5265625 0.3140625 0.525 0.3125 0.5328125 0.3078125 0.5390625 0.30625 0.525 0.303125 0.51875 0.303125 0.5078125 0.30625 0.5046875 0.3109375 0.4828125 0.3140625 0.4796875
1 0.35625 0.553125 0.3578125 0.553125 0.35625 0.5546875 0.3578125 0.5921875 0.3609375 0.6 0.359375 0.6015625 0.359375 0.61875 0.3609375 0.6203125 0.3578125 0.628125 0.3609375 0.6390625 0.3578125 0.6390625 0.3546875 0.634375 0.353125 0.6265625 0.3546875 0.615625 0.35 0.6 0.346875 0.596875 0.340625 0.603125 0.334375 0.6296875 0.3296875 0.634375 0.3296875 0.625 0.334375 0.61875 0.334375 0.6015625 0.3390625 0.5890625 0.340625 0.5765625 0.3390625 0.5578125 0.3484375 0.5453125 0.3546875 0.5515625
1 0.578125 0.5328125 0.5828125 0.5328125 0.5828125 0.54375 0.5890625 0.5546875 0.5875 0.55625 0.5890625 0.565625 0.5859375 0.5796875 0.5859375 0.6015625 0.5828125 0.603125 0.5828125 0.625 0.5796875 0.63125 0.5796875 0.6421875 0.578125 0.6421875 0.5765625 0.6265625 0.575 0.628125 0.575 0.64375 0.56875 0.646875 0.5703125 0.6421875 0.56875 0.603125 0.571875 0.5921875 0.56875 0.5875 0.565625 0.5890625 0.5671875 0.5796875 0.5703125 0.5765625 0.571875 0.5578125 0.575 0.5546875 0.578125 0.54375 0.5765625 0.5421875 0.578125 0.534375
1 0.36611111093750004 0.5112962953125 0.3626273140625 0.49320601875000003 0.35812499999999997 0.49039351875000003 0.35116319375 0.5361979156250001 0.35804976875 0.5501446750000001 0.3612673609375 0.548778934375 0.366284721875 0.5321412046875 0.36611111093750004 0.5112962953125
2 0.53125 0.640625 0.5375 0.64375 0.5375 0.6484375 0.534375 0.653125 0.5375 0.6578125 0.540625 0.671875 0.5390625 0.6734375 0.5390625 0.690625 0.534375 0.7 0.534375 0.7140625 0.53125 0.7203125 0.53125 0.7375 0.5265625 0.75 0.5265625 0.765625 0.5203125 0.76875 0.5171875 0.7671875 0.51875 0.7640625 0.5171875 0.6953125 0.51875 0.69375 0.515625 0.6828125 0.515625 0.671875 0.51875 0.6625 0.521875 0.65625 0.528125 0.6515625 0.53125 0.6421875