1 0.7890625 0.6421875 0.7921875 0.64375 0.79375 0.6546875 0.8 0.665625 0.8 0.6796875 0.7953125 0.690625 0.7953125 0.709375 0.7890625 0.7484375 0.7859375 0.746875 0.7828125 0.740625 0.7828125 0.6875 0.7796875 0.6859375 0.7828125 0.675 0.7828125 0.6609375 0.7875 0.6515625 0.7875 0.64375
1 0.51875 0.42421875 0.0140625 0.0484375
1 0.3609375 0.6359375 0.3625 0.6453125 0.3671875 0.653125 0.3625 0.725 0.3546875 0.7234375 0.3515625 0.734375 0.35 0.734375 0.35 0.715625 0.3515625 0.7140625 0.35 0.6515625 0.35625 0.6421875 0.35625 0.6375 0.359375 0.6359375
1 0.396875 0.91875 0.3984375 0.9234375 0.3921875 0.9296875 0.3875 0.9171875 0.3859375 0.915625 0.384375 0.9171875 0.3828125 0.9359375 0.3859375 0.9390625 0.38125 0.94375 0.3765625 0.9421875 0.378125 0.9203125 0.38125 0.909375 0.38125 0.8875 0.375 0.88125 0.3734375 0.8671875 0.3765625 0.846875 0.3828125 0.8359375 0.3828125 0.825 0.3859375 0.8203125 0.390625 0.825 0.3890625 0.8375 0.39375 0.846875 0.396875 0.8625 0.396875 0.8734375 0.39375 0.871875 0.390625 0.8734375 0.3890625 0.8890625 0.390625 0.9109375 0.3953125 0.91875
1 0.5359375 0.4625 0.5421875 0.4640625 0.5421875 0.46875 0.546875 0.478125 0.546875 0.4984375 0.5390625 0.515625 0.5375 0.5328125 0.534375 0.5359375 0.528125 0.534375 0.534375 0.5109375 0.5328125 0.509375 0.534375 0.484375 0.53125 0.4734375 0.5359375 0.4640625
1 0.5453125 0.5078125 0.5484375 0.509375 0.5578125 0.528125 0.55625 0.5484375 0.5671875 0.5734375 0.5671875 0.5765625 0.5640625 0.5765625 0.5578125 0.5625 0.5546875 0.5609375 0.5515625 0.565625 0.5515625 0.575 0.55 0.5765625 0.5484375 0.575 0.5453125 0.5453125 0.540625 0.5359375 0.540625 0.5234375 0.5453125 0.509375
1 0.284375 0.4921875 0.2953125 0.4859375 0.29375 0.478125 0.2953125 0.4546875 0.3 0.434375 0.303125 0.4328125 0.3046875 0.4359375 0.3046875 0.4515625 0.30625 0.453125 0.303125 0.496875 0.2828125 0.5 0.284375 0.49375
1 0.271875 0.609375 0.275 0.590625 0.2796875 0.5828125 0.2796875 0.575 0.2828125 0.5734375 0.2921875 0.609375 0.2890625 0.6125 0.2890625 0.6359375 0.284375 0.6484375 0.2828125 0.6625 0.2796875 0.6609375 0.278125 0.628125 0.2734375 0.6109375
1 0.625 0.5046875 0.6328125 0.5203125 0.6328125 0.534375 0.6296875 0.54375 0.6296875 0.584375 0.628125 0.5859375 0.6171875 0.584375 0.6171875 0.5640625 0.61875 0.5625 0.6171875 0.5265625 0.6234375 0.50625
1 0.51875 0.49296875 0.01640625 0.08046875
1 0.0875 0.8453125 0.090625 0.846875 0.0921875 0.8515625 0.090625 0.85625 0.09375 0.8734375 0.09375 0.89375 0.096875 0.9015625 0.1 0.93125 0.1015625 0.9359375 0.109375 0.9421875 0.109375 0.946875 0.1015625 0.95 0.0984375 0.946875 0.0984375 0.9390625 0.09375 0.9265625 0.0875 0.9234375 0.0828125 0.9375 0.084375 0.953125 0.0828125 0.9546875 0.0765625 0.953125 0.08125 0.925 0.08125 0.8984375 0.0828125 0.896875 0.08125 0.8671875 0.0875 0.846875
1 0.9921875 0.63125 0.9953125 0.6359375 0.9953125 0.6421875 0.9984375 0.64375 0.9984375 0.7328125 0.99375 0.7234375 0.99375 0.7046875 0.990625 0.6984375 0.9875 0.7015625 0.9875 0.7234375 0.9859375 0.7265625 0.9828125 0.7265625 0.9828125 0.6796875 0.9796875 0.6703125 0.9796875 0.6609375 0.98125 0.65 0.9875 0.640625 0.9875 0.6328125 0.990625 0.63125
1 0.4796875 0.4734375 0.4765625 0.4546875 0.4734375 0.459375 0.471875 0.471875 0.46875 0.4734375 0.471875 0.45 0.471875 0.4140625 0.4765625 0.40625 0.484375 0.421875 0.484375 0.4359375 0.48125 0.4515625 0.48125 0.471875 0.4828125 0.4734375 0.48125 0.4734375
1 0.225 0.821875 0.2296875 0.821875 0.23125 0.825 0.2296875 0.8390625 0.2328125 0.846875 0.23125 0.859375 0.2328125 0.8609375 0.2328125 0.91875 0.2359375 0.925 0.234375 0.9296875 0.2296875 0.93125 0.228125 0.9078125 0.2265625 0.9015625 0.2234375 0.9 0.2109375 0.925 0.209375 0.934375 0.20625 0.9359375 0.2078125 0.9171875 0.2171875 0.8953125 0.215625 0.85 0.2171875 0.8421875 0.2234375 0.834375 0.225 0.8234375
1 0.9 0.578125 0.903125 0.5953125 0.90625 0.6 0.90625 0.6125 0.903125 0.6203125 0.9015625 0.64375 0.8984375 0.6515625 0.8984375 0.6796875 0.89375 0.684375 0.8890625 0.6828125 0.8875 0.675 0.8890625 0.6734375 0.8890625 0.6 0.8953125 0.5875 0.8953125 0.5796875 0.8984375 0.578125
1 0.6578125 0.4171875 0.6625 0.41875 0.6625 0.4234375 0.6671875 0.4328125 0.6671875 0.4609375 0.671875 0.4765625 0.671875 0.484375 0.6703125 0.484375 0.665625 0.471875 0.665625 0.465625 0.6625 0.4640625 0.659375 0.4671875 0.6578125 0.4765625 0.6546875 0.48125 0.65625 0.4671875 0.6546875 0.4296875 0.6578125 0.41875
1 0.5859375 0.9671875 0.02265625 0.065625
1 0.5328125 0.39375 0.5421875 0.4140625 0.5421875 0.41875 0.5390625 0.4234375 0.5390625 0.4359375 0.5421875 0.4421875 0.5421875 0.4609375 0.53125 0.4609375 0.5296875 0.4484375 0.525 0.4421875 0.5234375 0.40625 0.528125 0.3953125 0.53125 0.39375
1 0.7921875 0.3921875 0.8 0.40625 0.8 0.4234375 0.796875 0.43125 0.79375 0.4671875 0.7921875 0.46875 0.7875 0.4671875 0.7875 0.43125 0.784375 0.41875 0.7859375 0.403125 0.790625 0.39375
2 0.784375 0.5296875 0.7890625 0.534375 0.7921875 0.546875 0.7921875 0.5640625 0.7890625 0.584375 0.7890625 0.6171875 0.7875 0.6234375 0.7828125 0.6234375 0.784375 0.6046875 0.78125 0.5890625 0.7796875 0.55 0.784375 0.53125