0 0.43125 0.459375 0.4328125 0.4671875 0.4296875 0.465625 0.4296875 0.4609375
1 0.26875 0.7984375 0.271875 0.8 0.275 0.821875 0.2796875 0.8296875 0.2796875 0.8359375 0.271875 0.8375 0.2734375 0.8625 0.2796875 0.8734375 0.2734375 0.8765625 0.2703125 0.8640625 0.265625 0.8609375 0.2609375 0.865625 0.2546875 0.8609375 0.2484375 0.8609375 0.2515625 0.853125 0.2578125 0.8546875 0.2609375 0.853125 0.259375 0.8203125 0.2671875 0.80625 0.2671875 0.8
1 0.5671875 0.509375 0.571875 0.525 0.571875 0.5359375 0.56875 0.5421875 0.5703125 0.5640625 0.5671875 0.5765625 0.565625 0.5765625 0.5640625 0.5609375 0.553125 0.5765625 0.553125 0.5796875 0.55 0.5796875 0.55 0.575 0.5609375 0.553125 0.5609375 0.5390625 0.55625 0.5265625 0.565625 0.5109375
1 0.4109375 0.4125 0.415625 0.4140625 0.4171875 0.453125 0.421875 0.4625 0.41875 0.465625 0.4171875 0.4640625 0.415625 0.45625 0.4109375 0.45 0.4046875 0.453125 0.396875 0.4515625 0.396875 0.4484375 0.40625 0.4421875 0.40625 0.4265625 0.4109375 0.4140625
1 0.403125 0.6640625 0.40625 0.66875 0.4078125 0.6859375 0.4109375 0.6890625 0.4109375 0.6953125 0.4078125 0.6984375 0.4078125 0.74375 0.403125 0.74375 0.4015625 0.740625 0.403125 0.7265625 0.396875 0.721875 0.3953125 0.7234375 0.390625 0.721875 0.3921875 0.7140625 0.396875 0.709375 0.3984375 0.703125 0.3984375 0.6875 0.396875 0.6859375 0.403125 0.665625
1 0.3765625 0.4890625 0.3796875 0.4953125 0.3796875 0.5359375 0.371875 0.54375 0.3703125 0.5546875 0.3671875 0.5546875 0.365625 0.5515625 0.3703125 0.5375 0.3703125 0.51875 0.375 0.490625
1 0.540625 0.5625 0.54375 0.5625 0.5421875 0.5859375 0.5484375 0.5953125 0.5421875 0.6 0.5390625 0.634375 0.534375 0.634375 0.5328125 0.63125 0.534375 0.6140625 0.53125 0.6109375 0.5265625 0.6109375 0.5265625 0.60625 0.5328125 0.5984375 0.534375 0.575 0.540625 0.5640625
1 0.978125 0.4203125 0.98125 0.421875 0.9859375 0.4390625 0.9859375 0.45625 0.984375 0.4578125 0.9859375 0.4828125 0.984375 0.4859375 0.9796875 0.4859375 0.9796875 0.4765625 0.9765625 0.4703125 0.978125 0.421875
1 0.5671875 0.475 0.5703125 0.4734375 0.571875 0.46875 0.5703125 0.4578125 0.571875 0.44375 0.575 0.4375 0.578125 0.4359375 0.58125 0.446875 0.578125 0.4984375 0.5734375 0.4984375 0.5734375 0.48125 0.5671875 0.4796875 0.5671875 0.4765625
1 0.178125 0.596875 0.18125 0.6 0.1796875 0.6328125 0.184375 0.6421875 0.1875 0.6609375 0.190625 0.6640625 0.1875 0.6671875 0.184375 0.665625 0.18125 0.6484375 0.175 0.6453125 0.1640625 0.659375 0.15625 0.665625 0.1578125 0.653125 0.1640625 0.65 0.16875 0.64375 0.1734375 0.609375 0.178125 0.5984375
1 0.2953125 0.4171875 0.296875 0.41875 0.2953125 0.4734375 0.290625 0.4734375 0.2890625 0.4578125 0.2828125 0.453125 0.2875 0.44375 0.2890625 0.4296875 0.29375 0.41875
1 0.1609375 0.5546875 0.1625 0.56875 0.1671875 0.5765625 0.1609375 0.590625 0.1625 0.6046875 0.15625 0.615625 0.1546875 0.63125 0.15 0.63125 0.15 0.609375 0.153125 0.5984375 0.15 0.571875 0.15625 0.5609375 0.15625 0.55625 0.159375 0.5546875
2 0.2859375 0.5109375 0.2890625 0.515625 0.2875 0.5171875 0.2890625 0.525 0.2875 0.575 0.2859375 0.5765625 0.284375 0.575 0.284375 0.5640625 0.275 0.55 0.278125 0.5453125 0.2796875 0.5234375 0.284375 0.5125