1 0.734375 0.565625 0.7375 0.565625 0.7421875 0.578125 0.7421875 0.5953125 0.7390625 0.60625 0.7375 0.63125 0.734375 0.640625 0.7328125 0.6390625 0.734375 0.5671875
1 0.6078125 0.5859375 0.6109375 0.5875 0.615625 0.5984375 0.6140625 0.6140625 0.615625 0.6484375 0.6109375 0.6484375 0.609375 0.640625 0.60625 0.6546875 0.6046875 0.65625 0.603125 0.6546875 0.6046875 0.5984375 0.6078125 0.5875
1 0.615625 0.4421875 0.61875 0.4453125 0.61875 0.45 0.6234375 0.459375 0.615625 0.4765625 0.615625 0.4921875 0.6125 0.4921875 0.6078125 0.4671875 0.6078125 0.45625 0.615625 0.44375
1 0.5953125 0.5140625 0.596875 0.475 0.5984375 0.465625 0.6015625 0.4609375 0.6078125 0.4625 0.609375 0.4703125 0.6078125 0.5140625 0.60625 0.51875 0.6015625 0.5109375 0.5984375 0.515625 0.596875 0.5140625
1 0.55625 0.528125 0.01796875 0.05703125
1 0.55 0.478125 0.01484375 0.034375
1 0.578125 0.5265625 0.5765625 0.5234375 0.5765625 0.50625 0.578125 0.5046875 0.5765625 0.4796875 0.578125 0.4765625 0.584375 0.475 0.590625 0.484375 0.5890625 0.509375 0.5921875 0.5125 0.5921875 0.515625 0.584375 0.5171875 0.5796875 0.525
1 0.709375 0.4921875 0.7125 0.4921875 0.715625 0.5 0.7171875 0.5359375 0.721875 0.5546875 0.7203125 0.559375 0.715625 0.5546875 0.7109375 0.5546875 0.709375 0.5515625 0.709375 0.540625 0.70625 0.5359375 0.709375 0.49375
1 0.5609375 0.4703125 0.565625 0.46875 0.571875 0.475 0.571875 0.5 0.575 0.5078125 0.575 0.5109375 0.56875 0.5109375 0.5671875 0.5171875 0.5640625 0.5171875 0.559375 0.4890625 0.5609375 0.471875
1 0.5328125 0.515625 0.5375 0.51875 0.540625 0.5265625 0.5390625 0.528125 0.540625 0.5484375 0.546875 0.5625 0.546875 0.565625 0.54375 0.5671875 0.54375 0.5640625 0.534375 0.5515625 0.5296875 0.5546875 0.528125 0.5609375 0.5234375 0.5625 0.525 0.55 0.528125 0.546875 0.53125 0.5359375 0.5328125 0.5171875
1 0.6609375 0.4359375 0.6640625 0.4390625 0.6671875 0.45 0.6640625 0.4984375 0.6625 0.4984375 0.659375 0.4859375 0.65625 0.4546875 0.659375 0.4375
1 0.86875 0.790625 0.8734375 0.7921875 0.8734375 0.7984375 0.8765625 0.8046875 0.878125 0.815625 0.8765625 0.84375 0.86875 0.8578125 0.8625 0.88125 0.859375 0.88125 0.8578125 0.878125 0.8578125 0.8640625 0.8640625 0.840625 0.8640625 0.81875 0.86875 0.7921875
1 0.6390625 0.4375 0.64375 0.4375 0.6484375 0.45 0.640625 0.4859375 0.6390625 0.4875 0.6359375 0.4859375 0.634375 0.4515625 0.6390625 0.4390625
2 0.81796875 0.58828125 0.0125 0.0765625