1 0.525 0.6875 0.528125 0.6875 0.528125 0.703125 0.5328125 0.709375 0.5296875 0.7203125 0.5296875 0.734375 0.5359375 0.7421875 0.5359375 0.7484375 0.53125 0.7546875 0.53125 0.76875 0.5265625 0.76875 0.525 0.753125 0.521875 0.7515625 0.5140625 0.753125 0.5140625 0.7453125 0.521875 0.7421875 0.521875 0.7328125 0.51875 0.721875 0.51875 0.7015625 0.5234375 0.696875 0.525 0.6890625
1 0.54375 0.340625 0.54375 0.38125 0.5375 0.39375 0.5328125 0.39375 0.5328125 0.3828125 0.5359375 0.3734375 0.5359375 0.35 0.5390625 0.3421875 0.5421875 0.340625
1 0.425 0.4296875 0.4265625 0.43125 0.4265625 0.4578125 0.4296875 0.4625 0.428125 0.4859375 0.425 0.4859375 0.4234375 0.48125 0.425 0.475 0.421875 0.46875 0.4109375 0.4828125 0.4078125 0.4828125 0.409375 0.475 0.4171875 0.4625 0.4171875 0.4421875 0.4234375 0.43125
1 0.3609375 0.3015625 0.3640625 0.303125 0.365625 0.3078125 0.3640625 0.3375 0.3625 0.3421875 0.359375 0.3421875 0.35625 0.33125 0.3609375 0.303125
1 0.0703125 0.74375 0.071875 0.7609375 0.06875 0.7734375 0.0703125 0.7765625 0.06875 0.796875 0.065625 0.803125 0.0671875 0.8171875 0.065625 0.8234375 0.0625 0.8234375 0.059375 0.81875 0.0609375 0.8015625 0.053125 0.79375 0.053125 0.7828125 0.0578125 0.7578125 0.0640625 0.7515625 0.065625 0.7453125 0.06875 0.74375
1 0.1609375 0.475 0.1609375 0.484375 0.1640625 0.490625 0.1625 0.5 0.1640625 0.515625 0.15625 0.525 0.153125 0.5390625 0.1484375 0.5390625 0.146875 0.5328125 0.153125 0.5125 0.1546875 0.48125 0.15625 0.4765625 0.159375 0.475
1 0.6125 0.475 0.615625 0.475 0.615625 0.49375 0.6140625 0.4953125 0.615625 0.5234375 0.6078125 0.528125 0.603125 0.540625 0.6015625 0.5421875 0.5984375 0.540625 0.5984375 0.534375 0.6046875 0.521875 0.60625 0.496875 0.6125 0.4765625
1 0.39375 0.4125 0.39375 0.4203125 0.396875 0.4265625 0.3953125 0.4453125 0.39375 0.45 0.3875 0.45625 0.3828125 0.4703125 0.3796875 0.46875 0.3796875 0.4625 0.3859375 0.44375 0.3859375 0.4234375 0.384375 0.421875 0.3859375 0.4171875 0.3921875 0.4125
1 0.1984375 0.3421875 0.2015625 0.3484375 0.2 0.3828125 0.1953125 0.384375 0.196875 0.34375
1 0.0640625 0.7 0.06875 0.703125 0.0703125 0.7140625 0.06875 0.7390625 0.0640625 0.753125 0.0578125 0.7578125 0.0515625 0.7796875 0.05 0.78125 0.046875 0.7796875 0.046875 0.775 0.05 0.765625 0.0578125 0.7546875 0.0578125 0.7375 0.0546875 0.7328125 0.0546875 0.7265625 0.0609375 0.7125 0.0625 0.7015625
1 0.309375 0.640625 0.3125 0.6421875 0.3125 0.6734375 0.3109375 0.675 0.3125 0.7203125 0.3078125 0.7234375 0.3046875 0.7203125 0.30625 0.7046875 0.2921875 0.6890625 0.2984375 0.6859375 0.3015625 0.68125 0.303125 0.6625 0.309375 0.6421875
1 0.8796875 0.359375 0.8859375 0.3625 0.8828125 0.3984375 0.8796875 0.4109375 0.8765625 0.4140625 0.8703125 0.4109375 0.875 0.39375 0.875 0.371875 0.8765625 0.3640625 0.8796875 0.3609375
2 0.26171875 0.502777778125 0.2625 0.497222221875 0.25546875 0.4791666671875 0.253125 0.44444444375 0.2515625 0.44166666718750003 0.2453125 0.45416666718750004 0.24453125 0.477777778125 0.2359375 0.490277778125 0.25390625 0.4875 0.26171875 0.502777778125