0 0.278125 0.6140625 0.2796875 0.615625 0.2859375 0.6140625 0.290625 0.6171875 0.2890625 0.625 0.278125 0.625 0.278125 0.615625
1 0.6625 0.371875 0.665625 0.3734375 0.671875 0.396875 0.66875 0.415625 0.66875 0.428125 0.671875 0.4421875 0.6671875 0.4453125 0.6609375 0.396875 0.6625 0.3734375
1 0.5828125 0.3765625 0.5765625 0.3375 0.578125 0.3265625 0.5765625 0.3234375 0.5796875 0.31875 0.5828125 0.3203125 0.5859375 0.3265625 0.5859375 0.3734375 0.584375 0.3765625
1 0.4671875 0.46875 0.4734375 0.471875 0.4734375 0.478125 0.4765625 0.4828125 0.4796875 0.5046875 0.4796875 0.53125 0.4828125 0.534375 0.484375 0.5453125 0.484375 0.5578125 0.48125 0.5578125 0.478125 0.5359375 0.4734375 0.53125 0.471875 0.5328125 0.475 0.5546875 0.46875 0.55625 0.4703125 0.5515625 0.4703125 0.5359375 0.46875 0.534375 0.4703125 0.4859375 0.4671875 0.4703125
1 0.6234375 0.521875 0.625 0.5234375 0.6265625 0.5578125 0.6328125 0.5859375 0.63125 0.5921875 0.6234375 0.5640625 0.621875 0.5625 0.61875 0.5640625 0.61875 0.5828125 0.6125 0.5703125 0.6140625 0.5390625 0.609375 0.5359375 0.6 0.54375 0.6 0.5375 0.6109375 0.5265625 0.6140625 0.5125 0.6171875 0.5109375 0.621875 0.521875
2 0.9109375 0.4171875 0.9140625 0.4171875 0.915625 0.4203125 0.91875 0.434375 0.91875 0.4546875 0.915625 0.4671875 0.9171875 0.4953125 0.915625 0.496875 0.9125 0.4953125 0.9125 0.4828125 0.90625 0.4703125 0.909375 0.453125 0.9109375 0.41875
1 0.6125 0.4828125 0.615625 0.4828125 0.6265625 0.496875 0.6265625 0.521875 0.6296875 0.528125 0.6296875 0.5328125 0.625 0.53125 0.61875 0.515625 0.6109375 0.5078125 0.6125 0.484375
1 0.315625 0.546875 0.328125 0.571875 0.3234375 0.5921875 0.3234375 0.6015625 0.3171875 0.615625 0.3171875 0.6484375 0.3109375 0.65 0.309375 0.6484375 0.3109375 0.6421875 0.3078125 0.6390625 0.3125 0.6203125 0.3125 0.6046875 0.3109375 0.603125 0.3125 0.6015625 0.3125 0.5625 0.3140625 0.5609375 0.3125 0.55 0.3140625 0.5484375
1 0.1671875 0.5390625 0.1734375 0.540625 0.1734375 0.5453125 0.178125 0.553125 0.1828125 0.5671875 0.1875 0.5984375 0.1953125 0.615625 0.19375 0.621875 0.1890625 0.6203125 0.1859375 0.6265625 0.18125 0.6265625 0.1828125 0.6140625 0.18125 0.5953125 0.165625 0.578125 0.1640625 0.5734375 0.1671875 0.540625
1 0.59375 0.7109375 0.596875 0.7125 0.5984375 0.73125 0.6015625 0.734375 0.6015625 0.740625 0.6046875 0.746875 0.603125 0.771875 0.60625 0.7953125 0.60625 0.8171875 0.603125 0.815625 0.6015625 0.80625 0.5984375 0.8015625 0.5953125 0.8015625 0.590625 0.8078125 0.5953125 0.8421875 0.5921875 0.8453125 0.5890625 0.84375 0.5890625 0.8265625 0.5875 0.81875 0.584375 0.815625 0.584375 0.7953125 0.590625 0.7796875 0.5875 0.765625 0.590625 0.759375 0.5890625 0.740625 0.5921875 0.73125 0.590625 0.725 0.5921875 0.7125
1 0.85 0.6984375 0.853125 0.7 0.853125 0.7140625 0.85625 0.7234375 0.8625 0.7328125 0.8609375 0.7421875 0.8625 0.778125 0.865625 0.78125 0.88125 0.784375 0.8828125 0.790625 0.8640625 0.7890625 0.8609375 0.7859375 0.8515625 0.784375 0.846875 0.790625 0.8453125 0.809375 0.8421875 0.8140625 0.84375 0.821875 0.8328125 0.8234375 0.83125 0.8203125 0.8390625 0.8125 0.84375 0.775 0.8484375 0.7640625 0.846875 0.7515625 0.846875 0.7203125 0.8484375 0.71875 0.8453125 0.7109375 0.8453125 0.7015625 0.8484375 0.7
1 0.3046875 0.434375 0.3078125 0.4359375 0.309375 0.4421875 0.3140625 0.4796875 0.3140625 0.5140625 0.309375 0.509375 0.309375 0.4921875 0.3078125 0.490625 0.3046875 0.4953125 0.3046875 0.5140625 0.3015625 0.5125 0.303125 0.484375 0.3 0.475 0.2984375 0.4546875 0.3046875 0.4359375
1 0.5489409722222222 0.45251736111111107 0.013315972222222161 0.07204861111111116
1 0.190625 0.328125 0.19375 0.3296875 0.196875 0.3375 0.2 0.353125 0.2 0.3875 0.1953125 0.3921875 0.1921875 0.3890625 0.1875 0.3546875 0.1875 0.3390625 0.190625 0.3296875