0 0.55 0.4609375 0.553125 0.4625 0.5515625 0.4671875 0.55 0.4671875 0.55 0.4625
1 0.3390625 0.65 0.3390625 0.675 0.3375 0.6765625 0.3390625 0.7015625 0.33125 0.7125 0.3296875 0.721875 0.328125 0.721875 0.3296875 0.6734375 0.334375 0.6515625 0.3375 0.65
1 0.4578125 0.6109375 0.4578125 0.603125 0.4625 0.5921875 0.4671875 0.5609375 0.4734375 0.5515625 0.4765625 0.553125 0.475 0.590625 0.4734375 0.59375 0.4625 0.6 0.4625 0.6109375 0.459375 0.6109375
1 0.59375 0.5875 0.5984375 0.603125 0.5984375 0.6125 0.5953125 0.61875 0.596875 0.653125 0.5953125 0.6546875 0.59375 0.653125 0.5921875 0.640625 0.5890625 0.6375 0.5859375 0.6390625 0.584375 0.6453125 0.5734375 0.6484375 0.5734375 0.6421875 0.578125 0.640625 0.584375 0.634375 0.5828125 0.609375 0.5859375 0.6 0.5921875 0.59375 0.5921875 0.5890625
1 0.09375 0.9359375 0.1 0.9390625 0.1015625 0.94375 0.0890625 0.9515625 0.0859375 0.9609375 0.0921875 0.9703125 0.0890625 0.9984375 0.084375 0.9984375 0.0859375 0.98125 0.0828125 0.978125 0.078125 0.978125 0.06875 0.9875 0.0625 0.9984375 0.059375 0.9984375 0.059375 0.99375 0.06875 0.9765625 0.0703125 0.96875 0.0703125 0.9625 0.0671875 0.9609375 0.0671875 0.953125 0.0765625 0.946875 0.0828125 0.9375 0.0921875 0.9359375
1 0.1765625 0.44921875 0.01796875 0.04296875
1 0.209375 0.6015625 0.2125 0.60625 0.2140625 0.6296875 0.209375 0.634375 0.209375 0.6453125 0.1984375 0.6671875 0.1953125 0.66875 0.19375 0.6640625 0.2015625 0.6484375 0.1984375 0.61875 0.20625 0.609375 0.2078125 0.603125
1 0.3140625 0.5453125 0.315625 0.5609375 0.3125 0.575 0.315625 0.5859375 0.3125 0.5921875 0.3109375 0.6046875 0.3078125 0.603125 0.30625 0.5890625 0.3015625 0.5921875 0.296875 0.60625 0.2953125 0.60625 0.2953125 0.5984375 0.303125 0.58125 0.3046875 0.5625 0.3125 0.546875
1 0.084375 0.4375 0.0796875 0.46875 0.075 0.475 0.075 0.48125 0.071875 0.4828125 0.06875 0.471875 0.06875 0.4671875 0.071875 0.4625 0.071875 0.453125 0.0765625 0.4390625 0.0828125 0.4375
1 0.06875 0.5703125 0.071875 0.571875 0.071875 0.575 0.0625 0.5734375 0.059375 0.5765625 0.0578125 0.590625 0.0609375 0.603125 0.053125 0.61875 0.05 0.61875 0.046875 0.6234375 0.04375 0.6234375 0.04375 0.6171875 0.05 0.60625 0.0484375 0.571875 0.05625 0.559375 0.059375 0.5609375 0.059375 0.565625 0.0640625 0.5703125 0.0671875 0.5703125
1 0.115625 0.484375 0.11875 0.484375 0.11875 0.528125 0.1125 0.5375 0.1125 0.54375 0.1078125 0.5421875 0.1078125 0.5296875 0.1109375 0.5234375 0.1109375 0.4984375 0.115625 0.4859375
1 0.1578125 0.596875 0.15625 0.578125 0.159375 0.5734375 0.159375 0.5578125 0.1703125 0.534375 0.171875 0.534375 0.171875 0.5484375 0.16875 0.559375 0.16875 0.578125 0.1625 0.584375 0.1609375 0.596875 0.159375 0.596875
1 0.7171875 0.49375 0.7234375 0.5078125 0.7234375 0.5140625 0.71875 0.5203125 0.7171875 0.53125 0.7078125 0.55 0.7078125 0.5546875 0.70625 0.55625 0.7046875 0.5546875 0.70625 0.5421875 0.7109375 0.5328125 0.709375 0.50625 0.7171875 0.4953125
1 0.4 0.565625 0.403125 0.553125 0.4078125 0.546875 0.409375 0.5265625 0.4203125 0.5171875 0.4234375 0.51875 0.4234375 0.5328125 0.41875 0.55 0.4140625 0.55625 0.4109375 0.55625 0.4015625 0.565625
1 0.3625 0.5203125 0.359375 0.5109375 0.3609375 0.4859375 0.3640625 0.4765625 0.371875 0.46875 0.371875 0.48125 0.36875 0.4890625 0.36875 0.50625 0.3625 0.521875
1 0.2859375 0.778125 0.284375 0.7734375 0.2921875 0.75625 0.2953125 0.728125 0.303125 0.7125 0.3046875 0.7109375 0.3078125 0.7125 0.3078125 0.7234375 0.3125 0.73125 0.3109375 0.734375 0.3046875 0.7375 0.3046875 0.74375 0.3078125 0.75 0.3078125 0.7609375 0.3015625 0.7734375 0.2984375 0.771875 0.296875 0.7625 0.290625 0.76875 0.2875 0.7765625
1 0.5640625 0.4171875 0.5671875 0.4203125 0.5703125 0.434375 0.5640625 0.453125 0.5609375 0.4515625 0.5546875 0.4578125 0.553125 0.465625 0.55 0.4671875 0.55 0.45625 0.5546875 0.446875 0.5546875 0.43125 0.5625 0.41875
2 0.359375 0.50625 0.3625 0.5171875 0.359375 0.528125 0.3609375 0.5609375 0.3578125 0.559375 0.3578125 0.5453125 0.3546875 0.5421875 0.340625 0.5546875 0.3375 0.5546875 0.3375 0.5515625 0.3484375 0.5375 0.35 0.5140625 0.35625 0.5109375 0.3578125 0.5078125