1 0.754693287037037 0.45477430555555554 0.015399305555555553 0.07565972222222221
1 0.703125 0.446875 0.709375 0.465625 0.709375 0.475 0.70625 0.484375 0.70625 0.4984375 0.709375 0.5046875 0.7078125 0.5203125 0.7015625 0.5171875 0.6984375 0.5015625 0.7 0.5 0.6984375 0.46875 0.7015625 0.4609375 0.7015625 0.4484375
1 0.903125 0.61875 0.90625 0.61875 0.909375 0.625 0.9109375 0.6390625 0.9109375 0.6546875 0.909375 0.65625 0.9109375 0.68125 0.9078125 0.690625 0.9078125 0.703125 0.915625 0.7203125 0.9125 0.734375 0.9078125 0.7328125 0.9109375 0.7265625 0.9046875 0.70625 0.9 0.7 0.903125 0.665625 0.9 0.6625 0.8984375 0.653125 0.903125 0.6359375 0.9015625 0.6296875 0.903125 0.6203125
1 0.9421875 0.39375 0.9453125 0.39375 0.9484375 0.4 0.95 0.4125 0.9484375 0.4421875 0.953125 0.4546875 0.953125 0.4609375 0.95 0.4625 0.946875 0.4515625 0.9390625 0.4421875 0.9421875 0.3953125
1 0.265625 0.5125 0.2484375 0.4953125 0.2453125 0.4984375 0.246875 0.5109375 0.2453125 0.51875 0.2421875 0.515625 0.24375 0.45625 0.246875 0.440625 0.25 0.4421875 0.2546875 0.4578125 0.25625 0.49375 0.265625 0.50625 0.265625 0.5109375
1 0.33900462962962963 0.4448958333333334 0.022442129629629638 0.0775347222222222
1 0.446875 0.403125 0.45 0.4171875 0.446875 0.45 0.4515625 0.459375 0.4515625 0.4640625 0.4453125 0.459375 0.4421875 0.46875 0.4390625 0.46875 0.4390625 0.453125 0.440625 0.4515625 0.4390625 0.4140625 0.4421875 0.4046875 0.4453125 0.403125
1 0.4390625 0.3765625 0.4421875 0.378125 0.446875 0.390625 0.446875 0.4015625 0.440625 0.4109375 0.4375 0.43125 0.43125 0.4390625 0.4296875 0.4375 0.4375 0.4140625 0.4359375 0.3859375 0.4390625 0.378125
1 0.23125 0.45 0.2375 0.4671875 0.234375 0.496875 0.234375 0.5140625 0.2375 0.5203125 0.2375 0.528125 0.234375 0.525 0.2328125 0.5140625 0.228125 0.50625 0.225 0.5078125 0.225 0.5296875 0.221875 0.5265625 0.221875 0.5046875 0.2234375 0.503125 0.221875 0.4703125 0.2296875 0.4515625
1 0.575 0.4734375 0.578125 0.475 0.584375 0.4953125 0.5796875 0.5375 0.5859375 0.5515625 0.584375 0.559375 0.58125 0.5625 0.5765625 0.5609375 0.5765625 0.546875 0.5734375 0.5375 0.575 0.475
1 0.9125 0.628125 0.915625 0.6296875 0.9171875 0.64375 0.9203125 0.6484375 0.9234375 0.6625 0.921875 0.6703125 0.9234375 0.7078125 0.9296875 0.721875 0.9296875 0.728125 0.934375 0.734375 0.934375 0.7421875 0.9296875 0.7453125 0.9296875 0.734375 0.921875 0.71875 0.9125 0.7109375 0.9078125 0.6984375 0.9125 0.6796875 0.9109375 0.6671875 0.9109375 0.6515625 0.9125 0.65 0.9109375 0.63125 0.9125 0.6296875
1 0.4796875 0.3796875 0.484375 0.3921875 0.484375 0.4140625 0.4828125 0.415625 0.484375 0.428125 0.4796875 0.4234375 0.478125 0.4328125 0.475 0.4328125 0.4734375 0.421875 0.4703125 0.4171875 0.475 0.4 0.475 0.390625 0.46875 0.378125 0.46875 0.3734375 0.471875 0.371875 0.478125 0.3796875
1 0.0953125 0.384375 0.0984375 0.3984375 0.0984375 0.4328125 0.0953125 0.440625 0.0953125 0.45 0.0921875 0.45 0.0875 0.44375 0.0890625 0.4234375 0.0859375 0.41875 0.0859375 0.4046875 0.0890625 0.3984375 0.0890625 0.3921875 0.09375 0.3859375
1 0.459375 0.4015625 0.4625 0.403125 0.46875 0.41875 0.4703125 0.4421875 0.478125 0.4484375 0.4765625 0.4515625 0.4640625 0.45625 0.4609375 0.459375 0.459375 0.46875 0.4578125 0.4703125 0.4546875 0.46875 0.4578125 0.4625 0.4609375 0.44375 0.4609375 0.4265625 0.45625 0.41875 0.459375 0.403125
1 0.8765625 0.41875 0.88125 0.421875 0.8828125 0.43125 0.8875 0.4390625 0.8859375 0.4640625 0.896875 0.4765625 0.89375 0.478125 0.8828125 0.4703125 0.8796875 0.4703125 0.8765625 0.475 0.875 0.4890625 0.8703125 0.490625 0.8734375 0.4828125 0.8734375 0.465625 0.8765625 0.459375 0.8765625 0.4203125
1 0.6140625 0.325 0.61875 0.3375 0.6171875 0.3484375 0.61875 0.3609375 0.6109375 0.36875 0.6109375 0.3921875 0.6125 0.3984375 0.6203125 0.4078125 0.6203125 0.4140625 0.6171875 0.4125 0.60625 0.396875 0.603125 0.4 0.6015625 0.415625 0.6 0.415625 0.6 0.4 0.6046875 0.3828125 0.6046875 0.3640625 0.6125 0.3453125 0.6140625 0.3265625
2 0.68125 0.4453125 0.684375 0.446875 0.6859375 0.4546875 0.6921875 0.465625 0.6921875 0.4734375 0.6875 0.4875 0.6890625 0.4984375 0.7 0.5078125 0.7 0.5140625 0.6796875 0.4953125 0.6765625 0.5015625 0.675 0.5171875 0.671875 0.51875 0.6734375 0.4953125 0.6796875 0.48125 0.6796875 0.475 0.6734375 0.4671875 0.678125 0.4546875 0.68125 0.453125 0.68125 0.446875