0 0.271875 0.365625 0.275 0.365625 0.275 0.371875 0.271875 0.3703125 0.271875 0.3671875
1 0.78125 0.41875 0.7796875 0.403125 0.771875 0.390625 0.771875 0.3796875 0.775 0.378125 0.7828125 0.3921875 0.78125 0.4171875
1 0.3609375 0.73125 0.3640625 0.734375 0.3640625 0.740625 0.3734375 0.759375 0.3734375 0.76875 0.3765625 0.778125 0.3765625 0.78125 0.3703125 0.784375 0.371875 0.7890625 0.36875 0.8109375 0.3703125 0.8265625 0.365625 0.834375 0.3640625 0.8359375 0.3625 0.8328125 0.3640625 0.828125 0.3625 0.8203125 0.359375 0.8171875 0.359375 0.7953125 0.35625 0.7875 0.35625 0.775 0.353125 0.7703125 0.3546875 0.7609375 0.353125 0.753125 0.3546875 0.746875 0.359375 0.7421875 0.359375 0.7328125
1 0.6453125 0.2625 0.6484375 0.2640625 0.6515625 0.29375 0.6515625 0.2984375 0.6453125 0.2984375 0.64375 0.275 0.646875 0.2640625
1 0.5359375 0.43125 0.5390625 0.43125 0.5453125 0.44375 0.54375 0.4671875 0.546875 0.4765625 0.546875 0.4796875 0.540625 0.4828125 0.540625 0.49375 0.5375 0.4921875 0.5375 0.46875 0.534375 0.4578125 0.5359375 0.4328125
1 0.5251909722222222 0.36524884259259255 0.015173611111111106 0.052303240740740754
1 0.60625 0.45625 0.6109375 0.459375 0.6171875 0.471875 0.6140625 0.5015625 0.6203125 0.521875 0.6203125 0.525 0.61875 0.5265625 0.6171875 0.525 0.6171875 0.5203125 0.609375 0.5078125 0.60625 0.496875 0.60625 0.475 0.603125 0.4703125 0.60625 0.4578125
1 0.7734375 0.3953125 0.78125 0.4046875 0.784375 0.4546875 0.78125 0.45625 0.7796875 0.4546875 0.778125 0.44375 0.775 0.4390625 0.775 0.4234375 0.771875 0.4203125 0.7734375 0.4109375 0.771875 0.396875
1 0.809375 0.9296875 0.8140625 0.934375 0.8140625 0.9453125 0.8203125 0.965625 0.81875 0.9984375 0.8046875 0.9984375 0.7984375 0.9859375 0.8015625 0.9703125 0.8 0.9578125 0.803125 0.9484375 0.8078125 0.94375 0.80625 0.934375 0.8078125 0.93125
1 0.2984375 0.434375 0.3015625 0.4375 0.3046875 0.4515625 0.3078125 0.4546875 0.3078125 0.4828125 0.315625 0.4984375 0.3140625 0.5078125 0.3109375 0.5015625 0.3078125 0.5015625 0.3046875 0.50625 0.3 0.49375 0.2984375 0.4359375
1 0.5078125 0.315625 0.5125 0.3171875 0.515625 0.325 0.515625 0.3453125 0.5171875 0.346875 0.515625 0.3671875 0.5109375 0.3671875 0.5078125 0.3453125 0.5078125 0.31875 0.509375 0.3171875
1 0.8390625 0.6375 0.8421875 0.6375 0.8421875 0.646875 0.8484375 0.65625 0.8515625 0.6671875 0.85 0.6953125 0.8578125 0.70625 0.8578125 0.7171875 0.85625 0.7171875 0.85 0.7046875 0.846875 0.703125 0.8453125 0.7046875 0.8453125 0.7203125 0.8421875 0.7234375 0.8390625 0.7203125 0.840625 0.7125 0.8375 0.6953125 0.8390625 0.6765625 0.834375 0.665625 0.8390625 0.6515625 0.8390625 0.6390625
1 0.290625 0.36875 0.29375 0.3703125 0.29375 0.3765625 0.2984375 0.384375 0.2984375 0.4015625 0.2953125 0.4203125 0.2890625 0.41875 0.2875 0.4265625 0.2859375 0.3890625 0.290625 0.3703125
1 0.25 0.3265625 0.2515625 0.359375 0.253125 0.3609375 0.253125 0.3734375 0.25 0.375 0.24375 0.3734375 0.2453125 0.3640625 0.24375 0.3328125 0.2453125 0.328125 0.2484375 0.3265625
1 0.490625 0.640625 0.4875 0.6375 0.4875 0.628125 0.484375 0.6203125 0.4796875 0.6234375 0.478125 0.6375 0.475 0.6359375 0.478125 0.6171875 0.4765625 0.6140625 0.4765625 0.578125 0.478125 0.5671875 0.48125 0.565625 0.4828125 0.575 0.4890625 0.5890625 0.4875 0.6125 0.490625 0.615625 0.490625 0.6390625
1 0.7765625 0.2953125 0.7796875 0.296875 0.7828125 0.303125 0.7859375 0.3234375 0.7921875 0.3328125 0.790625 0.3359375 0.7828125 0.3265625 0.7796875 0.3296875 0.78125 0.33125 0.7796875 0.3359375 0.778125 0.3375 0.7765625 0.3359375 0.775 0.33125 0.778125 0.30625 0.7765625 0.296875
2 0.8325925921874999 0.4356481484375 0.826619728125 0.42560185156249997 0.8235056578125001 0.4406481484375 0.8221920015625 0.4904166671875 0.83411586875 0.4800462953125 0.8371077671875 0.492685184375 0.8402327671875 0.4928703703125 0.8339609046875 0.4620370375 0.8325925921874999 0.4356481484375