0 0.5671875 0.5109375 0.56875 0.5046875 0.571875 0.50625 0.571875 0.5109375 0.5703125 0.5125 0.56875 0.5109375
1 0.7609375 0.5328125 0.7640625 0.534375 0.765625 0.571875 0.7625 0.5765625 0.7625 0.584375 0.7515625 0.6015625 0.7515625 0.6109375 0.7484375 0.6109375 0.7453125 0.60625 0.7453125 0.6015625 0.7484375 0.5984375 0.75 0.5890625 0.753125 0.584375 0.7515625 0.5546875 0.7609375 0.534375
1 0.3203125 0.8125 0.325 0.8125 0.325 0.8203125 0.3203125 0.83125 0.321875 0.846875 0.3203125 0.8703125 0.3234375 0.88125 0.3234375 0.8953125 0.3296875 0.9015625 0.328125 0.90625 0.321875 0.9046875 0.31875 0.8921875 0.31875 0.88125 0.3140625 0.875 0.3109375 0.8734375 0.303125 0.88125 0.2921875 0.8796875 0.2859375 0.88125 0.284375 0.8796875 0.284375 0.875 0.2890625 0.86875 0.29375 0.8703125 0.303125 0.86875 0.3046875 0.853125 0.3109375 0.83125 0.3203125 0.8140625
1 0.39375 0.4453125 0.396875 0.453125 0.3953125 0.46875 0.396875 0.509375 0.39375 0.5078125 0.390625 0.5 0.38125 0.503125 0.38125 0.4953125 0.3859375 0.484375 0.3859375 0.4625 0.3921875 0.446875
1 0.915625 0.4171875 0.9203125 0.4296875 0.9203125 0.4453125 0.9171875 0.453125 0.9140625 0.48125 0.9109375 0.48125 0.909375 0.478125 0.90625 0.4484375 0.9078125 0.428125 0.9109375 0.4234375 0.9109375 0.41875 0.9140625 0.4171875
1 0.509375 0.665625 0.02578125 0.0875
2 0.4875 0.534375 0.490625 0.5375 0.4921875 0.6109375 0.4875 0.609375 0.4875 0.5875 0.484375 0.584375 0.475 0.603125 0.471875 0.6046875 0.471875 0.5984375 0.4796875 0.5796875 0.478125 0.5671875 0.4859375 0.5359375
1 0.6484375 0.6609375 0.6484375 0.64375 0.6515625 0.6359375 0.65 0.5984375 0.659375 0.578125 0.6609375 0.578125 0.665625 0.5953125 0.6671875 0.634375 0.6734375 0.6546875 0.671875 0.6578125 0.66875 0.65625 0.6640625 0.6375 0.659375 0.634375 0.6546875 0.6390625 0.6515625 0.6609375 0.65 0.6609375
1 0.2828125 0.475 0.2875 0.4765625 0.2875 0.50625 0.2859375 0.5078125 0.2875 0.5359375 0.2859375 0.5375 0.284375 0.5359375 0.2828125 0.5265625 0.2796875 0.5296875 0.275 0.5296875 0.275 0.525 0.2796875 0.51875 0.2796875 0.4875 0.2828125 0.4765625
1 0.621875 0.45 0.625 0.45 0.63125 0.4625 0.634375 0.484375 0.6328125 0.4953125 0.6359375 0.5 0.6328125 0.5125 0.6296875 0.5140625 0.625 0.509375 0.6203125 0.496875 0.621875 0.475 0.6171875 0.4671875 0.621875 0.4515625
1 0.59375 0.3609375 0.596875 0.36875 0.5953125 0.3765625 0.596875 0.409375 0.59375 0.409375 0.59375 0.403125 0.5890625 0.3984375 0.5859375 0.4015625 0.5859375 0.409375 0.58125 0.4109375 0.5859375 0.3890625 0.5859375 0.375 0.5921875 0.3625
1 0.234375 0.546875 0.2359375 0.603125 0.2328125 0.6125 0.234375 0.6234375 0.2328125 0.6265625 0.228125 0.6265625 0.2265625 0.6234375 0.2265625 0.596875 0.225 0.5953125 0.2265625 0.5578125 0.2296875 0.5484375 0.2328125 0.546875
1 0.4171875 0.409375 0.4203125 0.4125 0.421875 0.4234375 0.4203125 0.4265625 0.4203125 0.4734375 0.4140625 0.471875 0.4078125 0.4734375 0.4078125 0.4625 0.4125 0.4578125 0.4125 0.425 0.4171875 0.4109375
1 0.5828125 0.5046875 0.5859375 0.509375 0.584375 0.5109375 0.5859375 0.5125 0.584375 0.525 0.5859375 0.5609375 0.578125 0.5546875 0.571875 0.5609375 0.56875 0.5578125 0.5703125 0.55 0.575 0.546875 0.575 0.525 0.5703125 0.515625 0.5703125 0.5109375 0.58125 0.5046875
1 0.9625 0.540625 0.96875 0.54375 0.9765625 0.5578125 0.978125 0.565625 0.975 0.584375 0.9765625 0.621875 0.975 0.6234375 0.9703125 0.621875 0.96875 0.6125 0.9640625 0.60625 0.959375 0.61875 0.95625 0.6171875 0.9578125 0.60625 0.9625 0.596875 0.9609375 0.590625 0.9625 0.58125 0.9609375 0.54375 0.9625 0.5421875
1 0.1328125 0.6 0.1375 0.6 0.1375 0.6140625 0.1421875 0.6234375 0.1421875 0.6296875 0.1375 0.6359375 0.1375 0.653125 0.1390625 0.6546875 0.1375 0.6765625 0.140625 0.6859375 0.134375 0.6859375 0.134375 0.6734375 0.1296875 0.665625 0.1234375 0.6796875 0.1234375 0.6890625 0.121875 0.690625 0.1171875 0.6859375 0.11875 0.675 0.1265625 0.6609375 0.125 0.6171875 0.1328125 0.6015625
1 0.471875 0.484375 0.465625 0.490625 0.4640625 0.4953125 0.4640625 0.5140625 0.4625 0.515625 0.4640625 0.540625 0.4625 0.5421875 0.453125 0.534375 0.453125 0.528125 0.4578125 0.5171875 0.45625 0.496875 0.459375 0.4828125 0.459375 0.4703125 0.4640625 0.465625 0.465625 0.4796875 0.4703125 0.484375
1 0.8765625 0.740625 0.8796875 0.7421875 0.88125 0.7515625 0.8890625 0.7625 0.890625 0.771875 0.8859375 0.7921875 0.884375 0.8171875 0.8796875 0.8265625 0.8796875 0.840625 0.875 0.8421875 0.875 0.8328125 0.86875 0.8234375 0.8703125 0.8125 0.8734375 0.8078125 0.86875 0.784375 0.86875 0.7671875 0.875 0.7546875 0.875 0.7421875
1 0.509375 0.46875 0.5109375 0.46875 0.5140625 0.4796875 0.5140625 0.496875 0.509375 0.50625 0.509375 0.5234375 0.5078125 0.5265625 0.5015625 0.5203125 0.4921875 0.525 0.4921875 0.51875 0.5015625 0.509375 0.5015625 0.484375 0.509375 0.4703125
1 0.490625 0.4203125 0.4953125 0.421875 0.49375 0.4328125 0.4953125 0.475 0.4921875 0.4765625 0.4921875 0.465625 0.4890625 0.4609375 0.48125 0.4640625 0.4765625 0.4734375 0.4734375 0.471875 0.48125 0.4546875 0.4859375 0.4296875 0.490625 0.421875
1 0.178125 0.3625 0.18125 0.3625 0.1828125 0.365625 0.1828125 0.3734375 0.1859375 0.3796875 0.1828125 0.3984375 0.184375 0.425 0.175 0.421875 0.1734375 0.375 0.178125 0.3640625
1 0.584375 0.446875 0.5875 0.446875 0.5875 0.503125 0.584375 0.5046875 0.58125 0.503125 0.58125 0.4875 0.578125 0.4828125 0.578125 0.4578125 0.584375 0.4484375