0 0.3421875 0.4359375 0.346875 0.4375 0.3453125 0.4453125 0.340625 0.440625 0.3421875 0.4375
1 0.45625 0.6125 0.4609375 0.6125 0.4625 0.615625 0.4625 0.628125 0.46875 0.6359375 0.471875 0.6484375 0.471875 0.659375 0.4671875 0.66875 0.465625 0.709375 0.459375 0.715625 0.459375 0.734375 0.45625 0.7328125 0.4515625 0.6640625 0.446875 0.659375 0.446875 0.646875 0.45 0.6359375 0.45625 0.6265625 0.4546875 0.621875 0.45625 0.6140625
1 0.4265625 0.4171875 0.428125 0.384375 0.425 0.3796875 0.425 0.36875 0.4328125 0.346875 0.4390625 0.359375 0.4421875 0.3734375 0.4421875 0.3796875 0.4390625 0.3828125 0.4390625 0.4140625 0.440625 0.4171875 0.4375 0.4171875 0.4375 0.40625 0.434375 0.39375 0.428125 0.4171875
1 0.4796875 0.375 0.4828125 0.375 0.490625 0.384375 0.4953125 0.3953125 0.49375 0.4109375 0.490625 0.415625 0.490625 0.43125 0.4875 0.4296875 0.4875 0.425 0.4828125 0.41875 0.4796875 0.4234375 0.478125 0.4375 0.4765625 0.4390625 0.475 0.4375 0.4765625 0.4140625 0.4828125 0.4015625 0.4796875 0.3765625
1 0.4828125 0.4390625 0.4859375 0.4390625 0.4875 0.4484375 0.4921875 0.4578125 0.4921875 0.50625 0.4890625 0.521875 0.4828125 0.528125 0.4828125 0.4953125 0.478125 0.4671875 0.478125 0.4546875 0.48125 0.45 0.4828125 0.440625
1 0.3640625 0.4625 0.3671875 0.465625 0.3671875 0.4765625 0.371875 0.48125 0.3734375 0.4984375 0.365625 0.5234375 0.365625 0.540625 0.3625 0.553125 0.3578125 0.553125 0.35625 0.4984375 0.3515625 0.490625 0.3625 0.471875 0.3640625 0.4640625
1 0.1296875 0.3328125 0.1328125 0.334375 0.134375 0.371875 0.1375 0.378125 0.140625 0.4015625 0.1359375 0.403125 0.134375 0.4 0.134375 0.38125 0.13125 0.378125 0.1265625 0.3796875 0.1203125 0.3875 0.1140625 0.3875 0.1109375 0.390625 0.109375 0.3890625 0.1109375 0.384375 0.1234375 0.3734375 0.125 0.353125 0.1296875 0.334375
1 0.3296875 0.36875 0.33125 0.3703125 0.33125 0.4015625 0.3390625 0.4171875 0.3390625 0.4328125 0.3359375 0.43125 0.334375 0.4171875 0.3296875 0.4140625 0.3171875 0.4203125 0.3078125 0.41875 0.309375 0.415625 0.315625 0.4140625 0.3203125 0.4078125 0.3234375 0.38125 0.328125 0.3703125
1 0.409375 0.3890625 0.4125 0.390625 0.4125 0.396875 0.4171875 0.40625 0.415625 0.4625 0.4140625 0.465625 0.409375 0.4640625 0.409375 0.4484375 0.40625 0.440625 0.40625 0.4265625 0.403125 0.4203125 0.403125 0.409375 0.4078125 0.4 0.409375 0.390625
1 0.7015625 0.4171875 0.70625 0.415625 0.7078125 0.425 0.7140625 0.4359375 0.709375 0.4921875 0.7046875 0.5046875 0.703125 0.50625 0.7015625 0.5046875 0.7015625 0.465625 0.7 0.453125 0.696875 0.4484375 0.7015625 0.43125 0.7015625 0.41875
1 0.521875 0.3875 0.525 0.3890625 0.5328125 0.415625 0.53125 0.4265625 0.528125 0.43125 0.521875 0.46875 0.5203125 0.4703125 0.51875 0.46875 0.51875 0.4609375 0.5171875 0.459375 0.5140625 0.4609375 0.515625 0.4515625 0.5140625 0.4265625 0.5203125 0.3890625
1 0.6273032407407408 0.5311111111111112 0.02417824074074071 0.10034722222222223
1 0.7296875 0.453125 0.734375 0.4546875 0.734375 0.4625 0.740625 0.475 0.7359375 0.4984375 0.734375 0.5421875 0.73125 0.5453125 0.725 0.5328125 0.7265625 0.5140625 0.725 0.5125 0.725 0.4953125 0.721875 0.4875 0.721875 0.478125 0.725 0.4671875 0.728125 0.4640625 0.7296875 0.4546875
1 0.140625 0.69375 0.14375 0.6921875 0.14375 0.6765625 0.15 0.675 0.1515625 0.6765625 0.1515625 0.6953125 0.15625 0.7015625 0.15625 0.7265625 0.153125 0.7328125 0.1546875 0.7375 0.153125 0.796875 0.159375 0.803125 0.1546875 0.809375 0.1515625 0.809375 0.15 0.796875 0.1453125 0.7953125 0.140625 0.803125 0.1390625 0.81875 0.1359375 0.81875 0.134375 0.815625 0.134375 0.803125 0.1390625 0.796875 0.14375 0.78125 0.14375 0.7671875 0.140625 0.753125 0.1375 0.75 0.13125 0.75625 0.1328125 0.746875 0.13125 0.728125 0.1359375 0.7015625 0.140625 0.6953125
1 0.4484375 0.40625 0.4515625 0.4078125 0.4578125 0.434375 0.4515625 0.4703125 0.453125 0.496875 0.4484375 0.490625 0.44375 0.4984375 0.446875 0.465625 0.440625 0.43125 0.4421875 0.421875 0.4484375 0.4171875 0.4484375 0.4078125
1 0.8078125 0.3578125 0.8109375 0.3578125 0.8140625 0.3625 0.81875 0.384375 0.81875 0.396875 0.815625 0.40625 0.8171875 0.4328125 0.815625 0.4328125 0.8125 0.421875 0.809375 0.4265625 0.8046875 0.428125 0.8078125 0.359375
2 0.2910358796296296 0.48160300925925925 0.020219907407407377 0.0932581018518519