0 0.3671875 0.796875 0.3703125 0.80625 0.36875 0.8078125 0.3625 0.8046875 0.3625 0.7984375 0.365625 0.796875
1 0.8203125 0.5296875 0.8234375 0.5296875 0.828125 0.534375 0.8296875 0.540625 0.83125 0.5796875 0.8328125 0.58125 0.83125 0.5859375 0.828125 0.5859375 0.8203125 0.5734375 0.8203125 0.5578125 0.81875 0.55625 0.8203125 0.5546875 0.8203125 0.53125
1 0.8114583333333332 0.5285416666666667 0.013593749999999894 0.02890625
1 0.428125 0.6953125 0.440625 0.721875 0.440625 0.728125 0.4328125 0.7390625 0.434375 0.740625 0.4328125 0.753125 0.4296875 0.753125 0.428125 0.74375 0.421875 0.7515625 0.41875 0.7515625 0.4234375 0.7234375 0.421875 0.7125 0.4265625 0.696875
1 0.6765625 0.5859375 0.6828125 0.5953125 0.6859375 0.6421875 0.6796875 0.6453125 0.6765625 0.6390625 0.6765625 0.6171875 0.6734375 0.6 0.675 0.5875
1 0.740625 0.51875 0.74375 0.51875 0.75 0.528125 0.75 0.55 0.7515625 0.5515625 0.7515625 0.5734375 0.74375 0.571875 0.74375 0.559375 0.7390625 0.54375 0.740625 0.5203125
1 0.83125 0.528125 0.8375 0.521875 0.8421875 0.5265625 0.84375 0.534375 0.8421875 0.5546875 0.8453125 0.5578125 0.8421875 0.56875 0.8359375 0.565625 0.834375 0.5578125 0.83125 0.5546875 0.83125 0.534375 0.8296875 0.5328125 0.83125 0.5296875
1 0.7 0.5375 0.70625 0.5421875 0.7109375 0.55 0.7140625 0.5734375 0.7140625 0.590625 0.7109375 0.5890625 0.7109375 0.5796875 0.7078125 0.5765625 0.703125 0.578125 0.7 0.5859375 0.6984375 0.584375 0.7 0.5734375 0.696875 0.5484375 0.7 0.5390625
1 0.34375 0.7375 0.3484375 0.7390625 0.346875 0.7546875 0.35 0.759375 0.35 0.7671875 0.3546875 0.771875 0.353125 0.7796875 0.3546875 0.7875 0.3515625 0.7984375 0.3484375 0.7984375 0.346875 0.7890625 0.34375 0.7859375 0.3421875 0.7875 0.3359375 0.8015625 0.3375 0.8046875 0.3359375 0.8109375 0.33125 0.803125 0.3390625 0.78125 0.3375 0.771875 0.340625 0.7640625 0.3390625 0.7578125 0.3421875 0.7515625 0.34375 0.7390625
1 0.7828125 0.565625 0.7796875 0.525 0.7828125 0.5171875 0.7859375 0.515625 0.790625 0.53125 0.790625 0.5515625 0.7890625 0.553125 0.790625 0.5609375 0.7890625 0.565625 0.7859375 0.5640625 0.7828125 0.5671875
1 0.4203125 0.546875 0.425 0.5578125 0.425 0.5703125 0.428125 0.5765625 0.428125 0.584375 0.43125 0.5875 0.43125 0.596875 0.41875 0.5984375 0.41875 0.5828125 0.4203125 0.58125 0.4171875 0.553125 0.41875 0.5484375
1 0.2828125 0.8375 0.2828125 0.8328125 0.2875 0.8265625 0.2859375 0.821875 0.2890625 0.8125 0.2890625 0.790625 0.2953125 0.778125 0.2984375 0.7796875 0.3015625 0.790625 0.30625 0.7921875 0.30625 0.7953125 0.3 0.803125 0.3015625 0.846875 0.30625 0.8546875 0.3046875 0.85625 0.3015625 0.8546875 0.2984375 0.83125 0.2953125 0.828125 0.284375 0.8375
1 0.640625 0.50625 0.6484375 0.521875 0.646875 0.5390625 0.6515625 0.553125 0.65 0.5625 0.6484375 0.5546875 0.6375 0.54375 0.6375 0.53125 0.634375 0.5203125 0.6390625 0.5078125
1 0.709375 0.525 0.715625 0.528125 0.71875 0.5359375 0.7203125 0.5640625 0.721875 0.571875 0.725 0.575 0.725 0.5796875 0.721875 0.5796875 0.7125 0.559375 0.7125 0.55 0.709375 0.546875 0.7109375 0.5265625
1 0.640625 0.546875 0.6453125 0.56875 0.64375 0.6015625 0.640625 0.603125 0.6375 0.6015625 0.6359375 0.590625 0.634375 0.5578125 0.6390625 0.5484375
1 0.5421875 0.6421875 0.54375 0.6296875 0.546875 0.6234375 0.5546875 0.634375 0.5515625 0.6484375 0.553125 0.6578125 0.546875 0.671875 0.5484375 0.6796875 0.5453125 0.6828125 0.54375 0.64375
1 0.7625 0.5640625 0.759375 0.5515625 0.759375 0.5296875 0.7578125 0.528125 0.759375 0.515625 0.7625 0.5140625 0.765625 0.5171875 0.7703125 0.5296875 0.76875 0.5328125 0.7703125 0.5625 0.76875 0.5640625 0.7640625 0.5625
1 0.8421875 0.53125 0.84375 0.525 0.8484375 0.521875 0.8546875 0.5359375 0.8546875 0.5578125 0.85625 0.559375 0.85625 0.578125 0.8546875 0.5796875 0.8515625 0.5734375 0.8515625 0.5671875 0.84375 0.553125 0.84375 0.5328125
1 0.8125 0.5390625 0.8125 0.54375 0.8171875 0.5515625 0.8125 0.571875 0.8140625 0.5796875 0.8078125 0.590625 0.80625 0.590625 0.8046875 0.5515625 0.8078125 0.540625 0.8109375 0.5390625
2 0.7859375 0.66875 0.79375 0.6765625 0.7953125 0.7171875 0.8 0.7421875 0.7984375 0.74375 0.7953125 0.740625 0.7953125 0.728125 0.7921875 0.7234375 0.7875 0.725 0.7875 0.73125 0.7828125 0.7390625 0.7859375 0.721875 0.784375 0.7171875 0.7859375 0.6953125 0.7828125 0.6859375 0.7859375 0.68125 0.7875 0.671875 0.7859375 0.6703125