1 0.396875 0.6375 0.4046875 0.65 0.403125 0.65625 0.4046875 0.6921875 0.4 0.6890625 0.396875 0.6640625 0.39375 0.6578125 0.39375 0.646875 0.396875 0.6390625
1 0.6 0.51875 0.6046875 0.525 0.6046875 0.55625 0.60625 0.5578125 0.6046875 0.565625 0.6015625 0.56875 0.6 0.5671875 0.6 0.534375 0.5984375 0.5328125 0.6 0.5203125
1 0.490625 0.4671875 0.49375 0.475 0.4921875 0.503125 0.490625 0.5046875 0.4875 0.4984375 0.4890625 0.46875
1 0.3390625 0.6109375 0.34375 0.59375 0.346875 0.5609375 0.3515625 0.565625 0.35 0.5984375 0.34375 0.609375 0.340625 0.6109375
1 0.5015625 0.6 0.5046875 0.6015625 0.509375 0.6125 0.50625 0.6296875 0.50625 0.65 0.5046875 0.6515625 0.5015625 0.65 0.4984375 0.61875 0.5015625 0.6015625
1 0.5734375 0.5796875 0.5734375 0.5515625 0.5765625 0.5359375 0.5796875 0.5375 0.58125 0.5421875 0.5828125 0.5796875 0.578125 0.578125 0.575 0.5796875
1 0.4015625 0.58125 0.4046875 0.58125 0.409375 0.5875 0.409375 0.6234375 0.4109375 0.625 0.4109375 0.6296875 0.4046875 0.6296875 0.4046875 0.61875 0.3984375 0.5921875 0.4015625 0.5828125
1 0.3765625 0.509375 0.378125 0.4765625 0.3796875 0.475 0.384375 0.475 0.3859375 0.48125 0.384375 0.4828125 0.3859375 0.509375 0.384375 0.5109375 0.378125 0.509375
1 0.2390625 0.60625 0.2453125 0.6125 0.2453125 0.6171875 0.25 0.625 0.246875 0.646875 0.246875 0.665625 0.2453125 0.66875 0.240625 0.66875 0.2359375 0.6265625 0.2390625 0.6078125
1 0.4859375 0.6265625 0.4921875 0.6375 0.490625 0.6640625 0.49375 0.6703125 0.484375 0.675 0.484375 0.63125 0.4859375 0.628125
1 0.4703125 0.628125 0.475 0.6375 0.475 0.6703125 0.4765625 0.671875 0.4765625 0.6859375 0.4734375 0.6875 0.46875 0.6625 0.4703125 0.6296875
1 0.3578125 0.5375 0.3578125 0.5421875 0.3640625 0.553125 0.3640625 0.5671875 0.359375 0.584375 0.3515625 0.58125 0.35625 0.5390625
1 0.2609375 0.603125 0.01015625 0.05703125
1 0.365625 0.5234375 0.36875 0.5265625 0.3671875 0.5453125 0.3703125 0.5640625 0.365625 0.5671875 0.365625 0.553125 0.3625 0.5484375 0.3609375 0.5328125 0.3640625 0.525
1 0.6171875 0.56875 0.6234375 0.5765625 0.6234375 0.5984375 0.621875 0.6 0.6234375 0.6125 0.615625 0.6203125 0.6171875 0.5703125
1 0.4390625 0.509375 0.4421875 0.5140625 0.4421875 0.546875 0.4390625 0.5546875 0.4359375 0.54375 0.4359375 0.5203125 0.4390625 0.5109375
1 0.51875 0.5671875 0.521875 0.5703125 0.5234375 0.578125 0.521875 0.615625 0.51875 0.61875 0.515625 0.6046875 0.515625 0.575 0.51875 0.56875
2 0.4 0.5625 0.3984375 0.5859375 0.39375 0.6015625 0.3921875 0.6 0.3921875 0.5640625 0.3953125 0.5609375 0.3984375 0.5625