1 0.2453125 0.390625 0.25 0.3953125 0.25 0.4078125 0.253125 0.4140625 0.25 0.4265625 0.25 0.43125 0.2546875 0.440625 0.2546875 0.4453125 0.2515625 0.45 0.253125 0.4671875 0.25 0.4734375 0.246875 0.46875 0.2484375 0.465625 0.246875 0.4609375 0.2421875 0.465625 0.2390625 0.4765625 0.2359375 0.4765625 0.234375 0.4734375 0.240625 0.4578125 0.2421875 0.446875 0.240625 0.4265625 0.2453125 0.3921875
1 0.3328125 0.484375 0.3359375 0.4859375 0.34375 0.5015625 0.3421875 0.5046875 0.34375 0.534375 0.340625 0.5515625 0.346875 0.571875 0.35 0.575 0.35 0.58125 0.34375 0.578125 0.3390625 0.56875 0.3390625 0.55 0.334375 0.540625 0.3328125 0.53125 0.33125 0.4859375
1 0.1796875 0.521875 0.1875 0.528125 0.1890625 0.5328125 0.1890625 0.5453125 0.184375 0.5515625 0.1828125 0.565625 0.1859375 0.5734375 0.1859375 0.5890625 0.1890625 0.596875 0.1875 0.6 0.190625 0.609375 0.19375 0.6109375 0.19375 0.615625 0.1921875 0.6171875 0.1859375 0.615625 0.1828125 0.5984375 0.1796875 0.5953125 0.175 0.603125 0.1765625 0.6171875 0.171875 0.6203125 0.1703125 0.6171875 0.1734375 0.596875 0.1734375 0.5734375 0.171875 0.571875 0.1734375 0.534375 0.175 0.5265625 0.178125 0.5234375
1 0.003125 0.4609375 0.0078125 0.4609375 0.0078125 0.46875 0.0125 0.4765625 0.0125 0.4859375 0.0171875 0.4984375 0.015625 0.503125 0.009375 0.496875 0.0078125 0.4984375 0.009375 0.509375 0.00625 0.5265625 0.00625 0.546875 0.003125 0.546875 0.0015625 0.54375 0 0.5390625 0 0.4671875 0.003125 0.4625
1 0.4484375 0.4203125 0.453125 0.421875 0.4546875 0.4296875 0.4609375 0.4359375 0.4625 0.4421875 0.4609375 0.4546875 0.4671875 0.4859375 0.4671875 0.4921875 0.4609375 0.4984375 0.4578125 0.496875 0.45625 0.4796875 0.4515625 0.4703125 0.4484375 0.4546875 0.45 0.453125 0.4484375 0.421875
1 0.7458622685185186 0.44046874999999996 0.03278356481481488 0.08557291666666673
1 0.2921875 0.4640625 0.290625 0.4671875 0.2953125 0.4796875 0.296875 0.49375 0.2953125 0.5203125 0.2984375 0.53125 0.2984375 0.54375 0.2953125 0.5484375 0.29375 0.5484375 0.29375 0.5296875 0.2890625 0.521875 0.2859375 0.525 0.2859375 0.54375 0.2796875 0.546875 0.2828125 0.5078125 0.2859375 0.503125 0.2859375 0.4796875 0.2875 0.478125 0.2859375 0.465625 0.290625 0.4640625
1 0.265625 0.3640625 0.26875 0.3640625 0.2703125 0.36875 0.271875 0.4078125 0.26875 0.41875 0.2625 0.425 0.2578125 0.4390625 0.25625 0.4375 0.2578125 0.425 0.2609375 0.421875 0.2609375 0.3828125 0.265625 0.365625
1 0.509375 0.4859375 0.5140625 0.4890625 0.5125 0.49375 0.5140625 0.534375 0.509375 0.5515625 0.5109375 0.5609375 0.509375 0.5625 0.5046875 0.5609375 0.5046875 0.553125 0.49375 0.5484375 0.49375 0.54375 0.5015625 0.5390625 0.503125 0.5015625 0.509375 0.4875
1 0.4453125 0.51875 0.446875 0.5296875 0.453125 0.5375 0.4515625 0.540625 0.4546875 0.55 0.45 0.5546875 0.45 0.6140625 0.446875 0.6125 0.4453125 0.596875 0.4421875 0.6078125 0.440625 0.609375 0.4375 0.6078125 0.4375 0.5703125 0.434375 0.565625 0.4359375 0.540625 0.4421875 0.5296875 0.44375 0.5203125
1 0.35625 0.4609375 0.359375 0.459375 0.359375 0.4484375 0.3609375 0.446875 0.3640625 0.4484375 0.3625 0.4734375 0.3671875 0.5 0.3640625 0.5265625 0.365625 0.5375 0.3640625 0.5390625 0.3546875 0.5375 0.3515625 0.534375 0.35625 0.4625
1 0.5484375 0.665625 0.546875 0.6578125 0.5515625 0.65 0.55 0.615625 0.5578125 0.5984375 0.559375 0.5890625 0.5609375 0.5875 0.5640625 0.5890625 0.56875 0.6140625 0.5640625 0.6234375 0.5640625 0.6453125 0.5625 0.6546875 0.559375 0.6578125 0.559375 0.671875 0.55625 0.671875 0.553125 0.665625 0.55 0.6640625
1 0.3234375 0.5875 0.3203125 0.571875 0.3203125 0.5609375 0.3234375 0.553125 0.3203125 0.540625 0.3203125 0.525 0.3234375 0.521875 0.3296875 0.5265625 0.334375 0.540625 0.3390625 0.5453125 0.3375 0.546875 0.34375 0.5671875 0.3484375 0.575 0.3484375 0.5796875 0.346875 0.5796875 0.3359375 0.565625 0.33125 0.565625 0.328125 0.56875 0.328125 0.584375 0.325 0.5875
1 0.05 0.4828125 0.0546875 0.484375 0.0546875 0.4890625 0.0625 0.496875 0.0640625 0.5015625 0.0640625 0.521875 0.0609375 0.5390625 0.0671875 0.5546875 0.0671875 0.5640625 0.0625 0.5640625 0.0625 0.55625 0.0546875 0.540625 0.0515625 0.5234375 0.053125 0.521875 0.05 0.51875 0.05 0.484375
1 0.271875 0.40625 0.275 0.4078125 0.2828125 0.4234375 0.28125 0.425 0.28125 0.465625 0.278125 0.46875 0.278125 0.478125 0.275 0.478125 0.2734375 0.4734375 0.275 0.4640625 0.26875 0.440625 0.26875 0.41875 0.271875 0.4078125
1 0.1171875 0.4984375 0.1203125 0.5078125 0.128125 0.515625 0.125 0.528125 0.125 0.55625 0.1265625 0.5578125 0.125 0.5609375 0.128125 0.5640625 0.1296875 0.575 0.128125 0.578125 0.1265625 0.5765625 0.121875 0.578125 0.1203125 0.5859375 0.1171875 0.5859375 0.1171875 0.5640625 0.115625 0.5625 0.1171875 0.5578125 0.1140625 0.540625 0.10625 0.5234375 0.1125 0.5 0.115625 0.4984375
1 0.4328125 0.63125 0.434375 0.6453125 0.4375 0.65 0.4359375 0.7078125 0.4328125 0.728125 0.425 0.73125 0.425 0.71875 0.421875 0.709375 0.4234375 0.70625 0.421875 0.6828125 0.4296875 0.646875 0.428125 0.634375 0.43125 0.6328125
2 0.2234375 0.6046875 0.2234375 0.6125 0.23125 0.6203125 0.234375 0.6296875 0.2421875 0.6359375 0.240625 0.6390625 0.2359375 0.6390625 0.234375 0.6375 0.2359375 0.6359375 0.23125 0.6328125 0.2265625 0.6390625 0.2234375 0.7109375 0.2203125 0.7109375 0.21875 0.70625 0.2140625 0.65625 0.2078125 0.653125 0.2078125 0.64375 0.2109375 0.6375 0.2125 0.6234375 0.2171875 0.615625 0.21875 0.60625 0.221875 0.6046875