1 0.415625 0.415625 0.4203125 0.4171875 0.4234375 0.421875 0.4265625 0.4453125 0.4265625 0.45625 0.4234375 0.453125 0.4140625 0.453125 0.4109375 0.45 0.4125 0.4359375 0.409375 0.4328125 0.409375 0.428125 0.415625 0.4171875
1 0.3390625 0.45625 0.3390625 0.45 0.3421875 0.446875 0.3453125 0.4359375 0.3453125 0.4265625 0.3484375 0.4234375 0.35 0.4015625 0.3546875 0.3984375 0.35625 0.39375 0.3609375 0.3984375 0.3625 0.4171875 0.353125 0.428125 0.3515625 0.4421875 0.340625 0.45625
1 0.4546875 0.4296875 0.4609375 0.4421875 0.4609375 0.4515625 0.4578125 0.4546875 0.459375 0.490625 0.4546875 0.4921875 0.4546875 0.4828125 0.4515625 0.478125 0.446875 0.4828125 0.4453125 0.4890625 0.4421875 0.4890625 0.440625 0.4859375 0.440625 0.4796875 0.446875 0.4703125 0.446875 0.4515625 0.45 0.434375 0.453125 0.43125
1 0.403125 0.4203125 0.4078125 0.4265625 0.4078125 0.43125 0.4046875 0.4359375 0.4046875 0.440625 0.409375 0.4484375 0.4078125 0.4640625 0.403125 0.4640625 0.4015625 0.4546875 0.396875 0.45 0.3953125 0.440625 0.3953125 0.4265625 0.4015625 0.4203125
1 0.4328125 0.4578125 0.4375 0.4609375 0.4359375 0.490625 0.4328125 0.4984375 0.4328125 0.5140625 0.4265625 0.51875 0.421875 0.51875 0.421875 0.5125 0.425 0.496875 0.4265625 0.4640625 0.428125 0.459375 0.43125 0.4578125
1 0.94375 0.703125 0.95 0.715625 0.9484375 0.7296875 0.9515625 0.740625 0.9515625 0.7515625 0.95 0.7625 0.946875 0.759375 0.9421875 0.7609375 0.940625 0.778125 0.9375 0.7765625 0.934375 0.7515625 0.9390625 0.7265625 0.9390625 0.7046875 0.9421875 0.703125
2 0.1203125 0.49785879629629626 0.015052083333333322 0.07381365740740745
1 0.3609375 0.4078125 0.3640625 0.4109375 0.365625 0.425 0.3640625 0.4265625 0.365625 0.4671875 0.3625 0.4671875 0.3625 0.4625 0.359375 0.45625 0.35625 0.4546875 0.3515625 0.459375 0.3484375 0.4703125 0.3453125 0.4734375 0.3453125 0.459375 0.3515625 0.440625 0.3515625 0.43125 0.3578125 0.4203125 0.3609375 0.409375
1 0.2735416666666667 0.4549768518518519 0.02265625 0.08266782407407414
1 0.384375 0.4515625 0.3828125 0.4484375 0.384375 0.43125 0.390625 0.4265625 0.3953125 0.4296875 0.4015625 0.453125 0.4 0.478125 0.403125 0.4890625 0.3984375 0.4890625 0.3953125 0.4859375 0.39375 0.4765625 0.3953125 0.46875 0.3859375 0.4515625
1 0.3671875 0.4890625 0.3734375 0.4828125 0.3734375 0.4765625 0.3765625 0.4703125 0.3765625 0.4578125 0.38125 0.4515625 0.3859375 0.4515625 0.3890625 0.4546875 0.3890625 0.4625 0.3921875 0.465625 0.390625 0.48125 0.39375 0.4875 0.3921875 0.4984375 0.375 0.49375 0.36875 0.5 0.365625 0.5 0.3640625 0.4953125 0.3671875 0.490625
1 0.2640625 0.434375 0.265625 0.44375 0.2640625 0.4453125 0.2625 0.484375 0.259375 0.496875 0.2578125 0.4984375 0.253125 0.496875 0.25 0.5 0.246875 0.4984375 0.2515625 0.4890625 0.253125 0.4515625 0.25625 0.440625 0.2625 0.434375