0 0.6546875 0.5375 0.6578125 0.5390625 0.6578125 0.546875 0.65625 0.5484375 0.6515625 0.546875 0.653125 0.5390625
1 0.3453125 0.5828125 0.3484375 0.584375 0.3484375 0.590625 0.353125 0.6 0.353125 0.621875 0.3546875 0.6234375 0.3546875 0.65625 0.3515625 0.6640625 0.3515625 0.671875 0.3484375 0.6734375 0.346875 0.6703125 0.3484375 0.659375 0.3453125 0.6515625 0.3390625 0.6671875 0.3359375 0.66875 0.3375 0.6546875 0.3421875 0.64375 0.3421875 0.628125 0.3375 0.609375 0.3453125 0.584375
1 0.7171875 0.3734375 0.7234375 0.3765625 0.73125 0.390625 0.73125 0.415625 0.7359375 0.4265625 0.734375 0.4328125 0.7265625 0.4234375 0.725 0.4359375 0.7234375 0.4375 0.7203125 0.4359375 0.7203125 0.41875 0.715625 0.3890625 0.7171875 0.375
1 0.803125 0.3078125 0.8078125 0.3125 0.8078125 0.3625 0.8015625 0.3625 0.7984375 0.359375 0.796875 0.3125 0.8015625 0.3078125
1 0.6640625 0.5234375 0.6734375 0.534375 0.6734375 0.546875 0.678125 0.5671875 0.6859375 0.5796875 0.6875 0.590625 0.6859375 0.5921875 0.684375 0.590625 0.678125 0.5765625 0.6703125 0.5703125 0.6671875 0.5734375 0.66875 0.5921875 0.6640625 0.5921875 0.6625 0.55 0.659375 0.5484375 0.659375 0.5359375 0.6625 0.525
1 0.9 0.5046875 0.9046875 0.5046875 0.9046875 0.509375 0.909375 0.51875 0.909375 0.571875 0.9078125 0.5828125 0.903125 0.584375 0.9 0.5578125 0.9 0.50625
1 0.4421875 0.3765625 0.446875 0.378125 0.4484375 0.4109375 0.45 0.4125 0.4484375 0.41875 0.45 0.4203125 0.45 0.4359375 0.446875 0.4359375 0.4453125 0.428125 0.4390625 0.41875 0.440625 0.4109375 0.4390625 0.3859375 0.4421875 0.378125
1 0.1015625 0.8078125 0.10625 0.8078125 0.1078125 0.8109375 0.1078125 0.8265625 0.115625 0.8625 0.115625 0.86875 0.1125 0.871875 0.0953125 0.871875 0.09375 0.828125 0.1 0.81875 0.1015625 0.809375
1 0.6671875 0.4828125 0.6703125 0.484375 0.678125 0.5 0.678125 0.53125 0.6875 0.5453125 0.6875 0.5484375 0.678125 0.5453125 0.671875 0.5359375 0.6703125 0.5234375 0.665625 0.515625 0.6640625 0.50625 0.6671875 0.484375
1 0.5625 0.3734375 0.5609375 0.365625 0.553125 0.3515625 0.5515625 0.3265625 0.5546875 0.321875 0.559375 0.325 0.5640625 0.3375 0.5640625 0.3609375 0.565625 0.3625 0.5640625 0.3734375
1 0.4390625 0.4203125 0.4453125 0.4296875 0.4453125 0.4484375 0.44375 0.45 0.4453125 0.4890625 0.4328125 0.4875 0.4296875 0.4625 0.428125 0.446875 0.4296875 0.4359375 0.4328125 0.4265625 0.4375 0.421875
1 0.2328125 0.5578125 0.2359375 0.5578125 0.2390625 0.571875 0.2421875 0.575 0.240625 0.6015625 0.24375 0.6203125 0.24375 0.646875 0.2390625 0.6484375 0.2375 0.64375 0.2390625 0.6421875 0.2390625 0.625 0.234375 0.6234375 0.2328125 0.625 0.2328125 0.6453125 0.23125 0.6484375 0.228125 0.6484375 0.228125 0.603125 0.225 0.5984375 0.225 0.584375 0.2328125 0.559375
1 0.528125 0.4390625 0.53125 0.44375 0.534375 0.4703125 0.534375 0.5078125 0.5328125 0.5109375 0.525 0.5109375 0.521875 0.4765625 0.51875 0.46875 0.51875 0.45625 0.5265625 0.440625
1 0.975 0.4859375 0.9796875 0.4875 0.984375 0.5078125 0.984375 0.5359375 0.98125 0.54375 0.984375 0.56875 0.98125 0.575 0.9765625 0.5734375 0.9765625 0.5546875 0.9734375 0.5484375 0.975 0.4875
1 0.5734375 0.3515625 0.58125 0.3640625 0.5828125 0.3734375 0.58125 0.378125 0.5828125 0.4140625 0.58125 0.415625 0.578125 0.4125 0.578125 0.4046875 0.5734375 0.3921875 0.5734375 0.3828125 0.5703125 0.3765625 0.56875 0.365625 0.571875 0.353125
1 0.834375 0.4109375 0.8375 0.403125 0.8421875 0.4 0.85 0.4203125 0.8484375 0.4265625 0.85 0.4625 0.846875 0.46875 0.8421875 0.4703125 0.8421875 0.45 0.8390625 0.4421875 0.8359375 0.4125
1 0.5078125 0.4546875 0.5125 0.4375 0.5140625 0.4 0.5203125 0.3921875 0.5265625 0.3984375 0.5265625 0.4328125 0.5171875 0.4375 0.5125 0.453125 0.5078125 0.45625
1 0.2578125 0.5390625 0.2609375 0.5390625 0.2625 0.54375 0.2609375 0.5453125 0.2625 0.55 0.2609375 0.5859375 0.265625 0.6125 0.2640625 0.615625 0.2609375 0.615625 0.2515625 0.609375 0.2515625 0.5875 0.246875 0.5796875 0.2484375 0.55625 0.2578125 0.540625
1 0.3703125 0.465625 0.371875 0.4671875 0.371875 0.5078125 0.375 0.525 0.375 0.54375 0.3703125 0.5484375 0.365625 0.5484375 0.3640625 0.5421875 0.365625 0.5203125 0.3625 0.50625 0.3625 0.484375 0.3640625 0.475 0.36875 0.4671875
1 0.0265625 0.4234375 0.0328125 0.4953125 0.028125 0.4953125 0.025 0.4890625 0.01875 0.4859375 0.0171875 0.4828125 0.01875 0.465625 0.015625 0.459375 0.015625 0.4375 0.0203125 0.4265625 0.025 0.4234375
1 0.834375 0.35 0.8390625 0.3515625 0.84375 0.3671875 0.84375 0.3859375 0.8546875 0.4015625 0.853125 0.40625 0.8484375 0.4015625 0.840625 0.4015625 0.8359375 0.4109375 0.83125 0.4109375 0.8359375 0.3859375 0.834375 0.3515625
2 0.45625 0.525 0.459375 0.525 0.4609375 0.5296875 0.459375 0.5328125 0.4609375 0.5484375 0.4671875 0.55 0.46875 0.553125 0.459375 0.5625 0.459375 0.5796875 0.4609375 0.58125 0.459375 0.6015625 0.4578125 0.60625 0.453125 0.6109375 0.45 0.6109375 0.45 0.6 0.4546875 0.5875 0.45 0.559375 0.45 0.54375 0.45625 0.5265625