1 0.3296875 0.478125 0.3296875 0.4703125 0.3375 0.4546875 0.3375 0.440625 0.3421875 0.4109375 0.346875 0.4 0.35 0.4015625 0.3515625 0.4078125 0.3515625 0.428125 0.346875 0.440625 0.34375 0.48125 0.3390625 0.48125 0.3375 0.4671875 0.3296875 0.4796875
1 0.4734375 0.34375 0.4734375 0.346875 0.478125 0.3515625 0.4828125 0.3515625 0.4765625 0.359375 0.4703125 0.375 0.471875 0.3984375 0.46875 0.4046875 0.465625 0.40625 0.4671875 0.39375 0.4640625 0.390625 0.459375 0.3921875 0.4609375 0.378125 0.465625 0.365625 0.46875 0.3640625 0.4734375 0.3453125
1 0.609375 0.4859375 0.6078125 0.4828125 0.6125 0.4734375 0.6140625 0.4515625 0.61875 0.4421875 0.61875 0.428125 0.625 0.4125 0.6265625 0.4109375 0.6328125 0.4125 0.6328125 0.4234375 0.6296875 0.428125 0.6296875 0.4421875 0.628125 0.45 0.625 0.453125 0.6265625 0.4578125 0.625 0.4828125 0.6234375 0.4859375 0.621875 0.484375 0.6234375 0.471875 0.621875 0.4625 0.61875 0.4609375 0.615625 0.4671875 0.615625 0.475 0.6109375 0.484375
1 0.453125 0.375 0.4546875 0.390625 0.4578125 0.3921875 0.4578125 0.3984375 0.4515625 0.4140625 0.4515625 0.4359375 0.45 0.4375 0.4515625 0.44375 0.4484375 0.4515625 0.45 0.459375 0.4453125 0.459375 0.4421875 0.45625 0.440625 0.446875 0.44375 0.434375 0.4453125 0.39375 0.45 0.3875 0.4515625 0.3765625
1 0.484375 0.4484375 0.4875 0.4484375 0.4890625 0.4515625 0.4875 0.4625 0.490625 0.4671875 0.490625 0.4796875 0.4875 0.503125 0.484375 0.5078125 0.4828125 0.5234375 0.4796875 0.528125 0.4796875 0.5453125 0.478125 0.55 0.4734375 0.55 0.4734375 0.5390625 0.4765625 0.5265625 0.4765625 0.515625 0.4734375 0.50625 0.475 0.503125 0.4734375 0.48125 0.4765625 0.4671875 0.48125 0.4609375 0.484375 0.45
1 0.5578125 0.41875 0.5703125 0.4296875 0.5734375 0.428125 0.575 0.4234375 0.578125 0.4234375 0.5796875 0.428125 0.5828125 0.4296875 0.5921875 0.41875 0.5921875 0.425 0.5796875 0.446875 0.5796875 0.453125 0.5765625 0.4578125 0.5765625 0.4703125 0.571875 0.4828125 0.571875 0.49375 0.565625 0.50625 0.5625 0.50625 0.5640625 0.5 0.5625 0.4984375 0.5625 0.48125 0.565625 0.4765625 0.565625 0.4546875 0.56875 0.45 0.56875 0.440625 0.5671875 0.4359375 0.5625 0.4328125 0.5625 0.428125 0.5578125 0.4203125
1 0.7328125 0.6015625 0.734375 0.603125 0.7328125 0.6125 0.740625 0.6265625 0.7390625 0.6359375 0.740625 0.65625 0.728125 0.6859375 0.728125 0.703125 0.7265625 0.7046875 0.728125 0.7265625 0.725 0.7328125 0.71875 0.73125 0.721875 0.7265625 0.7203125 0.68125 0.7234375 0.6546875 0.7171875 0.6453125 0.7171875 0.6375 0.721875 0.6296875 0.728125 0.609375 0.728125 0.603125 0.73125 0.6015625
1 0.8078125 0.403125 0.80625 0.396875 0.8078125 0.3953125 0.809375 0.35 0.8140625 0.3375 0.81875 0.3375 0.821875 0.3484375 0.8203125 0.35 0.8203125 0.3703125 0.8171875 0.3734375 0.815625 0.3859375 0.809375 0.403125
1 0.446875 0.340625 0.4484375 0.3421875 0.446875 0.34375 0.4484375 0.3859375 0.4453125 0.390625 0.44375 0.4046875 0.4421875 0.4046875 0.440625 0.3890625 0.4296875 0.396875 0.428125 0.396875 0.428125 0.3921875 0.4359375 0.384375 0.4390625 0.353125 0.4421875 0.3484375 0.4421875 0.3421875 0.4453125 0.340625
1 0.2390625 0.41875 0.2421875 0.421875 0.2390625 0.428125 0.2390625 0.4453125 0.2375 0.446875 0.2390625 0.4515625 0.2375 0.4984375 0.240625 0.50625 0.2375 0.5078125 0.234375 0.5046875 0.2359375 0.490625 0.23125 0.4828125 0.2265625 0.4859375 0.221875 0.4953125 0.2203125 0.5078125 0.2171875 0.50625 0.2171875 0.496875 0.2234375 0.4859375 0.228125 0.4671875 0.228125 0.4453125 0.23125 0.4421875 0.234375 0.425 0.2375 0.4203125
1 0.4015625 0.4484375 0.3984375 0.4453125 0.4015625 0.43125 0.4015625 0.3953125 0.40625 0.3859375 0.4078125 0.36875 0.4109375 0.3671875 0.4125 0.390625 0.4109375 0.3921875 0.4109375 0.4078125 0.4078125 0.415625 0.4078125 0.4375 0.40625 0.4390625 0.4078125 0.4453125 0.403125 0.446875
1 0.2140625 0.4390625 0.21875 0.4390625 0.21875 0.44375 0.215625 0.446875 0.2171875 0.4625 0.215625 0.509375 0.209375 0.51875 0.2109375 0.53125 0.209375 0.5328125 0.20625 0.53125 0.2046875 0.521875 0.20625 0.515625 0.2046875 0.475 0.2078125 0.46875 0.2078125 0.4546875 0.2140625 0.440625
1 0.2705729166666667 0.4981770833333333 0.022031249999999992 0.09678819444444446
1 0.840625 0.5734375 0.84375 0.5734375 0.84375 0.58125 0.840625 0.5890625 0.840625 0.6 0.8359375 0.6109375 0.8328125 0.628125 0.8296875 0.6328125 0.8296875 0.6484375 0.8265625 0.653125 0.8265625 0.675 0.821875 0.6859375 0.821875 0.6984375 0.81875 0.7046875 0.815625 0.725 0.8078125 0.7234375 0.809375 0.721875 0.80625 0.7078125 0.80625 0.6828125 0.809375 0.675 0.8109375 0.65625 0.8140625 0.6515625 0.815625 0.6265625 0.8078125 0.6140625 0.8 0.6078125 0.7953125 0.5984375 0.7953125 0.5921875 0.7984375 0.590625 0.8046875 0.6015625 0.815625 0.6125 0.8203125 0.6109375 0.8234375 0.6046875 0.8234375 0.5984375 0.828125 0.596875 0.8328125 0.6015625 0.8359375 0.6 0.840625 0.575
1 0.6234375 0.3734375 0.6265625 0.3734375 0.63125 0.3640625 0.634375 0.3625 0.634375 0.3703125 0.6375 0.3765625 0.6359375 0.403125 0.6328125 0.4109375 0.63125 0.4125 0.628125 0.409375 0.625 0.4140625 0.6234375 0.4125 0.625 0.3890625 0.6203125 0.3828125 0.6234375 0.375
1 0.071875 0.49375 0.075 0.4765625 0.0796875 0.4703125 0.0796875 0.459375 0.0828125 0.4515625 0.0828125 0.4296875 0.0859375 0.425 0.0890625 0.4078125 0.09375 0.4078125 0.09375 0.428125 0.0921875 0.4296875 0.09375 0.44375 0.090625 0.4546875 0.0953125 0.4640625 0.0953125 0.48125 0.1 0.4890625 0.096875 0.4921875 0.09375 0.490625 0.090625 0.471875 0.084375 0.46875 0.0796875 0.4765625 0.078125 0.49375 0.0734375 0.49375
1 0.4515625 0.3765625 0.4546875 0.3765625 0.453125 0.390625 0.45625 0.39375 0.45625 0.4015625 0.4515625 0.4140625 0.4515625 0.4359375 0.45 0.4375 0.4515625 0.4453125 0.4484375 0.4515625 0.45 0.459375 0.44375 0.4578125 0.4421875 0.459375 0.4390625 0.4484375 0.428125 0.440625 0.425 0.440625 0.4234375 0.4375 0.425 0.43125 0.4359375 0.4328125 0.44375 0.4265625 0.4453125 0.3921875 0.45 0.3859375 0.4515625 0.378125
2 0.5359375 0.3953125 0.5390625 0.3953125 0.540625 0.4 0.540625 0.4296875 0.5359375 0.4375 0.5359375 0.45 0.528125 0.4625 0.5265625 0.475 0.521875 0.46875 0.5171875 0.471875 0.5171875 0.4640625 0.5265625 0.453125 0.528125 0.4296875 0.525 0.4234375 0.525 0.4171875 0.5328125 0.40625 0.5359375 0.396875