1 0.2765625 0.209375 0.2796875 0.209375 0.2796875 0.2375 0.2828125 0.2484375 0.275 0.240625 0.265625 0.2453125 0.265625 0.2390625 0.271875 0.234375 0.2734375 0.2296875 0.2734375 0.2203125 0.2765625 0.2109375
1 0.2828125 0.3734375 0.2859375 0.378125 0.284375 0.41875 0.278125 0.4375 0.275 0.4375 0.275 0.4015625 0.28125 0.375
1 0.2710416666666667 0.5610069444444445 0.018425925925925936 0.08461226851851852
1 0.3125 0.6078125 0.315625 0.6078125 0.3140625 0.61875 0.3171875 0.625 0.31875 0.6453125 0.3171875 0.64375 0.3109375 0.6484375 0.3078125 0.6609375 0.3015625 0.6734375 0.296875 0.68125 0.29375 0.68125 0.29375 0.6734375 0.3015625 0.646875 0.3 0.6296875 0.303125 0.6234375 0.309375 0.61875 0.3125 0.609375
1 0.4046875 0.5125 0.4046875 0.5046875 0.4109375 0.4890625 0.4140625 0.459375 0.421875 0.440625 0.4234375 0.440625 0.4265625 0.4578125 0.4234375 0.4859375 0.4109375 0.5109375 0.40625 0.5125
1 0.6125 0.3859375 0.615625 0.359375 0.61875 0.35 0.6171875 0.33125 0.6203125 0.3265625 0.6203125 0.321875 0.625 0.31875 0.6265625 0.3296875 0.63125 0.3375 0.625 0.3609375 0.6265625 0.3859375 0.625 0.3890625 0.6234375 0.3875 0.6234375 0.3765625 0.6203125 0.371875 0.61875 0.3796875 0.6140625 0.3875
1 0.21875 0.4046875 0.221875 0.4140625 0.221875 0.428125 0.2140625 0.4671875 0.2109375 0.4671875 0.20625 0.4625 0.20625 0.459375 0.2109375 0.45 0.209375 0.4203125 0.2171875 0.40625
1 0.2640625 0.853125 0.265625 0.8546875 0.2640625 0.871875 0.2671875 0.88125 0.2640625 0.9015625 0.2703125 0.925 0.2703125 0.9484375 0.2765625 0.9546875 0.2765625 0.959375 0.271875 0.9625 0.2671875 0.9609375 0.2671875 0.934375 0.2609375 0.928125 0.25625 0.928125 0.2515625 0.9359375 0.25 0.946875 0.2515625 0.9609375 0.246875 0.9640625 0.24375 0.9625 0.246875 0.9484375 0.246875 0.9359375 0.2515625 0.9234375 0.253125 0.8765625 0.2578125 0.8703125 0.259375 0.8578125 0.2625 0.8546875
1 0.734375 0.4796875 0.734375 0.4625 0.7375 0.45 0.7359375 0.425 0.7390625 0.4171875 0.7390625 0.40625 0.740625 0.4046875 0.74375 0.40625 0.74375 0.4125 0.75 0.4203125 0.7515625 0.4296875 0.7453125 0.453125 0.7453125 0.4703125 0.740625 0.471875 0.7375 0.475 0.7375 0.4796875 0.734375 0.48125
1 0.1390625 0.5796875 0.1390625 0.6015625 0.1421875 0.6234375 0.1359375 0.6359375 0.134375 0.6546875 0.13125 0.6546875 0.13125 0.621875 0.1265625 0.5984375 0.1265625 0.58125 0.1296875 0.5765625 0.13125 0.5671875 0.1359375 0.571875 0.1375 0.5796875
1 0.4578125 0.3359375 0.4625 0.3921875 0.459375 0.3921875 0.45625 0.3859375 0.4484375 0.384375 0.4515625 0.378125 0.4515625 0.3421875 0.453125 0.3375 0.45625 0.3359375
1 0.05 0.3265625 0.0484375 0.3234375 0.0546875 0.3140625 0.0625 0.284375 0.065625 0.2828125 0.0671875 0.2875 0.065625 0.315625 0.06875 0.3328125 0.065625 0.3328125 0.0640625 0.321875 0.0609375 0.31875 0.0515625 0.325
1 0.9359375 0.3375 0.934375 0.3359375 0.9359375 0.3171875 0.93125 0.2953125 0.9375 0.271875 0.940625 0.2703125 0.946875 0.2890625 0.9453125 0.29375 0.946875 0.3046875 0.9421875 0.3140625 0.940625 0.33125 0.9375 0.3359375
1 0.6453125 0.546875 0.6484375 0.55 0.6484375 0.55625 0.6515625 0.5609375 0.6515625 0.575 0.64375 0.603125 0.6515625 0.621875 0.6484375 0.6234375 0.6421875 0.6125 0.6375 0.6140625 0.634375 0.621875 0.6296875 0.621875 0.6296875 0.6171875 0.6375 0.6015625 0.6390625 0.5796875 0.6359375 0.575 0.6359375 0.56875 0.6421875 0.5609375 0.6453125 0.5484375
2 0.16875 0.4359375 0.171875 0.4390625 0.1765625 0.4640625 0.175 0.5140625 0.1703125 0.5140625 0.16875 0.509375 0.165625 0.4671875 0.1625 0.465625 0.1625 0.4484375 0.16875 0.4375
0 0.615625 0.4015625 0.61875 0.4015625 0.61875 0.409375 0.615625 0.4078125 0.615625 0.403125