1 0.209375 0.6421875 0.2109375 0.6515625 0.215625 0.6609375 0.215625 0.675 0.21875 0.68125 0.21875 0.6859375 0.215625 0.6875 0.215625 0.740625 0.2125 0.746875 0.209375 0.7484375 0.2078125 0.74375 0.20625 0.7203125 0.203125 0.709375 0.203125 0.690625 0.1984375 0.6796875 0.1984375 0.665625 0.2046875 0.6546875 0.20625 0.64375 0.2078125 0.64375
1 0.48125 0.42421875 0.0140625 0.0484375
1 0.640625 0.6359375 0.6484375 0.6515625 0.6484375 0.6671875 0.646875 0.66875 0.6484375 0.734375 0.6453125 0.7328125 0.64375 0.7234375 0.6359375 0.725 0.63125 0.653125 0.6359375 0.6453125 0.6359375 0.6375 0.6390625 0.6359375
1 0.6015625 0.8734375 0.6046875 0.846875 0.609375 0.8375 0.6078125 0.828125 0.609375 0.821875 0.6109375 0.8203125 0.6140625 0.821875 0.615625 0.8359375 0.621875 0.846875 0.625 0.8734375 0.6234375 0.88125 0.6171875 0.8875 0.6171875 0.909375 0.621875 0.934375 0.621875 0.9421875 0.61875 0.94375 0.6140625 0.9421875 0.6125 0.9390625 0.615625 0.9359375 0.6140625 0.9171875 0.6125 0.915625 0.6109375 0.9171875 0.60625 0.9296875 0.6 0.9234375 0.6 0.9203125 0.60625 0.915625 0.6078125 0.9109375 0.6078125 0.89375 0.609375 0.8921875 0.6078125 0.8734375 0.60625 0.871875 0.603125 0.8734375
1 0.4609375 0.4984375 0.0203125 0.075
1 0.43125 0.5765625 0.434375 0.5640625 0.4421875 0.5484375 0.440625 0.528125 0.4515625 0.5078125 0.4546875 0.5109375 0.4546875 0.5171875 0.4578125 0.5234375 0.4578125 0.5359375 0.453125 0.5453125 0.45 0.575 0.4484375 0.5765625 0.446875 0.575 0.446875 0.565625 0.4421875 0.5609375 0.4359375 0.575 0.4328125 0.5765625
1 0.6953125 0.4328125 0.6984375 0.434375 0.703125 0.4546875 0.703125 0.4734375 0.7046875 0.475 0.703125 0.4859375 0.7140625 0.4921875 0.715625 0.4953125 0.715625 0.5 0.6953125 0.496875 0.6921875 0.4640625 0.6953125 0.434375
1 0.70625 0.609375 0.709375 0.5921875 0.7140625 0.5828125 0.7140625 0.575 0.7171875 0.5734375 0.71875 0.5828125 0.7234375 0.590625 0.7265625 0.609375 0.7203125 0.628125 0.71875 0.6609375 0.715625 0.6625 0.7140625 0.6484375 0.709375 0.6359375 0.709375 0.6125 0.7078125 0.6109375
1 0.3734375 0.5046875 0.38125 0.5265625 0.3796875 0.5375 0.38125 0.584375 0.3796875 0.5859375 0.36875 0.584375 0.36875 0.54375 0.365625 0.534375 0.365625 0.5203125 0.371875 0.50625
1 0.48125 0.49296875 0.01640625 0.08046875
1 0.9109375 0.8453125 0.9171875 0.8671875 0.915625 0.896875 0.9171875 0.8984375 0.9171875 0.925 0.921875 0.953125 0.9203125 0.9546875 0.9140625 0.953125 0.915625 0.9375 0.9109375 0.9234375 0.9078125 0.9234375 0.903125 0.9296875 0.9 0.946875 0.896875 0.95 0.8890625 0.946875 0.8890625 0.9421875 0.896875 0.9359375 0.8984375 0.93125 0.9 0.9109375 0.9046875 0.89375 0.9046875 0.8734375 0.9078125 0.85625 0.90625 0.8515625 0.909375 0.846875
1 0.009375 0.63125 0.0125 0.6453125 0.0171875 0.65 0.01875 0.6609375 0.01875 0.6703125 0.015625 0.6796875 0.015625 0.7265625 0.0125 0.7265625 0.0109375 0.7234375 0.0109375 0.7015625 0.0078125 0.6984375 0.0046875 0.7046875 0.0046875 0.7234375 0.0015625 0.7328125 0 0.7328125 0 0.64375 0.003125 0.6421875 0.0046875 0.6328125 0.0078125 0.63125
1 0.5203125 0.40625 0.5234375 0.4078125 0.5265625 0.4140625 0.5265625 0.45 0.5296875 0.465625 0.5296875 0.4734375 0.5265625 0.471875 0.525 0.459375 0.521875 0.4546875 0.5203125 0.4703125 0.51875 0.4734375 0.515625 0.4734375 0.5171875 0.471875 0.5171875 0.4515625 0.5140625 0.4359375 0.5140625 0.421875 0.5203125 0.4078125
1 0.76875 0.821875 0.7734375 0.821875 0.775 0.834375 0.78125 0.8421875 0.7828125 0.85 0.78125 0.8953125 0.7875 0.9078125 0.7921875 0.925 0.7921875 0.9359375 0.7890625 0.934375 0.7875 0.925 0.775 0.9 0.771875 0.9015625 0.7703125 0.9078125 0.7703125 0.928125 0.76875 0.93125 0.765625 0.93125 0.7625 0.925 0.765625 0.91875 0.765625 0.8609375 0.7671875 0.859375 0.765625 0.846875 0.76875 0.8390625 0.7671875 0.828125 0.76875 0.8234375
1 0.0984375 0.578125 0.103125 0.5796875 0.103125 0.5875 0.109375 0.6 0.109375 0.6734375 0.1109375 0.675 0.1078125 0.684375 0.1015625 0.6828125 0.1 0.6796875 0.1 0.6515625 0.096875 0.64375 0.096875 0.628125 0.0921875 0.6125 0.0921875 0.6 0.0953125 0.5953125 0.0984375 0.5796875
1 0.340625 0.4171875 0.340625 0.4234375 0.34375 0.4296875 0.34375 0.446875 0.3421875 0.4484375 0.34375 0.48125 0.3421875 0.48125 0.3390625 0.4671875 0.334375 0.4640625 0.328125 0.484375 0.3265625 0.484375 0.3265625 0.4765625 0.33125 0.4609375 0.33125 0.4328125 0.3359375 0.4234375 0.3359375 0.41875 0.3390625 0.4171875
1 0.4046875 0.9984375 0.40625 0.978125 0.403125 0.9671875 0.403125 0.95625 0.40625 0.9359375 0.4125 0.9375 0.4125 0.94375 0.41875 0.95 0.4234375 0.9625 0.4234375 0.978125 0.421875 0.9796875 0.4234375 0.996875 0.421875 0.9984375 0.40625 0.9984375
1 0.465625 0.39375 0.4703125 0.3953125 0.475 0.40625 0.4734375 0.4421875 0.46875 0.4484375 0.4671875 0.4609375 0.45625 0.4609375 0.45625 0.4421875 0.459375 0.4359375 0.459375 0.4234375 0.45625 0.41875 0.45625 0.4140625 0.465625 0.3953125
1 0.20625 0.3921875 0.2125 0.403125 0.2140625 0.4125 0.2109375 0.43125 0.2109375 0.4671875 0.20625 0.46875 0.2046875 0.4671875 0.2015625 0.43125 0.1984375 0.4234375 0.1984375 0.40625 0.2046875 0.39375
2 0.2109375 0.6234375 0.20625 0.546875 0.2125 0.5296875 0.215625 0.5328125 0.21875 0.55 0.2171875 0.5890625 0.2140625 0.6046875 0.215625 0.6234375 0.2125 0.6234375