0 0.45625 0.3859375 0.459375 0.3875 0.459375 0.39375 0.4578125 0.3953125 0.453125 0.39375 0.4515625 0.390625 0.4546875 0.3875
1 0.5046875 0.34375 0.5015625 0.3375 0.496875 0.3359375 0.4921875 0.3453125 0.4921875 0.3390625 0.496875 0.3265625 0.496875 0.30625 0.503125 0.29375 0.50625 0.2984375 0.5046875 0.3421875
1 0.5609375 0.4578125 0.565625 0.459375 0.5671875 0.4734375 0.5640625 0.5265625 0.5578125 0.5375 0.55625 0.546875 0.553125 0.546875 0.55625 0.5125 0.5546875 0.5109375 0.5546875 0.4890625 0.5515625 0.484375 0.553125 0.475 0.5609375 0.459375
1 0.4140625 0.40625 0.4125 0.3875 0.415625 0.365625 0.421875 0.346875 0.4234375 0.3453125 0.4265625 0.346875 0.421875 0.375 0.421875 0.390625 0.4140625 0.4078125
1 0.584375 0.371875 0.5890625 0.3734375 0.5890625 0.38125 0.5921875 0.3875 0.5859375 0.45 0.584375 0.4515625 0.5796875 0.45 0.5828125 0.425 0.578125 0.3875 0.584375 0.3796875 0.584375 0.3734375
1 0.609375 0.3390625 0.61875 0.3515625 0.6171875 0.3640625 0.61875 0.40625 0.615625 0.4015625 0.615625 0.3875 0.6125 0.3828125 0.6078125 0.390625 0.6078125 0.3984375 0.6046875 0.4046875 0.603125 0.403125 0.60625 0.3890625 0.60625 0.3546875 0.609375 0.340625
1 0.178125 0.490625 0.1765625 0.48125 0.1875 0.45625 0.1921875 0.41875 0.1984375 0.4046875 0.2015625 0.4078125 0.2 0.4125 0.2015625 0.428125 0.1984375 0.4359375 0.1984375 0.45 0.2 0.4515625 0.2015625 0.484375 0.2046875 0.4890625 0.2 0.490625 0.196875 0.4875 0.196875 0.4625 0.190625 0.4609375 0.1875 0.471875 0.18125 0.48125 0.1796875 0.490625
1 0.43125 0.384375 0.43125 0.3765625 0.4359375 0.3703125 0.434375 0.36875 0.4359375 0.34375 0.45 0.3296875 0.453125 0.33125 0.4484375 0.3515625 0.4484375 0.3578125 0.4515625 0.3640625 0.4515625 0.3859375 0.446875 0.390625 0.4421875 0.390625 0.4390625 0.3796875 0.4328125 0.384375
1 0.45 0.3296875 0.453125 0.33125 0.4515625 0.346875 0.4484375 0.353125 0.4515625 0.3640625 0.4515625 0.3890625 0.45 0.390625 0.4484375 0.3890625 0.4484375 0.371875 0.4453125 0.3671875 0.4453125 0.340625 0.45 0.33125
1 0.390625 0.3265625 0.3921875 0.328125 0.390625 0.3828125 0.3875 0.384375 0.3859375 0.3703125 0.3734375 0.3796875 0.3734375 0.375 0.378125 0.3703125 0.38125 0.3625 0.384375 0.3390625 0.3890625 0.328125
2 0.3515625 0.4546875 0.35 0.44375 0.3578125 0.434375 0.359375 0.4 0.3625 0.3921875 0.371875 0.3828125 0.3703125 0.390625 0.3734375 0.4125 0.3734375 0.421875 0.3703125 0.425 0.36875 0.440625 0.3625 0.45625 0.359375 0.4546875 0.3609375 0.45 0.359375 0.440625 0.3515625 0.4484375 0.3515625 0.453125
1 0.328125 0.5296875 0.3296875 0.53125 0.328125 0.5453125 0.3328125 0.553125 0.3328125 0.565625 0.328125 0.5703125 0.3265625 0.5765625 0.328125 0.6078125 0.3234375 0.6125 0.31875 0.6265625 0.31875 0.6375 0.3125 0.6375 0.3140625 0.61875 0.3203125 0.603125 0.3171875 0.5859375 0.3171875 0.565625 0.3140625 0.5625 0.3140625 0.553125 0.321875 0.54375 0.3234375 0.53125 0.3265625 0.5296875
1 0.8484375 0.4875 0.85 0.4984375 0.85625 0.5078125 0.85625 0.5234375 0.8421875 0.584375 0.840625 0.584375 0.8421875 0.5515625 0.840625 0.55 0.8390625 0.5125 0.840625 0.5046875 0.8453125 0.4984375 0.84375 0.490625 0.846875 0.4890625
1 0.1078125 0.425 0.1125 0.4234375 0.1171875 0.4546875 0.1140625 0.509375 0.1109375 0.509375 0.109375 0.5015625 0.1046875 0.50625 0.1015625 0.503125 0.10625 0.4828125 0.10625 0.4625 0.103125 0.446875 0.1046875 0.4375 0.1078125 0.434375 0.1078125 0.4265625
1 0.575 0.3421875 0.0140625 0.059375
1 0.725 0.39375 0.7296875 0.3953125 0.7296875 0.403125 0.734375 0.4109375 0.734375 0.4234375 0.7296875 0.43125 0.721875 0.4734375 0.7203125 0.478125 0.7171875 0.48125 0.715625 0.4796875 0.7203125 0.459375 0.7203125 0.45 0.71875 0.4484375 0.71875 0.43125 0.715625 0.4296875 0.7125 0.4328125 0.7125 0.4265625 0.7234375 0.4046875 0.725 0.3953125
1 0.053125 0.3265625 0.0578125 0.3265625 0.0609375 0.396875 0.059375 0.3984375 0.05625 0.3953125 0.0578125 0.3796875 0.0546875 0.375 0.0515625 0.3765625 0.0515625 0.3828125 0.046875 0.390625 0.046875 0.3984375 0.04375 0.3953125 0.04375 0.3890625 0.05 0.3734375 0.05 0.3453125 0.053125 0.328125
1 0.4109375 0.615625 0.4140625 0.6171875 0.4140625 0.6265625 0.4109375 0.6328125 0.4109375 0.6578125 0.4171875 0.6640625 0.4171875 0.66875 0.409375 0.671875 0.4109375 0.7109375 0.40625 0.7296875 0.409375 0.7390625 0.4046875 0.740625 0.4015625 0.7375 0.4046875 0.7140625 0.403125 0.7109375 0.390625 0.709375 0.3828125 0.7140625 0.384375 0.7046875 0.396875 0.6984375 0.3953125 0.646875 0.4 0.6375 0.40625 0.63125 0.40625 0.6234375 0.409375 0.6171875