1 0.6416152265624999 0.8863888890625 0.6360435953125 0.8892881953125 0.6278806578125 0.9199999999999999 0.628774434375 0.9380208343750001 0.6188946765625001 0.972934028125 0.6177019031250001 0.9840625 0.641920653125 0.9835243046875 0.6433609828125 0.9446354156250001 0.651215278125 0.9222569437500001 0.6416152265624999 0.8863888890625
1 0.6506397890625 0.91671875 0.6423450359375 0.8877604171875 0.6360435953125 0.8892881953125 0.6329796812499999 0.9087847218749999 0.6278806578125 0.9199999999999999 0.6277874234375 0.94359375 0.6188946765625001 0.972934028125 0.6177019031250001 0.9840625 0.641920653125 0.9835243046875 0.6434124234375 0.9432465265625 0.6506397890625 0.91671875
1 0.8175218624999999 0.47864583281249995 0.815055940625 0.43984375 0.8098443937500001 0.4330208328125 0.8075006437500001 0.4330729171875 0.8066775984375001 0.4552951390625 0.8089281125 0.4788368046875 0.8152906375000001 0.49673611093750003 0.8254468875000001 0.4965104171875 0.8175218624999999 0.47864583281249995
2 0.8083333328125001 0.43166666718749996 0.8066261578124999 0.45668402812500003 0.8094007203125001 0.487152778125 0.8144065078124999 0.49953125 0.8253954468750001 0.49789930625 0.8183031125 0.478628471875 0.816618440625 0.4398090265625 0.8083333328125001 0.43166666718749996
1 0.23956082812499999 0.5081423609375 0.2517521859375 0.5161979156250001 0.250180040625 0.4954166671875 0.24527713437499998 0.4802604171875 0.24494920312500001 0.44696180625000004 0.240158821875 0.44984375 0.236570859375 0.46241319531249997 0.2384098515625 0.497065971875 0.23446180625 0.5193576390625 0.23836805625 0.5192708328125 0.23956082812499999 0.5081423609375
1 0.0494438015625 0.3722048609375 0.0475019296875 0.3403298609375 0.040213478125 0.3474305546875 0.0392875515625 0.3724305546875 0.0494438015625 0.3722048609375
0 0.26664737656250004 0.514479165625 0.266904578125 0.507534721875 0.26226851875 0.50625 0.2603973765625 0.5146180546875 0.26664737656250004 0.514479165625
1 0.4786168984375 0.3765451390625 0.479356353125 0.3987326390625 0.4752539859375 0.42519097187500005 0.486921296875 0.42631944375 0.489059284375 0.4318229171875 0.489194315625 0.3860243046875 0.48340727812499995 0.37366319375 0.4786168984375 0.3765451390625
1 0.371759259375 0.41638888906249993 0.38154578125 0.4050694453125 0.3800154328125 0.3620833328125 0.3749067640625 0.3524826390625 0.37084619375 0.3567361109375 0.36861496875 0.3748263890625 0.371759259375 0.41638888906249993
1 0.6527166921875 0.2283506953125 0.6494373718750001 0.2325868046875 0.6472157921874999 0.27149305468749996 0.65762924375 0.2643229171875 0.6533018265625 0.2547048609375 0.6527166921875 0.2283506953125
1 0.44810313749999997 0.504895834375 0.46153870937499997 0.500434028125 0.44866898125 0.48961805625 0.4450102875 0.46194444375000004 0.4367766203125 0.45241319375 0.43665123437500003 0.519027778125 0.44810313749999997 0.504895834375
1 0.345199975 0.6487326375 0.3380561984375 0.6308506953124999 0.326974021875 0.6560763890625 0.32542116718749997 0.6769270828125 0.33136252499999996 0.685121528125 0.333294753125 0.6961805562500001 0.3293467078125 0.718472221875 0.3409625765625 0.720989584375 0.345199975 0.6487326375
1 0.8405028296875001 0.2796875 0.840676440625 0.317152778125 0.8449942125 0.3059548609375 0.852076903125 0.30440972187500004 0.8468653546875 0.29758680625 0.8447691609374999 0.26987847187499997 0.8415927218749999 0.27133680625 0.8405028296875001 0.2796875
1 0.6652520578125001 0.4168055546875 0.6593107 0.4086111109375 0.659609696875 0.3794618046875 0.656844778125 0.369809028125 0.6537197781249999 0.369878471875 0.6514564046875 0.4309895828125 0.6553626546875 0.43090277656250003 0.6581179265625 0.4197395828125 0.66265110625 0.42380208281250004 0.6652520578125001 0.4168055546875
1 0.5281153546875 0.6418923609375 0.528288965625 0.6793576390625 0.5390625 0.662465278125 0.546926440625 0.660902778125 0.5416120109375 0.6568576375 0.536786265625 0.6396180546875 0.5388888890625 0.625 0.535342721875 0.615364584375 0.529668209375 0.621041665625 0.5308191875 0.6321180546875 0.5258744859375 0.6391666671875 0.5281153546875 0.6418923609375
1 0.90206404375 0.7251736109375 0.9116448046875 0.719409721875 0.913197659375 0.6985590265625 0.9066711671875 0.664010415625 0.9012024171874999 0.66413194375 0.9020961937499999 0.6821527781250001 0.8987654328125 0.6877777765624999 0.9025688015625001 0.69046875 0.8997202937500001 0.72522569375 0.90206404375 0.7251736109375
1 0.6533854171875 0.5475173609375 0.661506559375 0.5390104171875 0.675003215625 0.55397569375 0.676144546875 0.5442361109375 0.6662969390625 0.536128471875 0.6566968875 0.5002604171875 0.6504983281250001 0.4990104171875 0.65176183125 0.528125 0.646826775 0.5559895828125 0.652295525 0.5558680546875 0.6533854171875 0.5475173609375
1 0.6828703703125 0.44694444375 0.6920910499999999 0.450902778125 0.6868087703125 0.4038368046875 0.6818544234374999 0.3900694453125 0.6769611624999999 0.3957291671875 0.675633359375 0.45265625 0.6828703703125 0.44694444375
1 0.764711934375 0.597777778125 0.7673128859375 0.59078125 0.7616094390625 0.5340104171875 0.7549897125 0.52305555625 0.7514017484375 0.535625 0.752141203125 0.5578125 0.7485018 0.5717708328125 0.7575681578125 0.5798958328125 0.7601273140625 0.5951041671875 0.764711934375 0.597777778125