0 0.5078125 0.4125 0.5125 0.4125 0.5125 0.4171875 0.509375 0.421875 0.50625 0.41875 0.5078125 0.4140625
1 0.271875 0.4140625 0.275 0.415625 0.2796875 0.4375 0.275 0.471875 0.2765625 0.4828125 0.275 0.5 0.271875 0.4984375 0.2703125 0.4859375 0.2671875 0.48125 0.2671875 0.45625 0.2625 0.4515625 0.265625 0.4421875 0.265625 0.43125 0.2703125 0.425 0.271875 0.415625
1 0.4125 0.365625 0.415625 0.36875 0.4171875 0.3953125 0.4109375 0.409375 0.4078125 0.409375 0.4046875 0.4046875 0.40625 0.403125 0.4046875 0.378125 0.4125 0.3671875
1 0.53125 0.63125 0.534375 0.6328125 0.534375 0.6453125 0.540625 0.6515625 0.5453125 0.6671875 0.54375 0.675 0.5390625 0.678125 0.5375 0.696875 0.534375 0.70625 0.534375 0.71875 0.54375 0.728125 0.54375 0.7421875 0.540625 0.7359375 0.5296875 0.7265625 0.5265625 0.7296875 0.521875 0.7484375 0.515625 0.746875 0.521875 0.7359375 0.5234375 0.7203125 0.5265625 0.7140625 0.5265625 0.6796875 0.5234375 0.675 0.5234375 0.65625 0.528125 0.65 0.528125 0.634375 0.5296875 0.6328125
1 0.528125 0.3734375 0.53125 0.3828125 0.5296875 0.384375 0.534375 0.3921875 0.534375 0.3984375 0.53125 0.4 0.53125 0.4109375 0.5328125 0.415625 0.5421875 0.425 0.534375 0.425 0.53125 0.428125 0.525 0.4265625 0.5203125 0.4328125 0.5203125 0.4125 0.521875 0.4109375 0.5203125 0.3890625 0.5234375 0.378125 0.5265625 0.375
1 0.59375 0.3734375 0.596875 0.3734375 0.5984375 0.3859375 0.596875 0.415625 0.6015625 0.4203125 0.6015625 0.4265625 0.596875 0.425 0.5921875 0.4328125 0.5890625 0.4296875 0.5875 0.41875 0.590625 0.409375 0.5890625 0.3953125 0.59375 0.3828125 0.59375 0.375
1 0.4078125 0.40625 0.4140625 0.415625 0.415625 0.428125 0.4125 0.4390625 0.4140625 0.440625 0.4140625 0.45625 0.4203125 0.4640625 0.41875 0.46875 0.4125 0.4640625 0.4109375 0.4578125 0.4078125 0.45625 0.40625 0.4640625 0.403125 0.4671875 0.403125 0.4828125 0.3984375 0.4828125 0.4015625 0.4703125 0.4 0.465625 0.403125 0.4578125 0.4046875 0.4078125 0.40625 0.4078125
2 0.6578125 0.4984375 0.6453125 0.4734375 0.6421875 0.475 0.6421875 0.4796875 0.6390625 0.4828125 0.6390625 0.4921875 0.6375 0.49375 0.634375 0.4921875 0.6390625 0.4671875 0.6375 0.4375 0.6421875 0.4234375 0.6453125 0.421875 0.6546875 0.440625 0.6546875 0.4484375 0.65 0.4546875 0.65 0.471875 0.6578125 0.4890625 0.6578125 0.496875
1 0.778125 0.4625 0.78125 0.465625 0.7828125 0.4734375 0.7890625 0.4796875 0.7890625 0.4890625 0.7859375 0.4921875 0.7859375 0.515625 0.7875 0.5171875 0.7859375 0.521875 0.7953125 0.5421875 0.79375 0.5484375 0.7921875 0.55 0.790625 0.5421875 0.784375 0.534375 0.778125 0.540625 0.7765625 0.53125 0.771875 0.521875 0.7765625 0.5015625 0.76875 0.490625 0.7734375 0.4859375 0.7765625 0.478125 0.7765625 0.4640625
1 0.509375 0.33125 0.515625 0.3484375 0.5125 0.3609375 0.5140625 0.365625 0.5125 0.3765625 0.5109375 0.378125 0.509375 0.3765625 0.50625 0.3625 0.50625 0.334375 0.5078125 0.3328125
1 0.5578125 0.3640625 0.5625 0.365625 0.5625 0.3828125 0.5640625 0.384375 0.5625 0.3984375 0.5640625 0.4078125 0.56875 0.4140625 0.56875 0.415625 0.5609375 0.4140625 0.5578125 0.4171875 0.5578125 0.4265625 0.55625 0.4296875 0.5546875 0.4265625 0.55625 0.4140625 0.5546875 0.384375 0.5578125 0.3796875 0.5578125 0.365625
1 0.421875 0.46875 0.425 0.4765625 0.4328125 0.4859375 0.4328125 0.496875 0.4296875 0.5046875 0.4296875 0.5296875 0.43125 0.5390625 0.4359375 0.546875 0.4359375 0.5515625 0.4328125 0.5546875 0.43125 0.5546875 0.4296875 0.5421875 0.421875 0.528125 0.4234375 0.5203125 0.415625 0.4984375 0.415625 0.4875 0.41875 0.4828125 0.4171875 0.4703125 0.4203125 0.46875
1 0.9203125 0.490625 0.921875 0.4984375 0.93125 0.5140625 0.925 0.540625 0.925 0.5484375 0.93125 0.571875 0.928125 0.578125 0.925 0.5734375 0.91875 0.571875 0.9203125 0.559375 0.9171875 0.5484375 0.9171875 0.5328125 0.915625 0.53125 0.9171875 0.5265625 0.9125 0.5234375 0.9109375 0.51875 0.9140625 0.5109375 0.915625 0.4921875 0.91875 0.490625
1 0.1609375 0.4859375 0.1625 0.4953125 0.1671875 0.5015625 0.1671875 0.534375 0.16875 0.5359375 0.1671875 0.5484375 0.1765625 0.5703125 0.175 0.575 0.171875 0.571875 0.1734375 0.5703125 0.1703125 0.5640625 0.1609375 0.5515625 0.1578125 0.5546875 0.159375 0.5625 0.1578125 0.5796875 0.153125 0.5796875 0.1515625 0.5765625 0.1546875 0.56875 0.1546875 0.5390625 0.15625 0.5375 0.153125 0.509375 0.15625 0.4984375 0.15625 0.4875 0.159375 0.4859375
1 0.621875 0.5671875 0.628125 0.56875 0.6265625 0.5765625 0.6328125 0.58125 0.634375 0.5859375 0.6328125 0.621875 0.6296875 0.6328125 0.63125 0.634375 0.640625 0.6328125 0.6421875 0.6359375 0.640625 0.6421875 0.6375 0.64375 0.634375 0.6421875 0.6265625 0.6484375 0.625 0.665625 0.6203125 0.665625 0.6203125 0.6609375 0.6234375 0.659375 0.6234375 0.63125 0.625 0.6296875 0.6203125 0.6046875 0.621875 0.6 0.6203125 0.5703125 0.621875 0.56875
1 0.5171875 0.371875 0.5234375 0.375 0.5265625 0.3828125 0.5234375 0.3890625 0.525 0.403125 0.521875 0.4140625 0.521875 0.4296875 0.521875 0.4234375 0.51875 0.41875 0.5203125 0.3984375 0.5171875 0.3734375
1 0.9640625 0.4640625 0.9609375 0.4578125 0.9609375 0.44375 0.9640625 0.440625 0.9625 0.4125 0.965625 0.40625 0.96875 0.4078125 0.96875 0.4171875 0.971875 0.425 0.9703125 0.45625 0.9734375 0.459375 0.971875 0.475 0.9671875 0.4734375 0.96875 0.46875 0.965625 0.4640625
1 0.4349768518518518 0.38020833333333337 0.018663194444444375 0.0596354166666667