0 0.54375 0.31875 0.5484375 0.3140625 0.55 0.31875 0.5484375 0.321875 0.5453125 0.3203125
1 0.3234375 0.390625 0.3265625 0.390625 0.3265625 0.4078125 0.3296875 0.421875 0.334375 0.4296875 0.334375 0.4375 0.328125 0.4390625 0.33125 0.4546875 0.33125 0.46875 0.334375 0.4734375 0.328125 0.4765625 0.328125 0.4625 0.321875 0.446875 0.3171875 0.4515625 0.31875 0.4546875 0.315625 0.46875 0.3125 0.471875 0.3140625 0.4609375 0.3125 0.453125 0.3171875 0.4296875 0.3171875 0.40625 0.3234375 0.3921875
1 0.5765625 0.271875 0.5796875 0.271875 0.584375 0.2890625 0.5796875 0.3171875 0.5859375 0.328125 0.58125 0.3296875 0.5796875 0.325 0.575 0.3234375 0.571875 0.3359375 0.5703125 0.3375 0.5671875 0.3359375 0.56875 0.3171875 0.571875 0.3125 0.571875 0.2828125 0.5765625 0.2734375
1 0.5265625 0.2515625 0.5296875 0.253125 0.5328125 0.2625 0.540625 0.2703125 0.540625 0.2984375 0.5375 0.3078125 0.534375 0.3109375 0.5296875 0.309375 0.5328125 0.28125 0.5265625 0.253125
1 0.3953125 0.5171875 0.3984375 0.51875 0.3984375 0.528125 0.409375 0.5484375 0.409375 0.553125 0.4046875 0.559375 0.409375 0.6125 0.40625 0.6140625 0.4046875 0.6125 0.403125 0.5890625 0.4015625 0.584375 0.3953125 0.5796875 0.390625 0.5921875 0.390625 0.6109375 0.3890625 0.6140625 0.3859375 0.6140625 0.3875 0.5765625 0.390625 0.565625 0.390625 0.5609375 0.3859375 0.5515625 0.3859375 0.54375 0.39375 0.528125 0.3953125 0.51875
1 0.540625 0.3171875 0.54375 0.3234375 0.54375 0.33125 0.540625 0.334375 0.5421875 0.340625 0.540625 0.3421875 0.5390625 0.3890625 0.5359375 0.390625 0.53125 0.3875 0.53125 0.340625 0.5265625 0.33125 0.5265625 0.325 0.534375 0.309375 0.5375 0.3109375 0.5390625 0.3171875
1 0.775 0.4546875 0.778125 0.4546875 0.7796875 0.4640625 0.7859375 0.4734375 0.7859375 0.4859375 0.78125 0.5 0.78125 0.51875 0.7890625 0.5328125 0.7890625 0.5359375 0.7859375 0.5375 0.7828125 0.534375 0.7828125 0.5296875 0.7765625 0.5265625 0.7734375 0.5296875 0.775 0.5359375 0.771875 0.5390625 0.76875 0.5359375 0.771875 0.525 0.771875 0.4890625 0.7671875 0.4859375 0.7671875 0.4796875 0.7734375 0.4671875 0.775 0.45625
1 0.925 0.275 0.928125 0.275 0.9328125 0.2953125 0.9296875 0.3078125 0.9328125 0.340625 0.9296875 0.34375 0.9265625 0.334375 0.921875 0.33125 0.91875 0.2984375 0.925 0.2765625
1 0.603125 0.303125 0.60625 0.303125 0.609375 0.3265625 0.6078125 0.3375 0.603125 0.3484375 0.6015625 0.365625 0.5984375 0.36875 0.6 0.3546875 0.596875 0.3484375 0.59375 0.3484375 0.5875 0.35625 0.5859375 0.3546875 0.5984375 0.3296875 0.603125 0.3046875
1 0.234375 0.475 0.2375 0.478125 0.2375 0.484375 0.2421875 0.49375 0.24375 0.503125 0.24375 0.509375 0.240625 0.5109375 0.2375 0.534375 0.2375 0.5484375 0.240625 0.5578125 0.2390625 0.5640625 0.2421875 0.56875 0.2421875 0.575 0.2375 0.5765625 0.234375 0.571875 0.2328125 0.5734375 0.23125 0.5671875 0.2328125 0.546875 0.2296875 0.5359375 0.2296875 0.515625 0.225 0.5078125 0.225 0.496875 0.2328125 0.48125 0.2328125 0.4765625
1 0.4171875 0.39375 0.4203125 0.39375 0.4203125 0.4046875 0.4234375 0.4109375 0.428125 0.4171875 0.43125 0.4171875 0.43125 0.421875 0.4234375 0.4234375 0.4203125 0.428125 0.4203125 0.446875 0.421875 0.4484375 0.4203125 0.4515625 0.4125 0.453125 0.409375 0.45 0.409375 0.4328125 0.4109375 0.43125 0.409375 0.4171875 0.4171875 0.3953125
1 0.2265625 0.6 0.2296875 0.5984375 0.2296875 0.5859375 0.234375 0.58125 0.2359375 0.59375 0.2421875 0.603125 0.2421875 0.6203125 0.2390625 0.6296875 0.2390625 0.6484375 0.2375 0.65 0.240625 0.6734375 0.2375 0.6734375 0.234375 0.68125 0.23125 0.68125 0.2265625 0.6484375 0.2265625 0.625 0.2234375 0.61875 0.2265625 0.6015625
1 0.4125 0.453125 0.415625 0.453125 0.41875 0.4578125 0.4234375 0.4734375 0.421875 0.4984375 0.4171875 0.5109375 0.421875 0.5171875 0.421875 0.525 0.4203125 0.5375 0.4171875 0.5359375 0.415625 0.525 0.4125 0.5234375 0.409375 0.5171875 0.409375 0.496875 0.4109375 0.4953125 0.4078125 0.4875 0.409375 0.4859375 0.409375 0.465625 0.4125 0.4546875
1 0.990625 0.3375 0.99375 0.3375 0.9984375 0.3453125 0.9984375 0.365625 0.996875 0.3671875 0.9984375 0.4046875 0.9921875 0.403125 0.9890625 0.40625 0.9890625 0.4171875 0.984375 0.421875 0.9828125 0.415625 0.9875 0.3859375 0.9859375 0.3671875 0.9890625 0.3640625 0.990625 0.3390625
1 0.953125 0.5421875 0.9546875 0.5265625 0.953125 0.525 0.9515625 0.4921875 0.95 0.490625 0.9453125 0.496875 0.9421875 0.4953125 0.9421875 0.4921875 0.9515625 0.4734375 0.9515625 0.465625 0.95625 0.45625 0.9546875 0.4515625 0.95625 0.44375 0.9609375 0.446875 0.9609375 0.4546875 0.965625 0.4640625 0.9640625 0.4921875 0.9609375 0.503125 0.9609375 0.521875 0.965625 0.5359375 0.965625 0.546875 0.9609375 0.55 0.959375 0.5453125 0.9546875 0.5421875
1 0.0578125 0.503125 0.0546875 0.4984375 0.0515625 0.4421875 0.05625 0.425 0.0625 0.41875 0.0625 0.4140625 0.0671875 0.4109375 0.0671875 0.428125 0.0625 0.453125 0.0625 0.46875 0.0640625 0.4703125 0.0625 0.484375 0.065625 0.4953125 0.059375 0.5015625
2 0.5859375 0.5125 0.5890625 0.5125 0.590625 0.5203125 0.596875 0.528125 0.5984375 0.5390625 0.59375 0.5640625 0.5875 0.5796875 0.5890625 0.6109375 0.5875 0.6140625 0.584375 0.6140625 0.5828125 0.5546875 0.578125 0.55 0.575 0.5421875 0.5859375 0.5140625