0 0.2125 0.39296875 0.00625 0.00859375
1 0.6890625 0.346875 0.6921875 0.3484375 0.696875 0.365625 0.69375 0.3734375 0.690625 0.403125 0.6875 0.4046875 0.6859375 0.4015625 0.6890625 0.3796875 0.6890625 0.3703125 0.6859375 0.359375 0.6890625 0.3484375
1 0.6609375 0.4625 0.6640625 0.4671875 0.6703125 0.509375 0.678125 0.525 0.678125 0.534375 0.675 0.5328125 0.675 0.528125 0.665625 0.5109375 0.6625 0.5125 0.6625 0.5265625 0.6609375 0.528125 0.6578125 0.5265625 0.65625 0.5015625 0.659375 0.49375 0.6578125 0.478125 0.659375 0.4640625
1 0.696875 0.896875 0.6984375 0.9125 0.7046875 0.9265625 0.7046875 0.9578125 0.7 0.9625 0.696875 0.9734375 0.6984375 0.9875 0.696875 0.9984375 0.6875 0.9984375 0.690625 0.9734375 0.6890625 0.971875 0.6890625 0.946875 0.684375 0.9390625 0.6875 0.921875 0.6921875 0.9125 0.6921875 0.8984375 0.6953125 0.896875
1 0.634375 0.2265625 0.6375 0.228125 0.6390625 0.2328125 0.640625 0.25 0.64375 0.25625 0.64375 0.2609375 0.6390625 0.2625 0.6375 0.2703125 0.6359375 0.2703125 0.634375 0.228125
1 0.5625 0.4875 0.01875 0.06640625
1 0.41875 0.3125 0.4234375 0.3140625 0.4265625 0.33125 0.425 0.371875 0.421875 0.3734375 0.4171875 0.36875 0.41875 0.3140625
1 0.9984375 0.8203125 0.9984375 0.903125 0.99375 0.8984375 0.996875 0.890625 0.9953125 0.8515625 0.9921875 0.8484375 0.9875 0.8515625 0.9859375 0.85 0.9921875 0.8359375 0.99375 0.825 0.996875 0.821875
1 0.3171875 0.39375 0.3203125 0.39375 0.321875 0.3984375 0.328125 0.4046875 0.33125 0.4140625 0.3265625 0.4296875 0.328125 0.4359375 0.3375 0.4484375 0.3359375 0.4515625 0.325 0.4421875 0.321875 0.428125 0.315625 0.4171875 0.3171875 0.3953125
1 0.68125 0.3578125 0.6859375 0.3625 0.6890625 0.375 0.6828125 0.415625 0.68125 0.41875 0.678125 0.415625 0.675 0.3765625 0.68125 0.359375
1 0.4828125 0.3921875 0.4796875 0.3609375 0.4796875 0.3484375 0.4828125 0.3359375 0.4859375 0.3375 0.490625 0.35 0.4875 0.3625 0.490625 0.384375 0.4859375 0.3859375 0.484375 0.3921875
1 0.3203125 0.475 0.3140625 0.4609375 0.3140625 0.4421875 0.3109375 0.4203125 0.3109375 0.4140625 0.3125 0.4125 0.315625 0.4140625 0.315625 0.41875 0.321875 0.428125 0.3234375 0.4359375 0.321875 0.459375 0.325 0.4625 0.325 0.4734375 0.3203125 0.4765625
1 0.325 0.6875 0.33125 0.709375 0.33125 0.7359375 0.3359375 0.753125 0.3375 0.7796875 0.334375 0.78125 0.33125 0.7796875 0.33125 0.753125 0.328125 0.75 0.325 0.75 0.31875 0.75625 0.3109375 0.7734375 0.3109375 0.7828125 0.3078125 0.78125 0.30625 0.7765625 0.3171875 0.75 0.3171875 0.7296875 0.3140625 0.7265625 0.3140625 0.7171875 0.31875 0.7015625 0.3234375 0.6953125 0.3234375 0.6890625
1 0.821875 0.6546875 0.8265625 0.6296875 0.825 0.6203125 0.8265625 0.61875 0.8296875 0.6203125 0.83125 0.63125 0.8359375 0.6390625 0.834375 0.6640625 0.8359375 0.678125 0.8421875 0.6984375 0.8421875 0.709375 0.8390625 0.7078125 0.834375 0.6890625 0.828125 0.6828125 0.825 0.7046875 0.821875 0.70625 0.8203125 0.696875 0.821875 0.6953125 0.8234375 0.65625
1 0.15625 0.309375 0.1609375 0.309375 0.1640625 0.3125 0.165625 0.3234375 0.1640625 0.3375 0.165625 0.3578125 0.1625 0.359375 0.1578125 0.3546875 0.1546875 0.3609375 0.1515625 0.359375 0.153125 0.3546875 0.1515625 0.31875 0.15625 0.3109375
1 0.4640625 0.5609375 0.46875 0.5625 0.46875 0.56875 0.4734375 0.5765625 0.4734375 0.596875 0.4796875 0.6234375 0.4796875 0.6296875 0.475 0.63125 0.4671875 0.621875 0.4640625 0.6140625 0.4640625 0.596875 0.4625 0.5953125 0.4640625 0.5625
1 0.7828125 0.259375 0.7859375 0.259375 0.7875 0.2828125 0.790625 0.2890625 0.790625 0.2953125 0.7859375 0.3 0.7828125 0.3078125 0.78125 0.2984375 0.7828125 0.2609375
2 0.80625 0.4609375 0.803125 0.45625 0.7984375 0.4609375 0.796875 0.4734375 0.7953125 0.475 0.79375 0.4734375 0.8 0.4078125 0.80625 0.41875 0.8078125 0.4515625 0.8171875 0.4703125 0.8140625 0.4734375 0.8140625 0.46875 0.8078125 0.4609375