1 0.4203125 0.390625 0.4203125 0.4015625 0.4265625 0.428125 0.4234375 0.4328125 0.4234375 0.4484375 0.415625 0.465625 0.4125 0.4640625 0.4140625 0.453125 0.409375 0.45 0.409375 0.44375 0.4140625 0.4375 0.4109375 0.4109375 0.415625 0.4015625 0.415625 0.3921875 0.41875 0.390625
1 0.546875 0.3703125 0.55 0.371875 0.55 0.4109375 0.5546875 0.421875 0.5546875 0.4296875 0.54375 0.4421875 0.540625 0.4390625 0.5375 0.440625 0.5328125 0.45625 0.5296875 0.45625 0.528125 0.453125 0.5390625 0.4234375 0.540625 0.3953125 0.5453125 0.371875
1 0.6859375 0.2875 0.6890625 0.2921875 0.6890625 0.3109375 0.69375 0.3265625 0.69375 0.3453125 0.696875 0.35625 0.6921875 0.35625 0.6828125 0.346875 0.684375 0.328125 0.6796875 0.31875 0.678125 0.303125 0.675 0.3 0.66875 0.303125 0.66875 0.3 0.6765625 0.29375 0.678125 0.2859375 0.68125 0.284375 0.684375 0.2875
1 0.2203125 0.2546875 0.2234375 0.25625 0.225 0.2625 0.228125 0.3046875 0.2234375 0.3109375 0.215625 0.3109375 0.209375 0.3234375 0.20625 0.321875 0.20625 0.3125 0.2125 0.303125 0.2171875 0.284375 0.2171875 0.2671875 0.2203125 0.25625
1 0.646875 0.328125 0.65 0.328125 0.65 0.378125 0.653125 0.3875 0.653125 0.396875 0.65625 0.4015625 0.6546875 0.4046875 0.65 0.403125 0.646875 0.3875 0.64375 0.3828125 0.634375 0.384375 0.6296875 0.38125 0.628125 0.3828125 0.625 0.38125 0.6265625 0.375 0.6359375 0.3734375 0.640625 0.34375 0.646875 0.3296875
1 0.471875 0.375 0.4734375 0.3765625 0.4765625 0.3734375 0.4765625 0.3484375 0.484375 0.328125 0.4875 0.33125 0.4859375 0.3421875 0.4875 0.3453125 0.4875 0.409375 0.4828125 0.4078125 0.48125 0.39375 0.4671875 0.38125 0.4671875 0.3765625 0.4703125 0.375
1 0.6515625 0.5578125 0.6546875 0.5578125 0.65625 0.5609375 0.65625 0.571875 0.6609375 0.5796875 0.6609375 0.596875 0.65625 0.6015625 0.6546875 0.6125 0.659375 0.64375 0.665625 0.65 0.665625 0.6546875 0.6578125 0.65625 0.6578125 0.646875 0.6515625 0.628125 0.646875 0.6328125 0.64375 0.6328125 0.634375 0.6234375 0.6296875 0.6234375 0.6296875 0.61875 0.6328125 0.6140625 0.6359375 0.6140625 0.640625 0.6203125 0.64375 0.621875 0.6453125 0.6203125 0.6453125 0.603125 0.640625 0.59375 0.640625 0.5890625 0.64375 0.584375 0.6453125 0.575 0.65 0.5703125 0.6515625 0.559375
1 0.3046875 0.3546875 0.3078125 0.35625 0.309375 0.3734375 0.3140625 0.3796875 0.309375 0.3890625 0.3125 0.4140625 0.303125 0.4234375 0.3 0.4421875 0.2953125 0.4421875 0.29375 0.4390625 0.296875 0.425 0.296875 0.4109375 0.3 0.40625 0.3 0.384375 0.296875 0.3796875 0.296875 0.375 0.3046875 0.35625
1 0.7203125 0.475 0.709375 0.4703125 0.7078125 0.4625 0.71875 0.4609375 0.71875 0.4484375 0.7140625 0.4390625 0.7171875 0.425 0.725 0.4140625 0.725 0.4046875 0.728125 0.403125 0.7296875 0.40625 0.7296875 0.4140625 0.7359375 0.428125 0.7359375 0.4359375 0.7296875 0.45 0.7296875 0.4671875 0.734375 0.48125 0.734375 0.4890625 0.7296875 0.4890625 0.7265625 0.4765625 0.721875 0.4734375
1 0.0453125 0.3203125 0.046875 0.321875 0.0453125 0.325 0.0453125 0.3671875 0.046875 0.36875 0.0453125 0.3734375 0.0484375 0.4 0.0421875 0.4 0.040625 0.3859375 0.0296875 0.3765625 0.0234375 0.375 0.0265625 0.36875 0.0296875 0.36875 0.0328125 0.3734375 0.0359375 0.3703125 0.0359375 0.3390625 0.0390625 0.3234375 0.04375 0.3203125
1 0.50703125 0.30234375 0.01875 0.0765625
1 0.55625 0.3640625 0.55 0.359375 0.546875 0.3625 0.546875 0.36875 0.54375 0.3671875 0.54375 0.35625 0.5484375 0.35 0.546875 0.315625 0.553125 0.2984375 0.5578125 0.303125 0.5546875 0.3234375 0.55625 0.3625
1 0.6265625 0.3015625 0.6296875 0.303125 0.63125 0.3078125 0.6328125 0.3375 0.634375 0.346875 0.6375 0.3515625 0.6375 0.3671875 0.634375 0.3703125 0.634375 0.359375 0.6296875 0.3484375 0.621875 0.3546875 0.61875 0.3546875 0.6078125 0.340625 0.6078125 0.3375 0.6125 0.3359375 0.61875 0.346875 0.621875 0.34375 0.6234375 0.325 0.61875 0.3203125 0.61875 0.3140625 0.625 0.309375 0.6265625 0.303125
1 0.040625 0.2515625 0.04375 0.2515625 0.04375 0.2734375 0.0484375 0.2828125 0.0453125 0.2890625 0.0453125 0.296875 0.05 0.321875 0.0453125 0.321875 0.0453125 0.3125 0.0390625 0.3046875 0.03125 0.30625 0.0265625 0.3046875 0.0234375 0.3 0.0359375 0.296875 0.0359375 0.265625 0.040625 0.253125
2 0.15625 0.4 0.1578125 0.3953125 0.165625 0.39375 0.1703125 0.3890625 0.171875 0.3796875 0.16875 0.3625 0.1796875 0.3375 0.1828125 0.3390625 0.18125 0.3484375 0.1828125 0.38125 0.1921875 0.415625 0.1890625 0.4171875 0.1875 0.415625 0.1828125 0.3953125 0.178125 0.390625 0.1734375 0.3921875 0.1703125 0.4 0.1578125 0.4
0 0.5625 0.3611111109375 0.5609375 0.36944444375 0.5671875 0.3708333328125 0.56796875 0.3638888890625 0.5625 0.3611111109375