0 0.5638368055555556 0.3426793981481482 0.006331018518518583 0.010983796296296288
1 0.575 0.2890625 0.5796875 0.296875 0.58125 0.3109375 0.5796875 0.33125 0.5875 0.3390625 0.5875 0.34375 0.5828125 0.34375 0.578125 0.340625 0.5734375 0.346875 0.5734375 0.3515625 0.5703125 0.3515625 0.571875 0.340625 0.5703125 0.3171875 0.5734375 0.3078125 0.5734375 0.2921875 0.575 0.290625
1 0.540625 0.3390625 0.5421875 0.34375 0.540625 0.346875 0.540625 0.378125 0.54375 0.4109375 0.5390625 0.409375 0.5359375 0.4 0.5328125 0.40625 0.5296875 0.403125 0.5296875 0.3984375 0.5328125 0.3953125 0.5328125 0.384375 0.5296875 0.3734375 0.53125 0.371875 0.53125 0.353125 0.5359375 0.340625 0.5390625 0.3390625
1 0.9465335648148148 0.35546875 0.016076388888888894 0.06105324074074074
1 0.6 0.390625 0.6 0.375 0.603125 0.36875 0.6 0.34375 0.6046875 0.325 0.6046875 0.3125 0.6078125 0.3078125 0.6109375 0.309375 0.6109375 0.3265625 0.615625 0.3359375 0.6140625 0.38125 0.6171875 0.3890625 0.6171875 0.396875 0.6140625 0.3953125 0.6140625 0.390625 0.609375 0.38125 0.6046875 0.384375 0.6015625 0.390625
1 0.2453125 0.4890625 0.2484375 0.4921875 0.253125 0.5078125 0.253125 0.521875 0.2484375 0.5390625 0.2484375 0.5859375 0.24375 0.584375 0.2359375 0.5859375 0.2375 0.5796875 0.2359375 0.571875 0.2375 0.525 0.2359375 0.5234375 0.24375 0.490625
1 0.42394097222222216 0.4562094907407408 0.024045138888888838 0.08220486111111117
1 0.2328125 0.696875 0.23125 0.6640625 0.2296875 0.6625 0.23125 0.6453125 0.2265625 0.628125 0.234375 0.6140625 0.234375 0.60625 0.2375 0.6015625 0.240625 0.603125 0.240625 0.6171875 0.2453125 0.6234375 0.246875 0.6359375 0.2421875 0.646875 0.2421875 0.6578125 0.2390625 0.66875 0.2390625 0.696875 0.2375 0.6984375 0.234375 0.696875
1 0.453125 0.471875 0.45625 0.4734375 0.4640625 0.4890625 0.4625 0.521875 0.465625 0.5265625 0.465625 0.5296875 0.459375 0.5328125 0.4546875 0.5390625 0.453125 0.5578125 0.4484375 0.5578125 0.45 0.5515625 0.4484375 0.5 0.453125 0.4734375
1 0.953125 0.55 0.9609375 0.5328125 0.959375 0.525 0.959375 0.5203125 0.9625 0.515625 0.9609375 0.4984375 0.9640625 0.496875 0.9671875 0.5 0.96875 0.509375 0.9734375 0.51875 0.975 0.534375 0.975 0.54375 0.96875 0.5609375 0.971875 0.590625 0.96875 0.5921875 0.9640625 0.590625 0.9640625 0.5796875 0.9578125 0.56875 0.9578125 0.5546875 0.9546875 0.5515625
1 0.3296875 0.484375 0.328125 0.478125 0.328125 0.4390625 0.3296875 0.4375 0.328125 0.4140625 0.334375 0.4078125 0.3375 0.4 0.340625 0.4015625 0.3390625 0.4078125 0.3421875 0.421875 0.3421875 0.4375 0.340625 0.4390625 0.3421875 0.484375 0.334375 0.4828125 0.33125 0.484375
1 0.796875 0.5046875 0.8015625 0.5078125 0.8015625 0.515625 0.8046875 0.5203125 0.803125 0.553125 0.8015625 0.5546875 0.8015625 0.575 0.8046875 0.5875 0.803125 0.590625 0.7984375 0.5875 0.7921875 0.56875 0.7890625 0.565625 0.7921875 0.54375 0.7875 0.540625 0.7921875 0.53125 0.79375 0.51875 0.796875 0.515625 0.796875 0.50625
1 0.54375 0.3421875 0.5609375 0.3578125 0.5625 0.365625 0.5609375 0.3859375 0.55625 0.3859375 0.5421875 0.36875 0.540625 0.3640625 0.5421875 0.34375
1 0.0578125 0.4109375 0.0609375 0.415625 0.0609375 0.4296875 0.05625 0.4375 0.0546875 0.4484375 0.0546875 0.4734375 0.053125 0.475 0.0546875 0.4953125 0.0515625 0.4984375 0.0484375 0.4984375 0.046875 0.4953125 0.046875 0.465625 0.04375 0.459375 0.04375 0.4421875 0.0484375 0.425 0.0546875 0.41875 0.0546875 0.4125 0.05625 0.4125
1 0.4 0.5375 0.4015625 0.546875 0.4109375 0.5640625 0.4109375 0.5703125 0.4046875 0.5796875 0.403125 0.5984375 0.4 0.60625 0.40625 0.6234375 0.4046875 0.6328125 0.4 0.63125 0.39375 0.6328125 0.39375 0.58125 0.390625 0.5671875 0.3984375 0.5390625
2 0.603125 0.5453125 0.6109375 0.565625 0.6109375 0.5875 0.6078125 0.59375 0.6078125 0.603125 0.603125 0.6171875 0.6046875 0.64375 0.603125 0.6453125 0.596875 0.64375 0.5984375 0.6359375 0.59375 0.6234375 0.5953125 0.5671875 0.6015625 0.546875