0 0.2796875 0.7890625 0.278125 0.78125 0.28125 0.7765625 0.284375 0.7796875 0.284375 0.7875 0.28125 0.7890625
1 0.7015625 0.575 0.70625 0.575 0.7109375 0.5953125 0.7109375 0.6046875 0.70625 0.6234375 0.7078125 0.6515625 0.7046875 0.6546875 0.7 0.6546875 0.7015625 0.6453125 0.7 0.5796875 0.7015625 0.5765625
1 0.521875 0.7703125 0.5265625 0.771875 0.528125 0.7828125 0.5328125 0.790625 0.5328125 0.809375 0.5296875 0.8234375 0.5296875 0.8609375 0.521875 0.865625 0.515625 0.8125 0.515625 0.790625 0.521875 0.7796875 0.5203125 0.7734375 0.521875 0.771875
1 0.540625 0.4765625 0.54375 0.478125 0.55 0.4953125 0.546875 0.5359375 0.54375 0.54375 0.540625 0.54375 0.540625 0.525 0.5390625 0.5234375 0.540625 0.51875 0.5359375 0.509375 0.5375 0.4890625 0.540625 0.478125
1 0.55 0.475 0.5546875 0.4765625 0.559375 0.4875 0.559375 0.5078125 0.5578125 0.509375 0.559375 0.546875 0.55625 0.5453125 0.5515625 0.5265625 0.55 0.4765625
1 0.303125 0.5125 0.303125 0.4875 0.3 0.48125 0.2984375 0.4671875 0.3046875 0.4515625 0.309375 0.459375 0.309375 0.4890625 0.3046875 0.5125
1 0.3375 0.3671875 0.340625 0.36875 0.3453125 0.3796875 0.34375 0.4 0.3484375 0.4109375 0.3484375 0.4203125 0.3421875 0.4171875 0.3375 0.421875 0.3375 0.3875 0.3359375 0.3859375 0.3375 0.36875
1 0.4109375 0.409375 0.4140625 0.409375 0.41875 0.421875 0.41875 0.4640625 0.4171875 0.4703125 0.4140625 0.4703125 0.409375 0.45625 0.4109375 0.4109375
1 0.434375 0.3984375 0.4375 0.4046875 0.4375 0.4359375 0.4421875 0.4484375 0.4359375 0.4484375 0.43125 0.45625 0.4328125 0.4
1 0.2578125 0.7015625 0.2625 0.703125 0.2609375 0.759375 0.2515625 0.7734375 0.2453125 0.778125 0.240625 0.7875 0.240625 0.7765625 0.246875 0.7609375 0.246875 0.746875 0.2515625 0.715625 0.2578125 0.703125
1 0.5125 0.6796875 0.5171875 0.68125 0.5171875 0.6859375 0.525 0.7 0.5265625 0.7109375 0.51875 0.7375 0.51875 0.7703125 0.515625 0.7671875 0.515625 0.759375 0.5140625 0.7578125 0.5078125 0.759375 0.5078125 0.7546875 0.5109375 0.75 0.5109375 0.7171875 0.5078125 0.7140625 0.5046875 0.715625 0.5046875 0.709375 0.509375 0.6984375 0.5125 0.68125
1 0.8796875 0.6453125 0.8859375 0.6734375 0.8859375 0.7015625 0.8953125 0.71875 0.8953125 0.7296875 0.89375 0.73125 0.8921875 0.7296875 0.8890625 0.7140625 0.8859375 0.7109375 0.8796875 0.7109375 0.875 0.7328125 0.8703125 0.7328125 0.8703125 0.7296875 0.8734375 0.7234375 0.8734375 0.69375 0.8765625 0.6609375 0.875 0.646875 0.878125 0.6453125
1 0.3828125 0.4390625 0.384375 0.4390625 0.3859375 0.4484375 0.3890625 0.453125 0.3875 0.4765625 0.39375 0.4859375 0.39375 0.4921875 0.3875 0.4890625 0.384375 0.496875 0.38125 0.4984375 0.3828125 0.4921875 0.38125 0.4421875 0.3828125 0.440625
1 0.4703125 0.4234375 0.4734375 0.425 0.478125 0.4375 0.4765625 0.465625 0.4796875 0.478125 0.4765625 0.4796875 0.4734375 0.4734375 0.471875 0.4828125 0.4703125 0.4859375 0.4671875 0.4859375 0.4703125 0.45625 0.4671875 0.4515625 0.4640625 0.453125 0.4640625 0.4484375 0.4671875 0.440625 0.46875 0.425
1 0.246875 0.6625 0.2484375 0.65 0.246875 0.6484375 0.2484375 0.6375 0.246875 0.5921875 0.2515625 0.5765625 0.2546875 0.578125 0.25625 0.5859375 0.2625 0.5953125 0.2640625 0.6109375 0.259375 0.621875 0.259375 0.6640625 0.2578125 0.6671875 0.2546875 0.6671875 0.25625 0.6609375 0.25625 0.6375 0.2546875 0.6359375 0.2515625 0.640625 0.2515625 0.6546875 0.2484375 0.6625
1 0.0640625 0.4796875 0.0671875 0.509375 0.0640625 0.515625 0.0640625 0.5265625 0.0609375 0.5359375 0.0609375 0.5546875 0.0578125 0.553125 0.05625 0.546875 0.0515625 0.54375 0.0515625 0.5375 0.05625 0.5296875 0.0546875 0.5265625 0.0546875 0.4953125 0.059375 0.4859375 0.059375 0.48125 0.0625 0.4796875
1 0.671875 0.4171875 0.6796875 0.4265625 0.68125 0.4734375 0.6796875 0.4734375 0.678125 0.4609375 0.675 0.45625 0.6703125 0.459375 0.66875 0.46875 0.6640625 0.4734375 0.66875 0.4484375 0.6671875 0.4265625 0.6703125 0.41875
1 0.903125 0.78125 0.9046875 0.79375 0.9109375 0.803125 0.9125 0.8125 0.90625 0.8296875 0.903125 0.846875 0.9015625 0.859375 0.9046875 0.875 0.903125 0.8859375 0.9 0.8859375 0.9 0.8765625 0.8953125 0.865625 0.896875 0.821875 0.89375 0.8171875 0.8828125 0.821875 0.8984375 0.7953125 0.896875 0.7875 0.8984375 0.7828125 0.9015625 0.78125
1 0.675 0.5890625 0.678125 0.5890625 0.6796875 0.596875 0.6828125 0.6 0.6828125 0.609375 0.6796875 0.6265625 0.6703125 0.6484375 0.6671875 0.6484375 0.6671875 0.6421875 0.6703125 0.634375 0.671875 0.6140625 0.6640625 0.6125 0.675 0.590625
1 0.4078125 0.6515625 0.40625 0.646875 0.4125 0.6296875 0.4109375 0.615625 0.4078125 0.6078125 0.415625 0.578125 0.41875 0.5765625 0.425 0.5953125 0.4234375 0.6078125 0.425 0.653125 0.421875 0.6515625 0.4203125 0.6328125 0.4171875 0.6296875 0.4125 0.6375 0.409375 0.65
2 0.2953125 0.4703125 0.296875 0.4703125 0.3015625 0.4875 0.3015625 0.5390625 0.3 0.540625 0.296875 0.528125 0.29375 0.53125 0.290625 0.5296875 0.290625 0.525 0.2953125 0.5171875 0.290625 0.4984375 0.290625 0.484375 0.2953125 0.471875