1 0.7109375 0.4 0.715625 0.4015625 0.7171875 0.4109375 0.721875 0.41875 0.721875 0.4734375 0.7171875 0.475 0.7125 0.4703125 0.709375 0.4609375 0.709375 0.4328125 0.70625 0.4234375 0.7078125 0.4140625 0.7109375 0.409375 0.7109375 0.4015625
1 0.71875 0.3875 0.721875 0.3875 0.7265625 0.4 0.7265625 0.43125 0.7234375 0.4359375 0.7234375 0.4609375 0.721875 0.459375 0.7203125 0.45625 0.7203125 0.4515625 0.7234375 0.4484375 0.721875 0.415625 0.715625 0.403125 0.71875 0.3890625
1 0.640625 0.359375 0.64375 0.359375 0.65 0.3875 0.6484375 0.41875 0.6515625 0.4296875 0.6515625 0.4359375 0.6421875 0.4359375 0.64375 0.428125 0.6390625 0.415625 0.6390625 0.3953125 0.6359375 0.3921875 0.6359375 0.3875 0.6390625 0.3828125 0.6390625 0.3625 0.640625 0.3609375
1 0.60625 0.3828125 0.6171875 0.4 0.615625 0.4234375 0.6125 0.434375 0.6078125 0.4328125 0.603125 0.4171875 0.6015625 0.396875 0.6046875 0.384375
1 0.5796875 0.4546875 0.5828125 0.45625 0.5875 0.4734375 0.5875 0.4828125 0.584375 0.4890625 0.584375 0.5046875 0.58125 0.515625 0.58125 0.5453125 0.5734375 0.546875 0.571875 0.4890625 0.5703125 0.4875 0.5703125 0.4796875 0.578125 0.465625 0.5796875 0.45625
1 0.5296875 0.4 0.534375 0.4 0.534375 0.4078125 0.5390625 0.4171875 0.5390625 0.4359375 0.534375 0.4578125 0.5375 0.475 0.5328125 0.4796875 0.5328125 0.484375 0.53125 0.4859375 0.528125 0.484375 0.5296875 0.471875 0.5265625 0.4546875 0.525 0.421875 0.5296875 0.4015625
1 0.3140625 0.4484375 0.31875 0.45 0.31875 0.4578125 0.3265625 0.4640625 0.328125 0.46875 0.328125 0.4765625 0.3234375 0.4875 0.3234375 0.5328125 0.3265625 0.5375 0.3265625 0.546875 0.325 0.546875 0.31875 0.5328125 0.3140625 0.503125 0.3140625 0.4890625 0.3109375 0.4828125 0.3046875 0.48125 0.3078125 0.4671875 0.3140625 0.459375 0.3125 0.453125 0.3140625 0.45
1 0.596875 0.67421875 0.02578125 0.12890625
1 0.609375 0.434375 0.615625 0.4390625 0.61875 0.446875 0.61875 0.4609375 0.615625 0.46875 0.615625 0.4828125 0.6125 0.490625 0.6125 0.5234375 0.6078125 0.525 0.603125 0.5234375 0.6046875 0.5203125 0.603125 0.4828125 0.60625 0.4703125 0.60625 0.45 0.609375 0.4359375
1 0.4359375 0.54140625 0.01953125 0.10859375
1 0.365625 0.50625 0.3640625 0.5015625 0.3578125 0.496875 0.3546875 0.5 0.35625 0.515625 0.3546875 0.5171875 0.3515625 0.515625 0.3515625 0.5 0.3453125 0.4625 0.3453125 0.4453125 0.3484375 0.425 0.3515625 0.4265625 0.353125 0.4359375 0.359375 0.4484375 0.3578125 0.4609375 0.359375 0.4859375 0.36875 0.5015625 0.3671875 0.50625
1 0.840625 0.3703125 0.8453125 0.371875 0.8453125 0.384375 0.8484375 0.390625 0.8484375 0.4015625 0.8421875 0.415625 0.8421875 0.421875 0.85 0.428125 0.8515625 0.4328125 0.834375 0.43125 0.83125 0.4375 0.83125 0.446875 0.8296875 0.4484375 0.825 0.446875 0.828125 0.440625 0.8296875 0.425 0.8359375 0.409375 0.8359375 0.396875 0.840625 0.371875
1 0.9421875 0.7734375 0.9421875 0.765625 0.9546875 0.740625 0.953125 0.7359375 0.9546875 0.7234375 0.959375 0.7234375 0.9625 0.7265625 0.9625 0.7421875 0.9703125 0.7515625 0.9734375 0.765625 0.978125 0.8078125 0.9765625 0.809375 0.9734375 0.8046875 0.971875 0.7875 0.9703125 0.7859375 0.9671875 0.790625 0.9671875 0.8046875 0.9609375 0.828125 0.965625 0.875 0.9609375 0.88125 0.9578125 0.8796875 0.9578125 0.8734375 0.9484375 0.8625 0.953125 0.853125 0.953125 0.834375 0.95 0.8234375 0.95 0.7765625 0.94375 0.7734375
1 0.746875 0.4703125 0.75 0.471875 0.7515625 0.4828125 0.759375 0.4984375 0.7546875 0.5125 0.7546875 0.5296875 0.75625 0.53125 0.7546875 0.5671875 0.7453125 0.578125 0.7421875 0.5109375 0.7390625 0.5046875 0.7390625 0.49375 0.7453125 0.48125 0.746875 0.471875
1 0.83828125 0.30859375 0.01875 0.05546875
1 0.228125 0.3734375 0.23125 0.3765625 0.2296875 0.3953125 0.240625 0.4140625 0.2359375 0.4328125 0.2375 0.459375 0.234375 0.4546875 0.2296875 0.4359375 0.225 0.428125 0.2203125 0.4078125 0.21875 0.378125 0.2234375 0.371875 0.2265625 0.3734375
2 0.821875 0.4484375 0.83125 0.4671875 0.83125 0.4796875 0.828125 0.484375 0.8265625 0.4953125 0.828125 0.496875 0.8265625 0.54375 0.821875 0.5484375 0.8171875 0.5375 0.8125 0.4921875 0.8125 0.4640625 0.8171875 0.4578125 0.8171875 0.45 0.8203125 0.4484375