0 0.625 0.5140625 0.6296875 0.5109375 0.6328125 0.5140625 0.63125 0.51875 0.6265625 0.51875 0.6265625 0.515625
1 0.6198784722222221 0.48116319444444444 0.022309027777777768 0.07543402777777777
1 0.509375 0.503125 0.5125 0.50625 0.5125 0.5109375 0.521875 0.5234375 0.51875 0.5359375 0.51875 0.5625 0.5140625 0.5671875 0.509375 0.5671875 0.5078125 0.5609375 0.5046875 0.559375 0.50625 0.546875 0.5046875 0.5375 0.50625 0.51875 0.5046875 0.5171875 0.5078125 0.5125 0.5078125 0.5046875
1 0.521875 0.5265625 0.525 0.528125 0.534375 0.5640625 0.5328125 0.578125 0.5265625 0.575 0.5234375 0.5796875 0.5203125 0.5796875 0.51875 0.5625 0.5203125 0.5609375 0.521875 0.528125
1 0.5157696759259259 0.43578124999999995 0.028414351851851816 0.0505902777777778
1 0.9109375 0.2640625 0.915625 0.2765625 0.9171875 0.2953125 0.9203125 0.3 0.9171875 0.315625 0.9125 0.31875 0.9109375 0.303125 0.9046875 0.2921875 0.9046875 0.284375 0.9109375 0.265625
1 0.12708333333333335 0.4756944444444445 0.01938657407407407 0.08083333333333335
1 0.2265625 0.4421875 0.2296875 0.44375 0.23125 0.4796875 0.2328125 0.48125 0.228125 0.5078125 0.225 0.5078125 0.2234375 0.453125 0.2265625 0.44375
1 0.3203125 0.35625 0.3234375 0.35625 0.328125 0.3703125 0.3265625 0.3765625 0.328125 0.3859375 0.3328125 0.39375 0.3296875 0.4078125 0.328125 0.4078125 0.328125 0.3984375 0.325 0.396875 0.3171875 0.4140625 0.315625 0.415625 0.3140625 0.4140625 0.31875 0.3984375 0.31875 0.359375 0.3203125 0.3578125
1 0.79375 0.3453125 0.8015625 0.353125 0.8015625 0.38125 0.803125 0.3828125 0.8015625 0.3859375 0.7953125 0.384375 0.7875 0.3734375 0.7875 0.3453125 0.7890625 0.34375 0.7921875 0.3453125
1 0.0984375 0.7984375 0.1 0.8125 0.1078125 0.8203125 0.1078125 0.846875 0.10625 0.8484375 0.1078125 0.8671875 0.1046875 0.8703125 0.0921875 0.86875 0.090625 0.84375 0.0875 0.8390625 0.0875 0.8234375 0.0921875 0.8140625 0.09375 0.8 0.096875 0.7984375
1 0.6 0.484375 0.6046875 0.4859375 0.6125 0.4984375 0.609375 0.509375 0.6078125 0.5296875 0.6046875 0.5328125 0.6015625 0.546875 0.5921875 0.559375 0.590625 0.553125 0.59375 0.5484375 0.5984375 0.5265625 0.5984375 0.515625 0.5953125 0.5078125 0.6 0.4859375
1 0.6421875 0.5171875 0.6453125 0.51875 0.6453125 0.5296875 0.6515625 0.55625 0.6515625 0.571875 0.646875 0.58125 0.646875 0.596875 0.6484375 0.5984375 0.646875 0.6 0.64375 0.5984375 0.640625 0.5578125 0.6375 0.5484375 0.6328125 0.54375 0.6421875 0.51875
1 0.39375 0.3171875 0.3984375 0.31875 0.4015625 0.35 0.4 0.375 0.39375 0.371875 0.3921875 0.378125 0.390625 0.3796875 0.3890625 0.378125 0.390625 0.3625 0.39375 0.35625 0.390625 0.3421875 0.390625 0.3265625 0.39375 0.31875
1 0.584375 0.434375 0.5875 0.4359375 0.5875 0.4515625 0.5859375 0.453125 0.5875 0.4796875 0.5828125 0.4953125 0.5796875 0.4984375 0.578125 0.496875 0.5796875 0.478125 0.5765625 0.475 0.578125 0.4734375 0.575 0.465625 0.5765625 0.453125 0.58125 0.4390625 0.584375 0.4359375
2 0.3359375 0.5203125 0.3390625 0.5171875 0.3390625 0.50625 0.3359375 0.5015625 0.3328125 0.46875 0.334375 0.4640625 0.3375 0.4625 0.3390625 0.4734375 0.34375 0.484375 0.3453125 0.51875 0.346875 0.5203125 0.346875 0.5390625 0.340625 0.5265625 0.334375 0.5375 0.334375 0.5265625 0.3375 0.521875