0 0.409375 0.671875 0.4140625 0.671875 0.4125 0.68125 0.409375 0.68125 0.409375 0.6734375
1 0.4765625 0.2921875 0.48125 0.303125 0.48125 0.3203125 0.484375 0.325 0.484375 0.33125 0.4796875 0.328125 0.478125 0.3234375 0.475 0.3328125 0.471875 0.3296875 0.4734375 0.3 0.4765625 0.29375
1 0.4953125 0.5 0.49375 0.496875 0.496875 0.4859375 0.5 0.4828125 0.4984375 0.446875 0.5015625 0.4453125 0.5078125 0.45625 0.5140625 0.484375 0.5078125 0.4890625 0.5015625 0.4875 0.496875 0.4984375
1 0.675 0.3546875 0.66875 0.346875 0.665625 0.35 0.665625 0.35625 0.6640625 0.3578125 0.6625 0.35625 0.6625 0.3171875 0.665625 0.3140625 0.66875 0.315625 0.6671875 0.31875 0.6703125 0.325 0.6703125 0.340625 0.6765625 0.3515625 0.675 0.353125
1 0.8671875 0.45625 0.871875 0.4421875 0.8734375 0.428125 0.871875 0.40625 0.875 0.4046875 0.8828125 0.4171875 0.8875 0.45625 0.8859375 0.4578125 0.8828125 0.4546875 0.88125 0.44375 0.878125 0.4421875 0.8734375 0.4484375 0.871875 0.45625 0.86875 0.4578125
1 0.746875 0.45625 0.75625 0.471875 0.7546875 0.496875 0.7625 0.5125 0.759375 0.5171875 0.7546875 0.503125 0.75 0.5 0.7484375 0.5015625 0.75 0.5109375 0.7484375 0.515625 0.7453125 0.5171875 0.74375 0.4890625 0.746875 0.484375 0.7453125 0.478125 0.7453125 0.459375 0.746875 0.4578125
1 0.875 0.6609375 0.8796875 0.6625 0.884375 0.678125 0.8859375 0.7109375 0.8984375 0.7296875 0.8984375 0.7359375 0.8953125 0.7375 0.8859375 0.71875 0.878125 0.7109375 0.875 0.7109375 0.8734375 0.7125 0.8734375 0.734375 0.8671875 0.7359375 0.86875 0.73125 0.86875 0.7125 0.8671875 0.7109375 0.86875 0.703125 0.871875 0.696875 0.875 0.6953125 0.875 0.6890625 0.871875 0.6828125 0.875 0.675 0.8734375 0.66875 0.875 0.6625
1 0.4859375 0.625 0.490625 0.6265625 0.490625 0.6328125 0.4953125 0.6375 0.4984375 0.6453125 0.49375 0.6609375 0.503125 0.665625 0.503125 0.6734375 0.496875 0.6734375 0.490625 0.6703125 0.4859375 0.6734375 0.4828125 0.6953125 0.478125 0.696875 0.48125 0.6671875 0.484375 0.659375 0.484375 0.6515625 0.4796875 0.646875 0.4796875 0.64375 0.4859375 0.6265625
1 0.7037326388888889 0.5953125 0.016377314814814792 0.0625
1 0.290625 0.475 0.2921875 0.484375 0.2890625 0.4859375 0.2890625 0.4984375 0.2921875 0.503125 0.3015625 0.5 0.3015625 0.509375 0.2875 0.5078125 0.2828125 0.5125 0.2796875 0.525 0.275 0.5296875 0.2734375 0.528125 0.2796875 0.515625 0.2828125 0.4984375 0.2828125 0.4921875 0.2796875 0.4859375 0.28125 0.484375 0.2796875 0.4828125 0.28125 0.465625 0.284375 0.4640625 0.2890625 0.475
1 0.3453125 0.3734375 0.346875 0.3796875 0.3375 0.378125 0.3328125 0.375 0.3296875 0.378125 0.328125 0.390625 0.3265625 0.3921875 0.3234375 0.390625 0.3265625 0.384375 0.328125 0.35 0.33125 0.3375 0.3359375 0.346875 0.334375 0.359375 0.3359375 0.3703125 0.340625 0.375 0.34375 0.3734375
1 0.5140625 0.428125 0.5171875 0.428125 0.521875 0.4421875 0.5203125 0.453125 0.5234375 0.4671875 0.5328125 0.4765625 0.5328125 0.484375 0.5296875 0.4859375 0.51875 0.4703125 0.5109375 0.4671875 0.5109375 0.4609375 0.5140625 0.4546875 0.5125 0.4484375 0.5140625 0.4296875
1 0.934375 0.3 0.9375 0.3015625 0.940625 0.3109375 0.9375 0.328125 0.9421875 0.3375 0.9359375 0.3390625 0.93125 0.346875 0.9265625 0.3484375 0.93125 0.3296875 0.9296875 0.3171875 0.9328125 0.3015625
2 0.665625 0.434375 0.66875 0.434375 0.6734375 0.4421875 0.671875 0.44375 0.6734375 0.4703125 0.6765625 0.4734375 0.68125 0.4734375 0.675 0.4796875 0.6671875 0.4796875 0.6625 0.4953125 0.6609375 0.49375 0.6609375 0.4859375 0.665625 0.4703125 0.665625 0.4515625 0.6640625 0.45 0.6640625 0.44375 0.6671875 0.4421875 0.665625 0.4359375