0 0.209375 0.56875 0.2109375 0.5703125 0.209375 0.5796875 0.2046875 0.578125 0.2046875 0.5703125 0.2078125 0.56875
1 0.7671875 0.525 0.76875 0.515625 0.765625 0.509375 0.7609375 0.5140625 0.7609375 0.5234375 0.75625 0.525 0.7546875 0.521875 0.7578125 0.5171875 0.7609375 0.496875 0.765625 0.484375 0.765625 0.4546875 0.76875 0.453125 0.771875 0.45625 0.775 0.471875 0.775 0.496875 0.7703125 0.509375 0.7734375 0.521875 0.771875 0.5265625 0.76875 0.5265625
1 0.1984375 0.5015625 0.2015625 0.503125 0.2015625 0.5109375 0.1984375 0.51875 0.2 0.5265625 0.1921875 0.5359375 0.1890625 0.58125 0.1859375 0.58125 0.1859375 0.575 0.1828125 0.571875 0.1796875 0.571875 0.175 0.5796875 0.171875 0.578125 0.171875 0.5734375 0.1828125 0.55625 0.184375 0.5140625 0.196875 0.503125
1 0.340625 0.534375 0.346875 0.5609375 0.340625 0.575 0.3375 0.5953125 0.328125 0.61875 0.3234375 0.621875 0.325 0.609375 0.328125 0.60625 0.33125 0.5953125 0.328125 0.55625 0.3328125 0.546875 0.3359375 0.5453125 0.3390625 0.5359375
1 0.36875 0.6265625 0.3734375 0.640625 0.3734375 0.6640625 0.3703125 0.6796875 0.3703125 0.70625 0.3734375 0.7125 0.3734375 0.7296875 0.3703125 0.728125 0.36875 0.709375 0.365625 0.70625 0.3625 0.709375 0.3625 0.73125 0.3578125 0.73125 0.3578125 0.6921875 0.3546875 0.684375 0.3546875 0.6671875 0.35625 0.665625 0.35625 0.6421875 0.3625 0.63125 0.3625 0.6265625 0.3640625 0.625 0.3671875 0.6265625
1 0.3703125 0.5609375 0.375 0.5625 0.375 0.5703125 0.38125 0.5890625 0.3734375 0.6265625 0.3703125 0.6296875 0.3625 0.6265625 0.3609375 0.6140625 0.3625 0.5875 0.36875 0.5734375 0.3703125 0.5625
1 0.4875 0.615625 0.4921875 0.6203125 0.4921875 0.628125 0.4984375 0.6390625 0.49375 0.6765625 0.4890625 0.6890625 0.4875 0.7015625 0.4828125 0.7109375 0.48125 0.7203125 0.4765625 0.71875 0.48125 0.671875 0.48125 0.6640625 0.4765625 0.6546875 0.4765625 0.646875 0.484375 0.63125 0.484375 0.6234375 0.4875 0.6171875
1 0.559375 0.4375 0.5625 0.4375 0.5671875 0.46875 0.5640625 0.4859375 0.565625 0.515625 0.5625 0.515625 0.5609375 0.5125 0.5609375 0.4984375 0.55625 0.4859375 0.5578125 0.484375 0.559375 0.4390625
1 0.6015625 0.36875 0.6078125 0.3828125 0.6078125 0.4 0.6015625 0.421875 0.6015625 0.4375 0.6 0.4390625 0.5984375 0.4375 0.5984375 0.4203125 0.5953125 0.403125 0.5953125 0.3859375 0.6 0.3703125
1 0.8328125 0.53125 0.8328125 0.540625 0.8359375 0.546875 0.8359375 0.5671875 0.825 0.6171875 0.8171875 0.615625 0.8203125 0.5640625 0.8265625 0.5421875 0.8265625 0.53125 0.828125 0.5296875 0.83125 0.53125
1 0.8578125 0.484375 0.8625 0.4859375 0.86875 0.5046875 0.8671875 0.515625 0.86875 0.5453125 0.8671875 0.546875 0.865625 0.5796875 0.8578125 0.5796875 0.859375 0.571875 0.85625 0.5625 0.85625 0.5359375 0.859375 0.5265625 0.8578125 0.5234375 0.8578125 0.4921875 0.85625 0.490625 0.8578125 0.4859375
1 0.2359375 0.5171875 0.240625 0.5171875 0.246875 0.5421875 0.2421875 0.55 0.234375 0.575 0.2234375 0.5953125 0.21875 0.5953125 0.21875 0.5890625 0.2265625 0.571875 0.2296875 0.5265625 0.2359375 0.51875