1 0.5953125 0.3953125 0.028125 0.05390625
1 0.5015625 0.334375 0.50625 0.334375 0.50625 0.3765625 0.509375 0.384375 0.5078125 0.4046875 0.5046875 0.4109375 0.50625 0.421875 0.503125 0.4234375 0.4984375 0.4203125 0.5015625 0.40625 0.5 0.4 0.4953125 0.3984375 0.4984375 0.3875 0.496875 0.3859375 0.4953125 0.3515625 0.5015625 0.3359375
1 0.5421875 0.48125 0.546875 0.48125 0.546875 0.5 0.55 0.5140625 0.5578125 0.51875 0.5578125 0.5234375 0.5515625 0.528125 0.5546875 0.5390625 0.5546875 0.553125 0.55 0.5640625 0.5515625 0.575 0.540625 0.5765625 0.5375 0.571875 0.5375 0.565625 0.5421875 0.55625 0.5421875 0.5453125 0.5375 0.5359375 0.5359375 0.5046875 0.540625 0.49375 0.5421875 0.4828125
1 0.475 0.35625 0.478125 0.35625 0.48125 0.3609375 0.48125 0.3703125 0.484375 0.375 0.4859375 0.384375 0.4890625 0.3875 0.4953125 0.3859375 0.4890625 0.3953125 0.490625 0.4390625 0.4953125 0.45 0.49375 0.4515625 0.4890625 0.45 0.4875 0.440625 0.4828125 0.4453125 0.4828125 0.45625 0.4796875 0.4578125 0.4765625 0.453125 0.4765625 0.4484375 0.48125 0.440625 0.484375 0.425 0.48125 0.4203125 0.4765625 0.3921875 0.4734375 0.3859375 0.475 0.3578125
1 0.3421875 0.26875 0.3515625 0.3015625 0.353125 0.315625 0.3515625 0.3328125 0.3484375 0.309375 0.3421875 0.2984375 0.3390625 0.3 0.334375 0.2984375 0.334375 0.2859375 0.340625 0.2703125
1 0.346875 0.3 0.35 0.3109375 0.3515625 0.3359375 0.3578125 0.35 0.359375 0.3796875 0.353125 0.378125 0.3515625 0.375 0.35 0.35625 0.3453125 0.3484375 0.3421875 0.35 0.3421875 0.3671875 0.340625 0.365625 0.340625 0.3453125 0.3375 0.3359375 0.3375 0.296875 0.3421875 0.29375 0.3453125 0.3
1 0.5453125 0.3734375 0.546875 0.375 0.5453125 0.3828125 0.546875 0.40625 0.55 0.4109375 0.5484375 0.4171875 0.5484375 0.453125 0.5515625 0.4609375 0.55 0.4625 0.5453125 0.4609375 0.5421875 0.4421875 0.525 0.4546875 0.521875 0.4546875 0.521875 0.45 0.5328125 0.4390625 0.5359375 0.4328125 0.5375 0.409375 0.53125 0.396875 0.5390625 0.3828125 0.540625 0.375 0.54375 0.3734375
1 0.3265625 0.3703125 0.325 0.365625 0.328125 0.35625 0.328125 0.3453125 0.33125 0.340625 0.3359375 0.34375 0.3359375 0.3609375 0.3390625 0.375 0.3375 0.378125 0.334375 0.3734375 0.328125 0.3703125
1 0.325 0.36875 0.334375 0.3765625 0.33125 0.384375 0.33125 0.3921875 0.3359375 0.4125 0.334375 0.446875 0.328125 0.459375 0.328125 0.465625 0.3234375 0.465625 0.3234375 0.45 0.3265625 0.4359375 0.321875 0.4203125 0.321875 0.384375 0.325 0.3703125
1 0.334375 0.371875 0.3421875 0.3875 0.3453125 0.409375 0.35 0.4265625 0.353125 0.4296875 0.353125 0.4359375 0.3484375 0.4359375 0.3453125 0.425 0.340625 0.4203125 0.3359375 0.4203125 0.3328125 0.3984375 0.3328125 0.3734375
1 0.3109375 0.253125 0.3140625 0.25625 0.3171875 0.275 0.321875 0.284375 0.31875 0.2890625 0.3171875 0.3390625 0.3140625 0.3390625 0.3125 0.33125 0.3109375 0.3296875 0.3078125 0.33125 0.30625 0.328125 0.3109375 0.3109375 0.3078125 0.2921875 0.3046875 0.2859375 0.3046875 0.271875 0.309375 0.2546875
1 0.15 0.4375 0.153125 0.44375 0.153125 0.4640625 0.1578125 0.46875 0.1578125 0.4734375 0.153125 0.478125 0.15625 0.5140625 0.1484375 0.528125 0.1484375 0.5375 0.1359375 0.5359375 0.1359375 0.528125 0.1421875 0.5109375 0.1421875 0.484375 0.1390625 0.4796875 0.1390625 0.471875 0.1453125 0.4546875 0.1453125 0.4390625 0.1484375 0.4375