0 0.3109375 0.48125 0.3078125 0.478125 0.3078125 0.4703125 0.309375 0.46875 0.3125 0.4703125 0.3140625 0.475 0.3125 0.4796875
1 0.8484375 0.340625 0.853125 0.3484375 0.85625 0.4 0.8546875 0.4015625 0.85 0.4 0.8484375 0.3890625 0.840625 0.38125 0.8421875 0.353125 0.84375 0.3453125 0.846875 0.3421875
1 0.6015625 0.3 0.6046875 0.3 0.60625 0.303125 0.6078125 0.328125 0.615625 0.34375 0.615625 0.3484375 0.6125 0.35 0.60625 0.3484375 0.6046875 0.3515625 0.6015625 0.3515625 0.6 0.3453125 0.6 0.303125 0.6015625 0.3015625
1 0.8078125 0.55625 0.8109375 0.5609375 0.809375 0.5640625 0.7984375 0.5640625 0.7953125 0.5671875 0.79375 0.5859375 0.784375 0.5875 0.7890625 0.5734375 0.790625 0.559375 0.790625 0.54375 0.7875 0.5375 0.7875 0.53125 0.7890625 0.5296875 0.7890625 0.5109375 0.7921875 0.50625 0.796875 0.5109375 0.803125 0.5296875 0.8 0.5515625 0.803125 0.55625 0.80625 0.55625
1 0.553125 0.378125 0.559375 0.3953125 0.5609375 0.4109375 0.5640625 0.415625 0.5671875 0.4125 0.5703125 0.4140625 0.5703125 0.4171875 0.5609375 0.4296875 0.55625 0.425 0.553125 0.428125 0.5515625 0.446875 0.55 0.4484375 0.54375 0.446875 0.5484375 0.4328125 0.5515625 0.4109375 0.55 0.3953125 0.5515625 0.3796875
1 0.9984375 0.38125 0.9984375 0.4390625 0.99375 0.4359375 0.9921875 0.428125 0.996875 0.3828125
1 0.2984375 0.4625 0.2984375 0.4703125 0.3015625 0.475 0.3015625 0.5 0.3046875 0.50625 0.3046875 0.5125 0.2984375 0.51875 0.296875 0.5296875 0.29375 0.5296875 0.2921875 0.5265625 0.290625 0.4921875 0.2875 0.484375 0.2875 0.478125 0.29375 0.46875 0.29375 0.4640625 0.296875 0.4625
1 0.8890625 0.59375 0.8921875 0.59375 0.8984375 0.6171875 0.9 0.6421875 0.90625 0.65 0.9 0.6546875 0.903125 0.671875 0.9015625 0.6734375 0.89375 0.671875 0.89375 0.6625 0.890625 0.65625 0.8890625 0.5953125
1 0.690625 0.4015625 0.69375 0.4015625 0.7015625 0.415625 0.7015625 0.44375 0.703125 0.4484375 0.70625 0.45 0.709375 0.4625 0.70625 0.4671875 0.703125 0.4671875 0.6890625 0.4484375 0.690625 0.4359375 0.6890625 0.4046875 0.690625 0.403125
1 0.3265625 0.4890625 0.3296875 0.4890625 0.3375 0.5109375 0.3375 0.534375 0.33125 0.5546875 0.33125 0.5671875 0.3234375 0.5671875 0.3265625 0.5609375 0.3265625 0.528125 0.325 0.5265625 0.3265625 0.490625
1 0.515625 0.3625 0.5203125 0.3625 0.525 0.375 0.528125 0.3984375 0.5328125 0.403125 0.5359375 0.403125 0.5328125 0.4109375 0.5265625 0.4109375 0.521875 0.4078125 0.51875 0.4109375 0.51875 0.4203125 0.5171875 0.4234375 0.5140625 0.4234375 0.515625 0.3640625
1 0.3390625 0.53125 0.3421875 0.53125 0.3453125 0.5359375 0.3515625 0.5734375 0.359375 0.575 0.3640625 0.5796875 0.3625 0.584375 0.359375 0.5828125 0.3515625 0.584375 0.3421875 0.578125 0.3390625 0.58125 0.3390625 0.5984375 0.3359375 0.603125 0.33125 0.603125 0.3390625 0.5609375 0.3359375 0.546875 0.3390625 0.5328125
1 0.6859375 0.315625 0.6890625 0.3203125 0.6890625 0.35625 0.6921875 0.3625 0.6921875 0.3703125 0.690625 0.371875 0.684375 0.3703125 0.68125 0.3734375 0.675 0.3734375 0.675 0.359375 0.6796875 0.321875 0.68125 0.3171875 0.684375 0.315625
1 0.95625 0.821875 0.9609375 0.821875 0.965625 0.840625 0.96875 0.8625 0.9671875 0.8796875 0.9703125 0.8828125 0.9796875 0.8796875 0.9828125 0.884375 0.9828125 0.890625 0.9734375 0.890625 0.9640625 0.89375 0.95625 0.9 0.95625 0.9046875 0.9484375 0.9234375 0.9421875 0.9234375 0.9390625 0.9203125 0.946875 0.9109375 0.95 0.9 0.95 0.8875 0.9546875 0.86875 0.9515625 0.8484375 0.95625 0.8359375 0.95625 0.8234375
2 0.88125 0.4765625 0.884375 0.453125 0.8859375 0.4515625 0.8890625 0.453125 0.896875 0.4734375 0.8984375 0.5015625 0.90625 0.5046875 0.909375 0.509375 0.903125 0.5109375 0.89375 0.4984375 0.8890625 0.4984375 0.8859375 0.5015625 0.8828125 0.5234375 0.8796875 0.525 0.878125 0.5234375 0.8828125 0.49375 0.8828125 0.478125