1 0.6078125 0.3515625 0.6125 0.353125 0.6125 0.3625 0.615625 0.3703125 0.61875 0.371875 0.61875 0.3828125 0.615625 0.3921875 0.621875 0.4046875 0.621875 0.4109375 0.6171875 0.4140625 0.6203125 0.41875 0.61875 0.4265625 0.615625 0.425 0.6078125 0.409375 0.6078125 0.3953125 0.603125 0.3890625 0.60625 0.3828125 0.6078125 0.353125
1 0.4875 0.4125 0.475 0.4 0.475 0.3921875 0.478125 0.3859375 0.4765625 0.3421875 0.4796875 0.340625 0.4875 0.365625 0.4875 0.3796875 0.490625 0.3828125 0.490625 0.3921875 0.4984375 0.40625 0.503125 0.421875 0.503125 0.425 0.5 0.425 0.4921875 0.4078125 0.4875 0.4109375
1 0.3390625 0.2625 0.34375 0.271875 0.3515625 0.278125 0.3515625 0.28125 0.3453125 0.278125 0.3421875 0.2828125 0.34375 0.2875 0.3390625 0.3046875 0.340625 0.3265625 0.3359375 0.3296875 0.3328125 0.3359375 0.328125 0.3359375 0.3296875 0.3296875 0.328125 0.328125 0.3296875 0.325 0.3296875 0.3078125 0.328125 0.30625 0.3328125 0.290625 0.33125 0.271875 0.3328125 0.2671875 0.3375 0.2640625
1 0.8078125 0.2625 0.80625 0.259375 0.7984375 0.259375 0.7921875 0.253125 0.79375 0.2390625 0.7921875 0.2109375 0.7953125 0.203125 0.8015625 0.215625 0.8015625 0.23125 0.8046875 0.234375 0.8078125 0.25 0.815625 0.259375 0.8140625 0.2703125 0.809375 0.2625
1 0.3734375 0.3046875 0.3765625 0.3046875 0.378125 0.3125 0.3859375 0.328125 0.3875 0.34375 0.3921875 0.35 0.4015625 0.3515625 0.4 0.3578125 0.396875 0.35625 0.390625 0.3609375 0.384375 0.359375 0.38125 0.3609375 0.3796875 0.3765625 0.3765625 0.38125 0.3734375 0.38125 0.371875 0.378125 0.375 0.3734375 0.3734375 0.365625 0.3765625 0.3546875 0.3734375 0.30625
1 0.5375 0.29375 0.540625 0.2953125 0.5453125 0.3109375 0.5484375 0.3140625 0.55 0.3390625 0.559375 0.340625 0.5578125 0.3484375 0.55 0.3546875 0.5453125 0.3625 0.5453125 0.3734375 0.540625 0.375 0.5390625 0.3359375 0.5359375 0.3140625 0.5375 0.309375 0.5359375 0.296875 0.5375 0.2953125
1 0.3984375 0.55625 0.3984375 0.5609375 0.4015625 0.565625 0.4015625 0.5703125 0.3984375 0.575 0.3984375 0.596875 0.4 0.5984375 0.403125 0.596875 0.4109375 0.5890625 0.415625 0.5984375 0.4109375 0.5984375 0.4015625 0.609375 0.3984375 0.609375 0.3953125 0.6046875 0.3921875 0.60625 0.3875 0.634375 0.3828125 0.634375 0.38125 0.628125 0.3859375 0.621875 0.3890625 0.5890625 0.3875 0.5796875 0.38125 0.5734375 0.3796875 0.5578125 0.384375 0.55 0.3859375 0.534375 0.390625 0.5375 0.390625 0.546875 0.396875 0.55625
1 0.71875 0.3078125 0.7296875 0.328125 0.7296875 0.3328125 0.7265625 0.3375 0.728125 0.359375 0.7328125 0.365625 0.734375 0.384375 0.7375 0.3859375 0.7359375 0.3953125 0.73125 0.3953125 0.7265625 0.3765625 0.715625 0.365625 0.71875 0.3453125 0.7140625 0.340625 0.7125 0.334375 0.7171875 0.3265625 0.715625 0.3234375 0.7171875 0.309375
1 0.3015625 0.384375 0.303125 0.3921875 0.3125 0.40625 0.3171875 0.4203125 0.3125 0.4296875 0.3140625 0.4421875 0.325 0.44375 0.3234375 0.4515625 0.3140625 0.45625 0.3109375 0.4546875 0.3078125 0.4578125 0.3046875 0.471875 0.3 0.471875 0.303125 0.4375 0.29375 0.4140625 0.2953125 0.4046875 0.3 0.3953125 0.2984375 0.39375 0.3 0.3859375
1 0.9765625 0.25625 0.9828125 0.259375 0.9859375 0.2671875 0.9890625 0.284375 0.9890625 0.303125 0.99375 0.309375 0.9953125 0.3046875 0.9984375 0.3046875 0.9984375 0.3125 0.9859375 0.321875 0.9875 0.334375 0.9796875 0.3359375 0.98125 0.33125 0.9796875 0.3109375 0.98125 0.309375 0.9796875 0.3078125 0.978125 0.2640625 0.975 0.259375 0.9765625 0.2578125
1 0.50625 0.23125 0.509375 0.2328125 0.509375 0.240625 0.5140625 0.253125 0.515625 0.271875 0.51875 0.2734375 0.5203125 0.2890625 0.525 0.2953125 0.525 0.3046875 0.521875 0.30625 0.51875 0.2953125 0.509375 0.2875 0.50625 0.2796875 0.5046875 0.2734375 0.50625 0.271875 0.5046875 0.265625 0.50625 0.2328125
1 0.46875 0.3328125 0.4671875 0.31875 0.46875 0.2984375 0.465625 0.2921875 0.465625 0.278125 0.4625 0.275 0.465625 0.26875 0.46875 0.2703125 0.46875 0.275 0.475 0.2859375 0.4765625 0.296875 0.475 0.3171875 0.48125 0.3265625 0.4796875 0.3390625 0.475 0.3296875 0.46875 0.334375
1 0.39375 0.2765625 0.396875 0.284375 0.403125 0.2890625 0.403125 0.2953125 0.3984375 0.3 0.4015625 0.31875 0.4046875 0.321875 0.4125 0.309375 0.415625 0.3109375 0.415625 0.3140625 0.40625 0.3296875 0.403125 0.3296875 0.3984375 0.325 0.3921875 0.328125 0.390625 0.334375 0.3921875 0.3453125 0.390625 0.346875 0.3875 0.3421875 0.3875 0.3265625 0.390625 0.3125 0.3890625 0.2984375 0.3921875 0.278125
1 0.9734375 0.1875 0.9765625 0.1875 0.978125 0.1953125 0.9828125 0.2015625 0.984375 0.2328125 0.996875 0.234375 0.99375 0.240625 0.98125 0.2421875 0.9765625 0.2484375 0.9765625 0.2578125 0.9734375 0.259375 0.971875 0.2578125 0.975 0.2453125 0.9734375 0.2421875 0.975 0.2265625 0.971875 0.2203125 0.975 0.209375 0.9734375 0.1890625
2 0.865625 0.3375 0.8703125 0.3390625 0.871875 0.34375 0.8578125 0.3453125 0.8546875 0.3375 0.85 0.3359375 0.84375 0.3453125 0.8421875 0.3609375 0.8375 0.3625 0.8421875 0.3390625 0.840625 0.334375 0.84375 0.3265625 0.8421875 0.3140625 0.84375 0.2953125 0.840625 0.2921875 0.8421875 0.2828125 0.8453125 0.284375 0.846875 0.290625 0.8515625 0.2953125 0.85625 0.3078125 0.8546875 0.3125 0.85625 0.3140625 0.8546875 0.325 0.85625 0.3328125 0.8609375 0.3375 0.8640625 0.3375
0 0.4664287546875 0.3401736109375 0.464248971875 0.33194444375 0.4589859828125 0.33508680625 0.4602816359375 0.341979165625 0.4664287546875 0.3401736109375