1 0.721875 0.5734375 0.7265625 0.578125 0.7265625 0.5859375 0.7296875 0.590625 0.73125 0.6 0.7265625 0.625 0.728125 0.653125 0.7265625 0.659375 0.7234375 0.6609375 0.71875 0.6390625 0.7171875 0.609375 0.7140625 0.603125 0.715625 0.590625 0.7203125 0.584375 0.721875 0.575
1 0.2203125 0.6453125 0.2234375 0.6453125 0.2234375 0.6546875 0.2296875 0.6671875 0.228125 0.725 0.2265625 0.7390625 0.225 0.74375 0.2234375 0.7453125 0.221875 0.74375 0.21875 0.7125 0.215625 0.70625 0.215625 0.690625 0.2109375 0.684375 0.2109375 0.6703125 0.2125 0.6640625 0.21875 0.65625 0.2203125 0.646875
1 0.3515625 0.41875 0.35625 0.4171875 0.3578125 0.4234375 0.3578125 0.45 0.3546875 0.4625 0.3546875 0.4796875 0.353125 0.48125 0.3515625 0.4796875 0.3515625 0.475 0.3484375 0.4703125 0.34375 0.48125 0.3421875 0.4828125 0.340625 0.48125 0.3453125 0.4640625 0.3453125 0.4359375 0.3515625 0.4203125
1 0.64375 0.73125 0.640625 0.65 0.64375 0.6453125 0.64375 0.6390625 0.646875 0.6359375 0.65 0.6375 0.65 0.64375 0.6546875 0.65 0.65625 0.6703125 0.653125 0.6859375 0.6515625 0.7359375 0.6453125 0.73125
1 0.6125 0.8734375 0.6140625 0.846875 0.615625 0.8375 0.61875 0.834375 0.61875 0.8171875 0.6234375 0.8140625 0.625 0.828125 0.6328125 0.84375 0.6328125 0.8734375 0.6296875 0.875 0.625 0.8875 0.628125 0.91875 0.628125 0.934375 0.6265625 0.9359375 0.61875 0.934375 0.61875 0.9265625 0.615625 0.9234375 0.615625 0.91875 0.61875 0.9140625 0.61875 0.8875 0.6171875 0.875 0.6140625 0.8734375
1 0.4765625 0.5 0.015625 0.071875
1 0.4671875 0.5078125 0.4703125 0.5078125 0.4703125 0.5140625 0.4734375 0.5203125 0.4734375 0.5328125 0.4703125 0.546875 0.4625 0.5640625 0.4625 0.571875 0.459375 0.575 0.45625 0.5734375 0.45625 0.55 0.459375 0.540625 0.4578125 0.525 0.4671875 0.509375
1 0.49296875 0.49765625 0.0171875 0.0734375
1 0.3859375 0.5125 0.3890625 0.5125 0.3890625 0.5171875 0.39375 0.5265625 0.39375 0.5609375 0.3984375 0.58125 0.3984375 0.5859375 0.3953125 0.5859375 0.3921875 0.5703125 0.3859375 0.5640625 0.3828125 0.56875 0.3828125 0.5796875 0.3796875 0.5859375 0.3796875 0.5578125 0.38125 0.55625 0.3796875 0.5265625 0.3859375 0.5140625
1 0.915625 0.946875 0.9140625 0.94375 0.9078125 0.946875 0.9015625 0.9453125 0.9015625 0.940625 0.90625 0.9359375 0.9046875 0.89375 0.9109375 0.878125 0.915625 0.8390625 0.91875 0.840625 0.9234375 0.8609375 0.9234375 0.88125 0.921875 0.8828125 0.9234375 0.9453125 0.91875 0.9484375 0.9171875 0.946875
1 0.025 0.6296875 0.0296875 0.63125 0.0296875 0.640625 0.0359375 0.65 0.0359375 0.6703125 0.0328125 0.684375 0.0328125 0.7203125 0.0234375 0.725 0.0203125 0.7234375 0.0171875 0.65 0.021875 0.634375 0.025 0.63125
1 0.48125 0.3875 0.484375 0.3890625 0.484375 0.3953125 0.4890625 0.403125 0.484375 0.4359375 0.4859375 0.446875 0.4828125 0.4609375 0.478125 0.4625 0.475 0.4609375 0.475 0.4265625 0.4703125 0.4140625 0.4734375 0.4015625 0.4796875 0.3890625
1 0.7859375 0.8234375 0.790625 0.828125 0.790625 0.8375 0.7953125 0.84375 0.7984375 0.8546875 0.7953125 0.86875 0.7953125 0.9046875 0.7984375 0.9125 0.7984375 0.9359375 0.796875 0.9375 0.7953125 0.9359375 0.79375 0.9296875 0.7796875 0.90625 0.7796875 0.871875 0.78125 0.8703125 0.78125 0.8484375 0.784375 0.8421875 0.7828125 0.83125 0.784375 0.825
1 0.11875 0.63359375 0.01875 0.103125
1 0.425 0.9984375 0.425 0.9734375 0.421875 0.9578125 0.4265625 0.9453125 0.425 0.9375 0.428125 0.93125 0.43125 0.9328125 0.4328125 0.94375 0.440625 0.9515625 0.44375 0.9734375 0.4421875 0.975 0.4421875 0.9984375 0.4265625 0.9984375
1 0.528125 0.409375 0.53125 0.409375 0.5359375 0.4203125 0.5359375 0.4546875 0.540625 0.4703125 0.540625 0.4734375 0.5359375 0.4703125 0.534375 0.4578125 0.5296875 0.45625 0.528125 0.46875 0.525 0.471875 0.5234375 0.421875 0.528125 0.4109375
1 0.2234375 0.3953125 0.2296875 0.409375 0.2296875 0.4375 0.2359375 0.4625 0.23125 0.4609375 0.228125 0.4484375 0.2234375 0.4453125 0.221875 0.446875 0.221875 0.4625 0.21875 0.465625 0.21875 0.4390625 0.215625 0.428125 0.215625 0.4109375 0.221875 0.396875
1 0.490625 0.4046875 0.49375 0.4046875 0.49375 0.4125 0.5 0.425 0.5 0.428125 0.49375 0.4328125 0.49375 0.4609375 0.4890625 0.46875 0.4859375 0.4671875 0.4859375 0.4265625 0.490625 0.40625
1 0.6984375 0.4375 0.703125 0.4359375 0.70625 0.440625 0.7125 0.4640625 0.7140625 0.4859375 0.7234375 0.5015625 0.7234375 0.5109375 0.7171875 0.5046875 0.7140625 0.509375 0.7109375 0.509375 0.709375 0.503125 0.703125 0.4953125 0.7015625 0.490625 0.703125 0.4890625 0.703125 0.4671875 0.6984375 0.4484375 0.6984375 0.4390625
2 0.2234375 0.528125 0.228125 0.5296875 0.228125 0.5390625 0.23125 0.55 0.2296875 0.5859375 0.228125 0.5875 0.228125 0.6203125 0.2265625 0.621875 0.2234375 0.61875 0.221875 0.58125 0.2203125 0.5796875 0.2203125 0.5390625 0.2234375 0.5296875