0 0.5953125 0.7109375 0.6 0.7125 0.5984375 0.7234375 0.5953125 0.721875 0.59375 0.7171875 0.5953125 0.7125
1 0.621875 0.596875 0.6265625 0.6 0.6296875 0.6078125 0.6296875 0.646875 0.634375 0.675 0.634375 0.678125 0.63125 0.6765625 0.6265625 0.6546875 0.6203125 0.6484375 0.6171875 0.640625 0.615625 0.6125 0.621875 0.5984375
1 0.3796875 0.40625 0.384375 0.4109375 0.384375 0.4265625 0.3875 0.4453125 0.384375 0.4765625 0.3796875 0.4828125 0.378125 0.48125 0.378125 0.45 0.3765625 0.4375 0.3734375 0.43125 0.3734375 0.421875 0.3796875 0.4078125
1 0.428125 0.425 0.43125 0.4265625 0.440625 0.4421875 0.440625 0.4734375 0.4390625 0.475 0.4359375 0.4734375 0.43125 0.478125 0.4296875 0.4875 0.428125 0.490625 0.4265625 0.4890625 0.428125 0.478125 0.4265625 0.428125 0.428125 0.4265625
1 0.4390625 0.475 0.4421875 0.475 0.4453125 0.4859375 0.45625 0.496875 0.45625 0.4984375 0.446875 0.496875 0.4421875 0.503125 0.45 0.5453125 0.446875 0.5453125 0.44375 0.53125 0.4390625 0.525 0.4359375 0.5296875 0.434375 0.5484375 0.4296875 0.546875 0.4328125 0.534375 0.4328125 0.5140625 0.4296875 0.509375 0.428125 0.496875 0.4296875 0.4890625 0.4390625 0.4765625
1 0.30625 0.4609375 0.3046875 0.45625 0.3078125 0.4453125 0.3078125 0.43125 0.3046875 0.4125 0.3109375 0.39375 0.3140625 0.3953125 0.315625 0.4015625 0.3171875 0.41875 0.3140625 0.4453125 0.3109375 0.45 0.3109375 0.4609375 0.3078125 0.4609375
1 0.5234375 0.509375 0.5359375 0.528125 0.5375 0.5375 0.534375 0.546875 0.540625 0.571875 0.5390625 0.5734375 0.5359375 0.56875 0.5359375 0.5625 0.5296875 0.5484375 0.5234375 0.5515625 0.51875 0.5640625 0.515625 0.5640625 0.515625 0.559375 0.521875 0.5484375 0.521875 0.5359375 0.5171875 0.528125 0.5078125 0.53125 0.50625 0.5296875 0.515625 0.5234375 0.521875 0.5109375
1 0.2734375 0.4359375 0.278125 0.4375 0.28125 0.4484375 0.2796875 0.475 0.284375 0.496875 0.2875 0.5 0.2875 0.503125 0.284375 0.5046875 0.2796875 0.4890625 0.275 0.484375 0.26875 0.4828125 0.2734375 0.471875 0.2703125 0.459375 0.2703125 0.446875 0.2734375 0.4375
1 0.3890625 0.4484375 0.384375 0.4125 0.384375 0.40625 0.3875 0.4015625 0.390625 0.403125 0.39375 0.4140625 0.3953125 0.440625 0.4015625 0.45625 0.4015625 0.4625 0.4 0.4625 0.396875 0.45 0.39375 0.446875 0.390625 0.4484375
1 0.5390625 0.6484375 0.534375 0.6453125 0.5328125 0.6359375 0.5296875 0.63125 0.5234375 0.6390625 0.5234375 0.6515625 0.521875 0.6546875 0.5203125 0.653125 0.5203125 0.6359375 0.5234375 0.6234375 0.51875 0.6109375 0.51875 0.596875 0.521875 0.5828125 0.528125 0.5734375 0.53125 0.575 0.534375 0.5828125 0.5359375 0.596875 0.5359375 0.6234375 0.5390625 0.646875
1 0.3625 0.4984375 0.365625 0.5 0.36875 0.509375 0.36875 0.546875 0.371875 0.5609375 0.371875 0.5734375 0.36875 0.5734375 0.365625 0.5546875 0.3609375 0.5625 0.3609375 0.5765625 0.359375 0.578125 0.35625 0.571875 0.3578125 0.5671875 0.3578125 0.5140625 0.3609375 0.509375 0.3625 0.5
1 0.6171875 0.64375 0.6265625 0.6625 0.6265625 0.7 0.63125 0.7078125 0.63125 0.7125 0.6265625 0.7109375 0.625 0.7125 0.6265625 0.725 0.6234375 0.7296875 0.621875 0.7203125 0.6171875 0.7125 0.6171875 0.6859375 0.6125 0.6796875 0.60625 0.6796875 0.603125 0.675 0.6078125 0.675 0.6125 0.6703125 0.6140625 0.6625 0.6125 0.6453125 0.615625 0.64375
1 0.4796875 0.6390625 0.484375 0.640625 0.484375 0.66875 0.4890625 0.678125 0.4859375 0.6828125 0.4921875 0.69375 0.490625 0.6984375 0.48125 0.6875 0.478125 0.6859375 0.4703125 0.6875 0.471875 0.671875 0.4671875 0.66875 0.4671875 0.6640625 0.471875 0.659375 0.4796875 0.640625
1 0.6265625 0.41875 0.6328125 0.4359375 0.63125 0.4578125 0.634375 0.4671875 0.634375 0.484375 0.6328125 0.484375 0.63125 0.471875 0.6265625 0.4625 0.621875 0.4671875 0.6203125 0.48125 0.61875 0.4828125 0.6171875 0.48125 0.61875 0.4734375 0.6171875 0.4703125 0.61875 0.46875 0.6171875 0.428125 0.625 0.41875
2 0.1953125 0.4875 0.1984375 0.490625 0.2 0.5 0.2 0.5328125 0.1984375 0.534375 0.1984375 0.55 0.2015625 0.5671875 0.2 0.571875 0.1953125 0.5671875 0.19375 0.5703125 0.190625 0.56875 0.1921875 0.546875 0.1859375 0.5265625 0.1875 0.50625 0.1921875 0.4984375 0.19375 0.4890625