0 0.2859375 0.5640625 0.2890625 0.565625 0.290625 0.5703125 0.2890625 0.575 0.2875 0.5765625 0.2828125 0.575 0.284375 0.565625
1 0.3171875 0.7203125 0.315625 0.759375 0.321875 0.803125 0.3171875 0.803125 0.315625 0.8 0.315625 0.7828125 0.3109375 0.778125 0.30625 0.78125 0.3015625 0.7953125 0.29375 0.803125 0.29375 0.7921875 0.3015625 0.78125 0.303125 0.7515625 0.309375 0.7296875 0.3125 0.721875 0.315625 0.7203125
1 0.3890625 0.525 0.3921875 0.5265625 0.39375 0.5328125 0.3984375 0.5375 0.4015625 0.5515625 0.4 0.5671875 0.39375 0.578125 0.39375 0.5921875 0.390625 0.5984375 0.3875 0.596875 0.3875 0.5828125 0.384375 0.5703125 0.3890625 0.559375 0.3890625 0.54375 0.3875 0.5421875 0.3890625 0.5265625
1 0.3625 0.4734375 0.3671875 0.4765625 0.3734375 0.490625 0.375 0.51875 0.3796875 0.5265625 0.38125 0.5375 0.3796875 0.5390625 0.378125 0.5375 0.378125 0.5328125 0.371875 0.525 0.36875 0.528125 0.3703125 0.540625 0.3671875 0.54375 0.3640625 0.5421875 0.365625 0.5328125 0.3625 0.5234375 0.365625 0.4984375 0.3625 0.490625 0.3609375 0.475
1 0.609375 0.4953125 0.6171875 0.5 0.628125 0.5171875 0.6265625 0.5359375 0.63125 0.5515625 0.63125 0.5625 0.628125 0.5609375 0.628125 0.55625 0.6234375 0.55 0.6203125 0.5546875 0.615625 0.5546875 0.6171875 0.540625 0.6125 0.5234375 0.6125 0.5078125 0.6078125 0.5015625 0.6078125 0.496875
1 0.278125 0.5015625 0.28125 0.503125 0.2859375 0.5234375 0.2890625 0.528125 0.2890625 0.5328125 0.2859375 0.5296875 0.2828125 0.5328125 0.284375 0.5453125 0.2828125 0.5796875 0.278125 0.578125 0.2765625 0.55625 0.2703125 0.5390625 0.2703125 0.5328125 0.26875 0.53125 0.2625 0.534375 0.2640625 0.525 0.2703125 0.5140625 0.275 0.5109375 0.278125 0.503125
1 0.328125 0.5796875 0.3265625 0.54375 0.31875 0.5234375 0.3203125 0.515625 0.328125 0.525 0.3328125 0.5265625 0.3375 0.5375 0.3375 0.546875 0.334375 0.5515625 0.3359375 0.5796875 0.334375 0.58125 0.3296875 0.5796875
1 0.3171875 0.4375 0.3203125 0.440625 0.3234375 0.46875 0.3265625 0.475 0.3265625 0.4875 0.3328125 0.5 0.33125 0.5046875 0.3265625 0.5015625 0.321875 0.503125 0.3203125 0.4875 0.3109375 0.4703125 0.3109375 0.4484375 0.315625 0.4390625
1 0.3171875 0.65 0.31875 0.6546875 0.309375 0.65625 0.3078125 0.6828125 0.303125 0.69375 0.3015625 0.7109375 0.296875 0.7046875 0.2984375 0.6546875 0.2953125 0.6484375 0.2953125 0.6375 0.3015625 0.6265625 0.3015625 0.6203125 0.3046875 0.61875 0.30625 0.628125 0.315625 0.65
1 0.55625 0.6375 0.5640625 0.63125 0.571875 0.6171875 0.571875 0.6046875 0.5734375 0.603125 0.5765625 0.6046875 0.5765625 0.6109375 0.58125 0.621875 0.5828125 0.6640625 0.5875 0.68125 0.5875 0.6890625 0.584375 0.6875 0.5796875 0.6703125 0.5796875 0.6625 0.5765625 0.6609375 0.5703125 0.665625 0.56875 0.690625 0.5640625 0.690625 0.565625 0.6609375 0.571875 0.6390625 0.56875 0.6359375 0.565625 0.6359375 0.5578125 0.6421875 0.5546875 0.640625 0.55625 0.6390625
2 0.184375 0.5375 0.1890625 0.571875 0.1921875 0.575 0.1953125 0.5890625 0.1953125 0.6125 0.1890625 0.61875 0.1859375 0.61875 0.184375 0.615625 0.1875 0.603125 0.1875 0.5921875 0.18125 0.584375 0.178125 0.5734375 0.178125 0.55 0.18125 0.546875 0.1828125 0.5390625