1 0.6890625 0.4328125 0.6921875 0.4359375 0.69375 0.45 0.69375 0.4734375 0.6890625 0.4734375 0.684375 0.4796875 0.684375 0.4390625 0.6890625 0.434375
1 0.71796875 0.4578125 0.0140625 0.05390625
1 0.646875 0.4453125 0.6546875 0.4625 0.653125 0.478125 0.65625 0.5 0.65 0.5 0.64375 0.503125 0.6421875 0.459375 0.6453125 0.446875
1 0.60625 0.4875 0.609375 0.4921875 0.6125 0.50625 0.6125 0.54375 0.60625 0.546875 0.6015625 0.5453125 0.603125 0.525 0.6 0.51875 0.6 0.5 0.6015625 0.4921875 0.6046875 0.4890625
1 0.6359375 0.4578125 0.6390625 0.459375 0.640625 0.46875 0.6390625 0.49375 0.634375 0.490625 0.6296875 0.4921875 0.6296875 0.465625 0.634375 0.459375
1 0.603125 0.459375 0.6078125 0.459375 0.6109375 0.4640625 0.6078125 0.4859375 0.6015625 0.4921875 0.5984375 0.4875 0.5984375 0.48125 0.6 0.465625 0.603125 0.4609375
1 0.7453125 0.4890625 0.7484375 0.4890625 0.753125 0.5015625 0.7515625 0.5125 0.753125 0.5484375 0.7515625 0.55 0.7453125 0.5484375 0.7453125 0.5296875 0.74375 0.528125 0.74375 0.4921875 0.7453125 0.490625
1 0.6125 0.4625 0.615625 0.4625 0.61875 0.4703125 0.6203125 0.496875 0.6234375 0.5015625 0.621875 0.5140625 0.61875 0.5109375 0.6171875 0.5015625 0.615625 0.5 0.6125 0.503125 0.609375 0.4859375 0.609375 0.4734375 0.6125 0.4640625
1 0.0515625 0.6625 0.053125 0.6828125 0.05625 0.6875 0.0609375 0.6890625 0.0578125 0.6953125 0.0609375 0.728125 0.053125 0.7359375 0.05 0.728125 0.0515625 0.7125 0.0484375 0.70625 0.046875 0.6890625 0.04375 0.68125 0.04375 0.6671875 0.0453125 0.6640625 0.05 0.6625
1 0.6546875 0.5703125 0.659375 0.5796875 0.6578125 0.61875 0.6625 0.6265625 0.6625 0.6328125 0.65625 0.634375 0.6515625 0.6203125 0.6515625 0.59375 0.6546875 0.571875
1 0.634375 0.465625 0.6375 0.46875 0.6390625 0.4984375 0.64375 0.509375 0.6421875 0.5125 0.64375 0.534375 0.6359375 0.5359375 0.6328125 0.5390625 0.6296875 0.5375 0.6296875 0.4828125 0.634375 0.4671875
1 0.7625 0.571875 0.7671875 0.5765625 0.771875 0.5921875 0.76875 0.6 0.765625 0.6359375 0.7625 0.6421875 0.759375 0.6421875 0.759375 0.58125 0.7625 0.5734375
1 0.9 0.79375 0.903125 0.7984375 0.90625 0.815625 0.9078125 0.84375 0.9 0.8515625 0.8953125 0.8796875 0.8890625 0.8796875 0.8875 0.875 0.890625 0.8703125 0.890625 0.853125 0.896875 0.8296875 0.8984375 0.7953125
1 0.9296875 0.325 0.9328125 0.3296875 0.934375 0.3640625 0.9296875 0.3609375 0.925 0.3625 0.9234375 0.3609375 0.928125 0.3265625
1 0.6953125 0.4140625 0.696875 0.4171875 0.6953125 0.4609375 0.6921875 0.4578125 0.6921875 0.4375 0.6890625 0.4359375 0.6890625 0.425 0.69375 0.415625
2 0.846875 0.546875 0.8515625 0.55 0.8546875 0.5578125 0.8515625 0.5859375 0.8515625 0.6125 0.85 0.6171875 0.8453125 0.61875 0.84375 0.615625 0.84375 0.578125 0.846875 0.5484375