1 0.2609375 0.6234375 0.26875 0.625 0.26875 0.640625 0.271875 0.64375 0.271875 0.6578125 0.26875 0.6703125 0.2703125 0.678125 0.26875 0.71875 0.2625 0.721875 0.25625 0.7140625 0.2546875 0.6453125 0.2515625 0.6421875 0.253125 0.634375 0.259375 0.625
1 0.7203125 0.465625 0.71875 0.4609375 0.7140625 0.4578125 0.7109375 0.4671875 0.70625 0.46875 0.709375 0.459375 0.7078125 0.453125 0.7140625 0.4234375 0.7125 0.4 0.7140625 0.3984375 0.7171875 0.4 0.7171875 0.409375 0.721875 0.41875 0.721875 0.440625 0.7171875 0.4484375 0.721875 0.4578125 0.721875 0.4640625
1 0.37072916666666667 0.6672511574074074 0.024340277777777742 0.09122685185185189
1 0.596875 0.4265625 0.59375 0.421875 0.5921875 0.4125 0.5875 0.409375 0.575 0.421875 0.5703125 0.43125 0.571875 0.425 0.5703125 0.421875 0.5828125 0.3859375 0.5875 0.3828125 0.5953125 0.3953125 0.6 0.4109375 0.596875 0.41875 0.5984375 0.425
1 0.5948263888888888 0.46425925925925926 0.01980902777777773 0.07704861111111114
1 0.43125 0.7109375 0.434375 0.7140625 0.434375 0.71875 0.440625 0.725 0.44375 0.74375 0.440625 0.7515625 0.4359375 0.7828125 0.4375 0.8171875 0.4265625 0.81875 0.421875 0.8140625 0.4234375 0.8125 0.4234375 0.7703125 0.428125 0.7515625 0.4234375 0.7484375 0.4203125 0.7421875 0.4265625 0.734375 0.4296875 0.7125
1 0.6140625 0.409375 0.6234375 0.4234375 0.6234375 0.446875 0.625 0.4546875 0.6296875 0.459375 0.63125 0.465625 0.628125 0.46875 0.621875 0.4625 0.6203125 0.4640625 0.621875 0.4734375 0.61875 0.478125 0.6171875 0.4765625 0.615625 0.4625 0.6109375 0.4546875 0.615625 0.440625 0.615625 0.4265625 0.6125 0.421875 0.6125 0.4109375
1 0.8171875 0.3421875 0.8203125 0.3421875 0.8234375 0.346875 0.8265625 0.3546875 0.828125 0.375 0.8359375 0.3859375 0.83125 0.3890625 0.828125 0.3875 0.8203125 0.3953125 0.8203125 0.38125 0.8171875 0.375 0.8171875 0.346875 0.815625 0.3453125 0.8171875 0.34375
1 0.55 0.48125 0.553125 0.48125 0.553125 0.4859375 0.5609375 0.496875 0.559375 0.5578125 0.5546875 0.5578125 0.553125 0.53125 0.55 0.525 0.55 0.5125 0.546875 0.509375 0.5484375 0.496875 0.546875 0.4921875 0.55 0.4875 0.55 0.4828125
1 0.7078125 0.6671875 0.7125 0.6671875 0.7125 0.6765625 0.71875 0.684375 0.7234375 0.7 0.71875 0.7078125 0.7171875 0.7171875 0.715625 0.7578125 0.7125 0.7640625 0.7078125 0.765625 0.7046875 0.7359375 0.7046875 0.709375 0.7 0.7 0.7 0.6921875 0.7078125 0.6765625 0.7078125 0.66875
1 0.7640625 0.359375 0.76875 0.3609375 0.771875 0.371875 0.7734375 0.40625 0.7765625 0.4171875 0.7734375 0.4203125 0.765625 0.4046875 0.7640625 0.3609375
1 0.6421875 0.46875 0.6453125 0.46875 0.6453125 0.475 0.65 0.4828125 0.6515625 0.490625 0.6515625 0.4984375 0.646875 0.5140625 0.6421875 0.5203125 0.64375 0.5296875 0.646875 0.53125 0.646875 0.540625 0.640625 0.5421875 0.6375 0.5390625 0.6390625 0.5328125 0.6375 0.50625 0.640625 0.4984375 0.6421875 0.4703125
1 0.815625 0.4421875 0.8203125 0.4453125 0.828125 0.4578125 0.83125 0.4859375 0.8296875 0.4875 0.8296875 0.51875 0.825 0.5234375 0.821875 0.5203125 0.81875 0.453125 0.815625 0.45 0.815625 0.44375