0 0.7765625 0.5203125 0.78125 0.5234375 0.78125 0.528125 0.778125 0.53125 0.775 0.5296875 0.7765625 0.521875
1 0.7390625 0.5140625 0.740625 0.4984375 0.7453125 0.4890625 0.7453125 0.4796875 0.7484375 0.478125 0.75625 0.49375 0.7609375 0.5625 0.75625 0.55625 0.75625 0.5421875 0.753125 0.534375 0.75 0.5390625 0.75 0.5484375 0.753125 0.55625 0.7515625 0.5640625 0.75 0.5640625 0.75 0.55625 0.746875 0.5515625 0.7453125 0.521875 0.740625 0.5140625 0.7390625 0.521875 0.7375 0.515625
1 0.5109375 0.51875 0.515625 0.5203125 0.515625 0.5296875 0.51875 0.5359375 0.5171875 0.5515625 0.51875 0.553125 0.51875 0.575 0.521875 0.5875 0.51875 0.6171875 0.515625 0.6140625 0.5171875 0.5984375 0.515625 0.5875 0.5125 0.5890625 0.5109375 0.596875 0.5109375 0.6140625 0.5078125 0.6125 0.5078125 0.590625 0.509375 0.5890625 0.5078125 0.5875 0.5078125 0.553125 0.5046875 0.5390625 0.509375 0.5296875 0.5109375 0.5203125
1 0.5203125 0.3875 0.5234375 0.3875 0.5234375 0.4109375 0.525 0.4125 0.5234375 0.4375 0.521875 0.4421875 0.5171875 0.4390625 0.5140625 0.4109375 0.5140625 0.4046875 0.5203125 0.3890625
1 0.51875 0.5015625 0.51875 0.4875 0.525 0.4765625 0.5234375 0.4453125 0.525 0.4375 0.53125 0.428125 0.534375 0.4296875 0.5375 0.4359375 0.534375 0.45625 0.534375 0.478125 0.5375 0.4828125 0.5390625 0.5046875 0.5359375 0.5046875 0.534375 0.5015625 0.534375 0.4828125 0.5328125 0.48125 0.5265625 0.484375 0.5203125 0.496875 0.5203125 0.5015625
1 0.540625 0.5328125 0.5421875 0.5203125 0.5484375 0.5078125 0.55 0.4796875 0.5578125 0.4625 0.5609375 0.4640625 0.559375 0.4703125 0.5609375 0.490625 0.559375 0.4921875 0.5609375 0.5046875 0.5640625 0.509375 0.5671875 0.5390625 0.5625 0.5390625 0.5625 0.521875 0.5578125 0.5125 0.5515625 0.515625 0.5515625 0.51875 0.5484375 0.5203125 0.5421875 0.5328125
1 0.2734375 0.4375 0.2796875 0.4484375 0.2796875 0.465625 0.2765625 0.4734375 0.278125 0.478125 0.2765625 0.5125 0.2796875 0.51875 0.275 0.51875 0.2703125 0.5125 0.2703125 0.4828125 0.265625 0.4703125 0.265625 0.45625 0.271875 0.4390625
1 0.4109375 0.425 0.415625 0.425 0.41875 0.4453125 0.415625 0.4765625 0.41875 0.509375 0.415625 0.5078125 0.4140625 0.5 0.4109375 0.496875 0.4078125 0.5046875 0.409375 0.475 0.4046875 0.440625 0.4109375 0.4265625
1 0.5390625 0.3984375 0.54375 0.4125 0.54375 0.43125 0.540625 0.4453125 0.5421875 0.446875 0.5421875 0.4640625 0.5390625 0.4640625 0.5375 0.434375 0.5328125 0.428125 0.5328125 0.4078125 0.5359375 0.40625 0.5375 0.4
1 0.4859375 0.3890625 0.4890625 0.3921875 0.4890625 0.409375 0.490625 0.4109375 0.4875 0.4265625 0.4890625 0.4625 0.4859375 0.4625 0.4828125 0.45625 0.4796875 0.4609375 0.478125 0.459375 0.48125 0.4421875 0.48125 0.4265625 0.478125 0.4078125 0.4859375 0.390625
2 0.725 0.4078125 0.728125 0.409375 0.728125 0.4140625 0.7328125 0.4234375 0.73125 0.4765625 0.7296875 0.4828125 0.7265625 0.4796875 0.728125 0.4609375 0.725 0.459375 0.71875 0.4796875 0.715625 0.4828125 0.715625 0.475 0.7203125 0.4625 0.7203125 0.4515625 0.7171875 0.440625 0.71875 0.4234375 0.721875 0.4203125 0.725 0.409375
1 0.6140625 0.43125 0.6109375 0.446875 0.6125 0.4484375 0.6109375 0.4625 0.6140625 0.471875 0.615625 0.4921875 0.6125 0.49375 0.6125 0.484375 0.6078125 0.475 0.6 0.4828125 0.596875 0.4921875 0.5921875 0.4953125 0.590625 0.4890625 0.6 0.475 0.6 0.4578125 0.603125 0.4515625 0.6015625 0.4484375 0.60625 0.4421875 0.6078125 0.434375 0.6125 0.43125
1 0.184375 0.50625 0.1875 0.56875 0.1828125 0.5796875 0.184375 0.5828125 0.1828125 0.5890625 0.1796875 0.5875 0.178125 0.5828125 0.178125 0.5625 0.175 0.546875 0.175 0.5265625 0.178125 0.51875 0.178125 0.50625 0.1796875 0.5046875 0.1828125 0.50625
1 0.9515625 0.4609375 0.9578125 0.4625 0.9578125 0.46875 0.9609375 0.4734375 0.9625 0.521875 0.9671875 0.5375 0.9671875 0.5515625 0.9625 0.553125 0.9609375 0.5265625 0.95625 0.5234375 0.953125 0.5359375 0.953125 0.5515625 0.9515625 0.553125 0.946875 0.5515625 0.95 0.54375 0.95 0.5171875 0.953125 0.5109375 0.9515625 0.4625
1 0.5828125 0.4171875 0.584375 0.41875 0.584375 0.4375 0.5875 0.44375 0.5859375 0.4671875 0.590625 0.4828125 0.5890625 0.4890625 0.584375 0.48125 0.584375 0.475 0.5796875 0.471875 0.575 0.4828125 0.575 0.49375 0.571875 0.49375 0.571875 0.4796875 0.5765625 0.46875 0.5765625 0.4515625 0.578125 0.45 0.5765625 0.44375 0.58125 0.41875
1 0.8078125 0.4234375 0.8125 0.425 0.8125 0.4296875 0.81875 0.440625 0.8203125 0.4515625 0.81875 0.4625 0.821875 0.4859375 0.825 0.4921875 0.825 0.4984375 0.8203125 0.4984375 0.81875 0.4890625 0.8140625 0.4828125 0.8125 0.4734375 0.803125 0.4515625 0.8015625 0.4421875 0.8078125 0.4296875 0.8078125 0.425
1 0.2328125 0.48125 0.23125 0.478125 0.2328125 0.4625 0.23125 0.425 0.2328125 0.4171875 0.2375 0.4109375 0.2390625 0.4015625 0.2421875 0.403125 0.24375 0.4078125 0.24375 0.4359375 0.246875 0.4484375 0.24375 0.453125 0.2421875 0.4671875 0.24375 0.4765625 0.240625 0.4765625 0.2359375 0.471875 0.234375 0.48125
1 0.5084027777777778 0.44240162037037034 0.019913194444444483 0.07914930555555558
1 0.3895138888888889 0.5077835648148149 0.024843749999999963 0.08468749999999999