0 0.5296875 0.425 0.534375 0.421875 0.5359375 0.4265625 0.5328125 0.4296875 0.53125 0.4265625
1 0.2203125 0.74296875 0.03359375 0.08359375
1 0.496875 0.3890625 0.4984375 0.3890625 0.5015625 0.40625 0.5 0.4125 0.5015625 0.428125 0.496875 0.4328125 0.49375 0.4421875 0.490625 0.4453125 0.4890625 0.44375 0.4921875 0.4296875 0.4921875 0.409375 0.496875 0.390625
1 0.47578125 0.434375 0.015625 0.059375
1 0.5671875 0.471875 0.56875 0.4734375 0.5671875 0.50625 0.5734375 0.5296875 0.5703125 0.53125 0.5671875 0.515625 0.5640625 0.5109375 0.5609375 0.5109375 0.553125 0.521875 0.55 0.521875 0.5453125 0.5265625 0.54375 0.525 0.54375 0.5203125 0.546875 0.5171875 0.55 0.51875 0.5546875 0.5109375 0.559375 0.4875 0.565625 0.4734375
1 0.140625 0.4734375 0.1390625 0.46875 0.146875 0.4625 0.146875 0.4328125 0.1515625 0.425 0.1546875 0.428125 0.15625 0.4375 0.15625 0.4625 0.159375 0.4828125 0.1578125 0.484375 0.1546875 0.48125 0.1546875 0.475 0.1515625 0.471875 0.1421875 0.4734375
1 0.2921875 0.5140625 0.2953125 0.515625 0.2953125 0.5515625 0.2984375 0.575 0.296875 0.5765625 0.29375 0.575 0.290625 0.5625 0.2875 0.5625 0.2828125 0.5671875 0.2734375 0.56875 0.2734375 0.5625 0.278125 0.5625 0.284375 0.5546875 0.2859375 0.528125 0.2921875 0.515625
1 0.015625 0.65625 0.0203125 0.66875 0.0203125 0.6984375 0.015625 0.721875 0.015625 0.734375 0.009375 0.7359375 0.0078125 0.7234375 0.0046875 0.7203125 0 0.721875 0 0.7125 0.00625 0.7109375 0.0078125 0.675 0.0140625 0.6578125
1 0.2640625 0.5671875 0.265625 0.5890625 0.2609375 0.59375 0.259375 0.6 0.2609375 0.6109375 0.2546875 0.6328125 0.25 0.63125 0.25 0.615625 0.2484375 0.6140625 0.25 0.5953125 0.2546875 0.5765625 0.2625 0.5671875
1 0.028125 0.5 0.0296875 0.5125 0.028125 0.525 0.0328125 0.5375 0.0296875 0.5625 0.0265625 0.5609375 0.0265625 0.5515625 0.0234375 0.546875 0.01875 0.55 0.0125 0.5625 0.0078125 0.5609375 0.009375 0.553125 0.015625 0.54375 0.01875 0.515625 0.0234375 0.5015625 0.0265625 0.5
1 0.884375 0.4078125 0.8875 0.4078125 0.890625 0.428125 0.8890625 0.4703125 0.884375 0.471875 0.878125 0.46875 0.8796875 0.43125 0.884375 0.409375
2 0.0984375 0.5890625 0.0984375 0.5953125 0.1015625 0.6 0.0984375 0.61875 0.0984375 0.64375 0.0921875 0.65 0.0921875 0.6546875 0.0890625 0.659375 0.0859375 0.65625 0.0859375 0.640625 0.0875 0.6390625 0.0859375 0.6109375 0.0875 0.603125 0.09375 0.590625 0.096875 0.5890625