0 0.2265625 0.453125 0.23125 0.453125 0.23125 0.4609375 0.2265625 0.4609375 0.2265625 0.4546875
1 0.8234375 0.3796875 0.8265625 0.384375 0.8296875 0.403125 0.8296875 0.434375 0.828125 0.4375 0.825 0.4375 0.825 0.428125 0.81875 0.4203125 0.8203125 0.403125 0.815625 0.38125 0.8171875 0.3796875 0.821875 0.38125
1 0.828125 0.3609375 0.83125 0.365625 0.83125 0.39375 0.8375 0.40625 0.83125 0.4078125 0.828125 0.4 0.8265625 0.384375 0.8234375 0.3796875 0.8265625 0.3625
1 0.575 0.2734375 0.578125 0.278125 0.58125 0.2921875 0.58125 0.309375 0.578125 0.328125 0.575 0.3234375 0.575 0.315625 0.571875 0.3078125 0.5734375 0.275
1 0.5609375 0.4359375 0.5671875 0.4375 0.5765625 0.45 0.5828125 0.45 0.5875 0.453125 0.5921875 0.4609375 0.5890625 0.4671875 0.5828125 0.4671875 0.5671875 0.4609375 0.5578125 0.4609375 0.5578125 0.45 0.5609375 0.4375
1 0.20234375 0.41875 0.015625 0.0765625
1 0.2375 0.6578125 0.2359375 0.6546875 0.2375 0.6515625 0.2375 0.61875 0.2390625 0.6171875 0.2375 0.59375 0.246875 0.5703125 0.2484375 0.5703125 0.2484375 0.575 0.25625 0.590625 0.253125 0.6015625 0.253125 0.6234375 0.2640625 0.6453125 0.2640625 0.65 0.259375 0.6484375 0.2578125 0.640625 0.2515625 0.634375 0.25 0.628125 0.2453125 0.625 0.240625 0.634375 0.2421875 0.6359375 0.2421875 0.65625 0.2390625 0.6578125
1 0.634375 0.4703125 0.6375 0.4703125 0.640625 0.4828125 0.6375 0.5234375 0.634375 0.5359375 0.63125 0.534375 0.6296875 0.525 0.628125 0.5359375 0.6265625 0.5375 0.625 0.5359375 0.628125 0.484375 0.634375 0.471875
1 0.9015625 0.453125 0.90625 0.4953125 0.903125 0.51875 0.909375 0.528125 0.9078125 0.5359375 0.9015625 0.5359375 0.9015625 0.5296875 0.896875 0.5203125 0.8984375 0.4828125 0.8890625 0.4671875 0.890625 0.4640625 0.8921875 0.465625 0.896875 0.4640625 0.9015625 0.4546875
1 0.6328125 0.421875 0.6265625 0.4171875 0.6234375 0.4203125 0.621875 0.434375 0.6234375 0.459375 0.61875 0.459375 0.615625 0.453125 0.615625 0.403125 0.6203125 0.390625 0.6234375 0.3890625 0.6234375 0.3984375 0.6265625 0.409375 0.6328125 0.4171875 0.6328125 0.4203125
1 0.728125 0.45625 0.73125 0.4609375 0.7328125 0.4734375 0.7328125 0.50625 0.7390625 0.5203125 0.7390625 0.5265625 0.7375 0.528125 0.7328125 0.5171875 0.728125 0.5140625 0.725 0.5171875 0.7234375 0.5296875 0.7171875 0.53125 0.7234375 0.5125 0.725 0.4984375 0.7234375 0.475 0.7265625 0.4578125
1 0.853125 0.3109375 0.85625 0.3109375 0.8640625 0.31875 0.865625 0.3640625 0.8671875 0.365625 0.865625 0.378125 0.8625 0.3671875 0.8546875 0.3765625 0.8578125 0.3265625 0.8546875 0.321875 0.853125 0.3125
2 0.740625 0.39765625 0.01640625 0.059375