0 0.639700359375 0.5308333328125 0.6407587453125 0.5212037031250001 0.6343647125 0.5180555546875001 0.6333063265625001 0.5276851859375 0.639700359375 0.5308333328125
1 0.4640625 0.3609375 0.4703125 0.3640625 0.4703125 0.36875 0.475 0.375 0.475 0.3984375 0.4703125 0.415625 0.475 0.425 0.4734375 0.428125 0.475 0.4390625 0.471875 0.4484375 0.4703125 0.45 0.4671875 0.4484375 0.4640625 0.44375 0.465625 0.4265625 0.4625 0.4234375 0.459375 0.425 0.45625 0.4203125 0.459375 0.403125 0.4640625 0.39375 0.4640625 0.3734375 0.4625 0.371875 0.4640625 0.3625
1 0.5859375 0.4609375 0.5921875 0.4578125 0.5953125 0.446875 0.6 0.45 0.6 0.459375 0.60625 0.471875 0.6046875 0.4796875 0.60625 0.5125 0.609375 0.528125 0.6125 0.5328125 0.60625 0.5296875 0.60625 0.5234375 0.6 0.5140625 0.5984375 0.515625 0.6 0.5328125 0.5984375 0.534375 0.5953125 0.53125 0.5921875 0.5171875 0.5890625 0.475 0.584375 0.4703125 0.5765625 0.4734375 0.571875 0.471875 0.5734375 0.46875 0.584375 0.465625 0.5859375 0.4625
1 0.3140625 0.43125 0.3171875 0.4328125 0.31875 0.44375 0.315625 0.4484375 0.3171875 0.4875 0.3140625 0.503125 0.3109375 0.50625 0.3125 0.5171875 0.30625 0.5203125 0.30625 0.5265625 0.3 0.525 0.3015625 0.5078125 0.3046875 0.4984375 0.3015625 0.4859375 0.2984375 0.4828125 0.2984375 0.465625 0.3140625 0.4328125
1 0.4609375 0.45 0.4625 0.4546875 0.4546875 0.478125 0.4546875 0.4921875 0.4578125 0.4953125 0.4578125 0.5140625 0.4546875 0.5203125 0.45625 0.5234375 0.4546875 0.53125 0.45 0.5296875 0.4515625 0.5078125 0.440625 0.4875 0.446875 0.459375 0.45625 0.4484375 0.459375 0.45
1 0.475 0.3953125 0.4828125 0.3984375 0.4859375 0.4046875 0.4859375 0.4140625 0.4765625 0.428125 0.478125 0.4421875 0.471875 0.453125 0.46875 0.4453125 0.4703125 0.44375 0.46875 0.415625 0.475 0.396875
1 0.61875 0.4453125 0.6234375 0.4453125 0.625 0.459375 0.63125 0.4671875 0.6359375 0.4671875 0.6390625 0.4640625 0.6390625 0.4671875 0.634375 0.471875 0.63125 0.471875 0.6265625 0.478125 0.6265625 0.490625 0.6359375 0.503125 0.6375 0.509375 0.6375 0.5171875 0.6328125 0.525 0.634375 0.5359375 0.6296875 0.5328125 0.63125 0.5109375 0.628125 0.5078125 0.6234375 0.5109375 0.625 0.5359375 0.621875 0.5359375 0.6203125 0.5109375 0.6140625 0.4953125 0.6140625 0.4765625 0.609375 0.46875 0.6109375 0.459375 0.61875 0.4546875 0.61875 0.446875
1 0.515625 0.465625 0.51875 0.459375 0.5203125 0.446875 0.525 0.44375 0.5265625 0.4453125 0.525 0.4609375 0.5328125 0.4765625 0.5296875 0.490625 0.534375 0.50625 0.534375 0.5234375 0.5328125 0.525 0.534375 0.53125 0.5328125 0.5328125 0.5328125 0.5484375 0.5265625 0.5484375 0.521875 0.5421875 0.521875 0.5125 0.515625 0.4796875 0.5171875 0.4671875
1 0.4796875 0.4578125 0.4828125 0.4640625 0.484375 0.503125 0.490625 0.515625 0.4921875 0.525 0.4875 0.540625 0.4875 0.55 0.48125 0.55 0.478125 0.5453125 0.4796875 0.525 0.4703125 0.5125 0.4671875 0.49375 0.4703125 0.4765625 0.4765625 0.46875 0.475 0.459375 0.478125 0.4578125
1 0.503125 0.5234375 0.509375 0.5265625 0.509375 0.5359375 0.5140625 0.54375 0.5140625 0.55 0.5171875 0.55625 0.5171875 0.56875 0.5109375 0.5765625 0.509375 0.5828125 0.5109375 0.5859375 0.5015625 0.603125 0.5015625 0.6109375 0.5125 0.6296875 0.5109375 0.6390625 0.5078125 0.6359375 0.50625 0.628125 0.5 0.621875 0.4953125 0.6234375 0.4921875 0.6359375 0.4875 0.6359375 0.4859375 0.63125 0.4859375 0.6265625 0.4921875 0.61875 0.4953125 0.6015625 0.496875 0.5859375 0.4953125 0.584375 0.4984375 0.5765625 0.4953125 0.5515625 0.4984375 0.540625 0.503125 0.5375 0.5046875 0.5265625 0.503125 0.525
1 0.728125 0.3875 0.734375 0.390625 0.7375 0.4078125 0.7359375 0.4171875 0.7375 0.428125 0.734375 0.4484375 0.740625 0.4640625 0.740625 0.475 0.7375 0.4734375 0.7328125 0.453125 0.728125 0.446875 0.725 0.4515625 0.721875 0.478125 0.7171875 0.478125 0.71875 0.459375 0.721875 0.45 0.7203125 0.4453125 0.7265625 0.4203125 0.725 0.415625 0.7296875 0.3921875 0.728125 0.3890625
1 0.9078125 0.6765625 0.9140625 0.678125 0.915625 0.6953125 0.925 0.7046875 0.9296875 0.71875 0.9296875 0.734375 0.925 0.740625 0.9234375 0.753125 0.925 0.7625 0.91875 0.7765625 0.9203125 0.81875 0.9234375 0.821875 0.9234375 0.83125 0.9203125 0.8359375 0.91875 0.834375 0.9125 0.790625 0.909375 0.7859375 0.909375 0.7734375 0.90625 0.759375 0.90625 0.7359375 0.9 0.7265625 0.9015625 0.7046875 0.9078125 0.6984375 0.9078125 0.678125
1 0.746875 0.509375 0.7484375 0.5015625 0.75 0.5 0.753125 0.5015625 0.7546875 0.5171875 0.7578125 0.5234375 0.7546875 0.55625 0.75 0.56875 0.7515625 0.5796875 0.7578125 0.59375 0.7578125 0.603125 0.75625 0.6046875 0.753125 0.5984375 0.753125 0.5921875 0.7484375 0.5859375 0.7453125 0.5890625 0.746875 0.60625 0.74375 0.6078125 0.740625 0.596875 0.740625 0.5703125 0.7390625 0.56875 0.7421875 0.534375 0.7359375 0.5296875 0.7359375 0.5265625 0.7421875 0.521875 0.7484375 0.5109375
2 0.7125 0.5 0.715625 0.5 0.7203125 0.5125 0.7265625 0.5203125 0.7296875 0.5390625 0.728125 0.540625 0.728125 0.5578125 0.7328125 0.56875 0.734375 0.5796875 0.734375 0.5921875 0.73125 0.590625 0.7296875 0.5734375 0.725 0.5625 0.721875 0.559375 0.7171875 0.559375 0.709375 0.565625 0.7109375 0.5734375 0.7078125 0.584375 0.7078125 0.59375 0.7046875 0.5921875 0.70625 0.58125 0.7046875 0.5625 0.709375 0.55 0.70625 0.5203125 0.7125 0.509375 0.7109375 0.5078125 0.7125 0.5015625