0 0.79375 0.6109375 0.7953125 0.6125 0.79375 0.6234375 0.7890625 0.621875 0.7890625 0.6125 0.7921875 0.6109375
1 0.64296875 0.6359375 0.0421875 0.08046875
1 0.234375 0.5140625 0.2359375 0.5234375 0.240625 0.53125 0.2390625 0.55 0.2359375 0.5546875 0.2375 0.58125 0.2265625 0.5984375 0.225 0.609375 0.2203125 0.6125 0.2171875 0.609375 0.2171875 0.6046875 0.2265625 0.5828125 0.2234375 0.540625 0.2265625 0.5265625 0.2296875 0.521875 0.2296875 0.515625 0.2328125 0.5140625
1 0.503125 0.571875 0.5078125 0.5546875 0.5078125 0.5390625 0.509375 0.5375 0.5125 0.5390625 0.5140625 0.55625 0.51875 0.56875 0.51875 0.596875 0.521875 0.603125 0.521875 0.6234375 0.528125 0.6359375 0.5265625 0.6375 0.5203125 0.6359375 0.51875 0.61875 0.515625 0.6109375 0.5078125 0.6234375 0.5078125 0.634375 0.5046875 0.6328125 0.5015625 0.625 0.5109375 0.6078125 0.5109375 0.6 0.5046875 0.5828125 0.5046875 0.5734375
1 0.1265625 0.4609375 0.125 0.45 0.1296875 0.415625 0.134375 0.4078125 0.1359375 0.4 0.1390625 0.4015625 0.140625 0.409375 0.1390625 0.4234375 0.1390625 0.478125 0.140625 0.48125 0.1375 0.484375 0.134375 0.4828125 0.1359375 0.4609375 0.1328125 0.4578125 0.1265625 0.4625
1 0.56875 0.484375 0.584375 0.4828125 0.5875 0.4921875 0.5875 0.5234375 0.578125 0.5265625 0.5703125 0.515625 0.5640625 0.515625 0.5578125 0.5046875 0.5578125 0.496875 0.5640625 0.4953125 0.56875 0.4859375
1 0.253125 0.4953125 0.253125 0.4984375 0.24375 0.5015625 0.2390625 0.50625 0.2421875 0.53125 0.2390625 0.5296875 0.2359375 0.5140625 0.234375 0.5125 0.2296875 0.5140625 0.23125 0.4921875 0.2375 0.478125 0.2375 0.471875 0.240625 0.4703125 0.24375 0.475 0.2421875 0.4921875 0.2515625 0.4953125
1 0.115625 0.5515625 0.1109375 0.5484375 0.109375 0.534375 0.1125 0.528125 0.1109375 0.4984375 0.11875 0.4546875 0.1203125 0.453125 0.1234375 0.4546875 0.125 0.4734375 0.121875 0.490625 0.1234375 0.5171875 0.115625 0.5390625 0.11875 0.55 0.1171875 0.55
1 0 0.35 0.0046875 0.35 0.0109375 0.3625 0.0109375 0.3859375 0.0125 0.3875 0.0109375 0.4296875 0.0078125 0.43125 0.00625 0.428125 0.00625 0.40625 0.0046875 0.4046875 0 0.4203125 0 0.3515625
1 0 0.4515625 0.003125 0.4578125 0.003125 0.4765625 0.0015625 0.478125 0.0015625 0.496875 0.003125 0.4984375 0.0015625 0.5 0.0015625 0.5234375 0.003125 0.5265625 0 0.528125 0 0.453125
1 0.3125 0.5015625 0.3140625 0.503125 0.3140625 0.5234375 0.3171875 0.5296875 0.3171875 0.5484375 0.3203125 0.5546875 0.31875 0.584375 0.3171875 0.5859375 0.3140625 0.584375 0.315625 0.565625 0.3125 0.5640625 0.3015625 0.5765625 0.296875 0.5875 0.29375 0.5859375 0.29375 0.58125 0.303125 0.5640625 0.3046875 0.5546875 0.303125 0.521875 0.3078125 0.5109375 0.3078125 0.503125 0.3109375 0.5015625
1 0.6984375 0.7125 0.7 0.7234375 0.6953125 0.765625 0.696875 0.771875 0.6890625 0.7953125 0.6890625 0.809375 0.6828125 0.8078125 0.6828125 0.8 0.6875 0.7859375 0.6859375 0.7734375 0.6796875 0.775 0.678125 0.784375 0.6625 0.8 0.6578125 0.809375 0.6578125 0.790625 0.659375 0.7875 0.665625 0.7875 0.671875 0.7828125 0.675 0.775 0.6765625 0.7515625 0.6796875 0.7484375 0.6859375 0.728125 0.6921875 0.7234375 0.6921875 0.7171875 0.696875 0.7125
1 0.51875 0.5703125 0.5140625 0.553125 0.5140625 0.540625 0.5078125 0.5328125 0.5078125 0.521875 0.503125 0.5109375 0.503125 0.49375 0.509375 0.484375 0.5109375 0.4765625 0.5125 0.475 0.515625 0.4765625 0.521875 0.490625 0.521875 0.5140625 0.51875 0.525 0.51875 0.56875
1 0.421875 0.571875 0.425 0.5703125 0.428125 0.571875 0.4265625 0.5921875 0.4296875 0.596875 0.428125 0.6 0.4296875 0.615625 0.4265625 0.6234375 0.4296875 0.6421875 0.428125 0.65 0.4171875 0.6625 0.4171875 0.6734375 0.415625 0.675 0.4078125 0.6734375 0.4109375 0.6515625 0.4140625 0.646875 0.4171875 0.5921875 0.421875 0.5796875 0.421875 0.5734375