1 0.484375 0.675 0.4875 0.6765625 0.4875 0.6859375 0.49375 0.6953125 0.49375 0.7015625 0.4890625 0.703125 0.484375 0.709375 0.4875 0.7296875 0.4859375 0.73125 0.4875 0.7515625 0.484375 0.753125 0.4796875 0.74375 0.46875 0.7421875 0.4640625 0.7453125 0.4640625 0.7359375 0.4765625 0.7296875 0.475 0.709375 0.4734375 0.7078125 0.4703125 0.7125 0.46875 0.7078125 0.471875 0.69375 0.475 0.6875 0.4828125 0.68125 0.484375 0.6765625
1 0.48125 0.3390625 0.484375 0.353125 0.4828125 0.35625 0.484375 0.3921875 0.48125 0.3921875 0.4796875 0.38125 0.4765625 0.378125 0.4640625 0.3875 0.4640625 0.38125 0.4734375 0.375 0.478125 0.3546875 0.478125 0.34375 0.48125 0.340625
1 0.3703125 0.43125 0.3734375 0.43125 0.3703125 0.4890625 0.36875 0.490625 0.3671875 0.4890625 0.3625 0.475 0.3703125 0.4328125
1 0.290625 0.3046875 0.29375 0.309375 0.290625 0.315625 0.2921875 0.34375 0.290625 0.3453125 0.2859375 0.3375 0.2828125 0.3375 0.2765625 0.34375 0.2765625 0.3390625 0.284375 0.325 0.284375 0.3125 0.2859375 0.3078125 0.2890625 0.30625
1 0.078125 0.53125 0.0828125 0.5234375 0.090625 0.521875 0.090625 0.5078125 0.09375 0.5015625 0.0953125 0.4859375 0.0984375 0.484375 0.1 0.515625 0.096875 0.53125 0.103125 0.546875 0.1 0.55 0.096875 0.5484375 0.0953125 0.5375 0.0921875 0.534375 0.084375 0.53125 0.0796875 0.5328125
1 0.534375 0.525 0.5375 0.525 0.546875 0.5140625 0.5453125 0.4953125 0.55 0.4828125 0.55625 0.4765625 0.559375 0.4953125 0.5546875 0.503125 0.553125 0.521875 0.55625 0.5359375 0.5609375 0.5421875 0.559375 0.54375 0.5546875 0.5421875 0.55625 0.540625 0.553125 0.5296875 0.5484375 0.521875 0.5421875 0.528125 0.5375 0.528125 0.534375 0.534375 0.5328125 0.5328125 0.534375 0.5265625
1 0.334375 0.4078125 0.3375 0.4078125 0.3359375 0.4421875 0.3375 0.45625 0.340625 0.4640625 0.3375 0.4671875 0.3359375 0.465625 0.3328125 0.4484375 0.3203125 0.45 0.3171875 0.446875 0.3265625 0.440625 0.3265625 0.4328125 0.334375 0.409375
1 0.0328125 0.7671875 0.0328125 0.7625 0.0484375 0.7453125 0.0515625 0.7390625 0.0546875 0.7421875 0.0546875 0.7609375 0.05625 0.7625 0.0625 0.7609375 0.0625 0.7671875 0.0546875 0.778125 0.0578125 0.78125 0.05625 0.7921875 0.0453125 0.8 0.04375 0.80625 0.0375 0.8125 0.034375 0.8234375 0.03125 0.821875 0.03125 0.8140625 0.0390625 0.803125 0.0390625 0.7875 0.0421875 0.7828125 0.0421875 0.775 0.034375 0.7671875
1 0.128125 0.353125 0.13125 0.353125 0.1328125 0.3578125 0.13125 0.3875 0.134375 0.3984375 0.1328125 0.4 0.1296875 0.396875 0.1296875 0.3921875 0.1265625 0.3890625 0.1171875 0.390625 0.1140625 0.3890625 0.1140625 0.3859375 0.1203125 0.3859375 0.1234375 0.3828125 0.1234375 0.365625 0.128125 0.3546875
1 0.002408854166666666 0.7712268518518519 0.004817708333333332 0.09480902777777774
1 0.29328125 0.7051099537037038 0.02515624999999999 0.08466435185185181
1 0.8046875 0.3453125 0.803125 0.3671875 0.8 0.375 0.7984375 0.403125 0.7953125 0.403125 0.79375 0.390625 0.7859375 0.4015625 0.7828125 0.3984375 0.7921875 0.384375 0.7921875 0.375 0.7953125 0.371875 0.7953125 0.35625 0.803125 0.346875
2 0.19375 0.45 0.196875 0.45 0.19375 0.478125 0.1953125 0.4953125 0.1875 0.5015625 0.1828125 0.5125 0.1828125 0.5015625 0.1859375 0.4984375 0.184375 0.478125 0.1890625 0.4578125 0.19375 0.4515625