1 0.265625 0.55625 0.26875 0.559375 0.26875 0.5640625 0.2765625 0.5796875 0.275 0.6234375 0.271875 0.6375 0.26875 0.6359375 0.2703125 0.6171875 0.265625 0.6109375 0.2578125 0.61875 0.253125 0.6359375 0.2484375 0.6359375 0.2546875 0.6125 0.259375 0.6046875 0.2609375 0.5875 0.25625 0.58125 0.2609375 0.571875 0.2640625 0.5578125
1 0.390625 0.428125 0.39375 0.428125 0.3953125 0.4359375 0.4046875 0.4515625 0.403125 0.4828125 0.415625 0.4953125 0.415625 0.5015625 0.4125 0.5015625 0.4046875 0.4953125 0.3984375 0.4859375 0.39375 0.4859375 0.390625 0.4953125 0.390625 0.5078125 0.3875 0.5109375 0.3828125 0.5078125 0.3875 0.4984375 0.3875 0.4828125 0.390625 0.471875 0.390625 0.45625 0.384375 0.453125 0.390625 0.4421875 0.390625 0.4296875
1 0.5390625 0.4078125 0.540625 0.4140625 0.5390625 0.4171875 0.5359375 0.4140625 0.521875 0.4125 0.51875 0.4171875 0.51875 0.425 0.515625 0.4234375 0.5203125 0.36875 0.5234375 0.3546875 0.53125 0.3703125 0.528125 0.3765625 0.528125 0.4015625 0.53125 0.4078125 0.5375 0.4078125
1 0.6515625 0.7328125 0.653125 0.7453125 0.6625 0.7625 0.6625 0.771875 0.65625 0.778125 0.6578125 0.803125 0.6609375 0.8109375 0.675 0.8265625 0.675 0.8390625 0.671875 0.8390625 0.6703125 0.83125 0.653125 0.8109375 0.6484375 0.8125 0.646875 0.834375 0.64375 0.8375 0.6390625 0.8359375 0.64375 0.8234375 0.64375 0.7953125 0.6453125 0.79375 0.6453125 0.7796875 0.6390625 0.76875 0.6390625 0.7625 0.646875 0.7484375 0.646875 0.734375 0.65 0.7328125
2 0.646875 0.603125 0.65625 0.63125 0.6546875 0.659375 0.65 0.675 0.653125 0.6796875 0.6609375 0.68125 0.6625 0.684375 0.6625 0.6859375 0.653125 0.6875 0.65 0.6921875 0.653125 0.7 0.6515625 0.7109375 0.6484375 0.709375 0.6484375 0.696875 0.64375 0.6859375 0.6421875 0.6046875 0.6453125 0.603125
1 0.8453125 0.5875 0.8515625 0.5890625 0.8515625 0.5953125 0.8625 0.6140625 0.8625 0.621875 0.8546875 0.6296875 0.8546875 0.6625 0.8625 0.68125 0.8625 0.6921875 0.859375 0.6921875 0.8421875 0.6484375 0.84375 0.634375 0.8359375 0.621875 0.840625 0.615625 0.8453125 0.5890625
1 0.2296875 0.578125 0.2296875 0.575 0.2375 0.5671875 0.2359375 0.5375 0.25 0.534375 0.2578125 0.525 0.259375 0.525 0.2578125 0.5328125 0.2484375 0.5421875 0.2484375 0.5578125 0.253125 0.575 0.253125 0.584375 0.25 0.5875 0.25 0.5921875 0.25625 0.5984375 0.2515625 0.6 0.240625 0.596875 0.2375 0.6015625 0.234375 0.615625 0.23125 0.6171875 0.234375 0.596875 0.240625 0.58125 0.2375 0.5765625 0.23125 0.578125
1 0.6109375 0.4140625 0.615625 0.415625 0.615625 0.421875 0.6203125 0.43125 0.621875 0.440625 0.6203125 0.475 0.628125 0.4953125 0.6265625 0.5015625 0.625 0.5 0.621875 0.4890625 0.6171875 0.4828125 0.6171875 0.4765625 0.6125 0.475 0.609375 0.496875 0.60625 0.496875 0.6078125 0.4625 0.6109375 0.4515625 0.6109375 0.415625
1 0.54375 0.4421875 0.546875 0.4421875 0.5546875 0.459375 0.5546875 0.4703125 0.55 0.4765625 0.5484375 0.490625 0.5484375 0.5015625 0.5546875 0.5078125 0.5546875 0.515625 0.553125 0.5171875 0.5484375 0.5109375 0.5453125 0.5109375 0.5421875 0.5140625 0.540625 0.525 0.5390625 0.5265625 0.5359375 0.525 0.540625 0.50625 0.5390625 0.4625 0.54375 0.44375
1 0.328125 0.5546875 0.33125 0.5609375 0.3359375 0.5625 0.340625 0.571875 0.340625 0.5765625 0.3375 0.5796875 0.3359375 0.609375 0.321875 0.64375 0.3203125 0.64375 0.3234375 0.628125 0.321875 0.6140625 0.325 0.6015625 0.3234375 0.55625 0.3265625 0.5546875
1 0.95625 0.534375 0.95625 0.5296875 0.9625 0.525 0.9640625 0.5140625 0.9625 0.5015625 0.965625 0.496875 0.9703125 0.5 0.9703125 0.5078125 0.9765625 0.521875 0.9734375 0.540625 0.9765625 0.55625 0.975 0.5859375 0.9703125 0.5859375 0.9703125 0.5765625 0.965625 0.5703125 0.9609375 0.5546875 0.9625 0.5375 0.9578125 0.534375
1 0.4734375 0.3515625 0.4765625 0.353125 0.48125 0.3703125 0.4828125 0.38125 0.48125 0.3828125 0.48125 0.4046875 0.4875 0.409375 0.4875 0.4140625 0.48125 0.415625 0.48125 0.428125 0.478125 0.428125 0.4765625 0.41875 0.471875 0.4109375 0.4734375 0.3796875 0.471875 0.375 0.4671875 0.371875 0.471875 0.36875 0.4734375 0.353125
1 0.884375 0.521875 0.8890625 0.5234375 0.890625 0.5359375 0.89375 0.5375 0.8984375 0.5484375 0.89375 0.5703125 0.89375 0.5921875 0.8984375 0.609375 0.903125 0.6171875 0.903125 0.6234375 0.896875 0.625 0.8921875 0.603125 0.88125 0.5859375 0.8828125 0.5640625 0.8796875 0.5609375 0.8796875 0.55 0.8828125 0.5453125 0.8828125 0.525 0.884375 0.5234375
1 0.140625 0.3375 0.1453125 0.3390625 0.1515625 0.3546875 0.15 0.384375 0.1546875 0.4 0.1546875 0.4046875 0.15 0.4015625 0.1484375 0.3875 0.1453125 0.384375 0.140625 0.384375 0.1359375 0.390625 0.13125 0.403125 0.13125 0.409375 0.1296875 0.4109375 0.128125 0.4078125 0.1296875 0.3953125 0.134375 0.384375 0.134375 0.3625 0.1328125 0.3609375 0.134375 0.35 0.140625 0.3390625
1 0.6765625 0.3875 0.6828125 0.3890625 0.6828125 0.3953125 0.665625 0.4046875 0.665625 0.41875 0.6640625 0.4203125 0.6609375 0.41875 0.6640625 0.39375 0.6640625 0.35625 0.665625 0.3546875 0.6640625 0.3421875 0.6671875 0.340625 0.6703125 0.3453125 0.6734375 0.3890625 0.675 0.390625 0.6765625 0.3890625
1 0.8546875 0.3171875 0.8578125 0.3171875 0.865625 0.334375 0.8625 0.3421875 0.8640625 0.3578125 0.8671875 0.3640625 0.88125 0.3765625 0.8796875 0.3859375 0.8765625 0.3796875 0.85625 0.3625 0.853125 0.365625 0.85625 0.3859375 0.853125 0.3875 0.85 0.3859375 0.8515625 0.3828125 0.85 0.365625 0.853125 0.35625 0.85 0.3421875 0.853125 0.3375 0.8546875 0.31875
0 0.2828125 0.6125 0.2859375 0.61875 0.2828125 0.625 0.278125 0.6234375 0.278125 0.6140625 0.28125 0.6125