0 0.534375 0.8125 0.540625 0.8140625 0.540625 0.8234375 0.5375 0.8265625 0.5328125 0.8234375 0.534375 0.8140625
1 0.6609375 0.2765625 0.6640625 0.2765625 0.66875 0.2875 0.665625 0.325 0.6640625 0.3296875 0.6609375 0.33125 0.6609375 0.3140625 0.6578125 0.309375 0.6578125 0.2875 0.6609375 0.278125
1 0.6296875 0.325 0.6328125 0.325 0.6328125 0.33125 0.6359375 0.3359375 0.634375 0.38125 0.6328125 0.3828125 0.63125 0.38125 0.6296875 0.3640625 0.6265625 0.3546875 0.6265625 0.3359375 0.6296875 0.3265625
1 0.56171875 0.759375 0.0203125 0.09453125
1 0.3875 0.2859375 0.384375 0.2734375 0.384375 0.240625 0.3859375 0.2390625 0.3890625 0.2421875 0.390625 0.25 0.390625 0.26875 0.3890625 0.2703125 0.390625 0.2859375 0.3890625 0.2859375
1 0.2203125 0.25546875 0.01484375 0.053125
1 0.3 0.596875 0.303125 0.5984375 0.309375 0.615625 0.309375 0.6484375 0.3140625 0.6671875 0.3140625 0.6765625 0.3046875 0.6671875 0.29375 0.640625 0.29375 0.6109375 0.3 0.5984375
1 0.359375 0.6453125 0.3625 0.66875 0.3609375 0.675 0.3625 0.6984375 0.3578125 0.71875 0.3546875 0.7234375 0.3546875 0.73125 0.3515625 0.73125 0.35 0.721875 0.3515625 0.7125 0.3546875 0.7078125 0.353125 0.665625 0.3578125 0.646875
1 0.0671875 0.4921875 0.0625 0.4859375 0.0546875 0.484375 0.05625 0.465625 0.053125 0.4609375 0.0515625 0.4359375 0.05625 0.428125 0.05625 0.4234375 0.059375 0.421875 0.0640625 0.4296875 0.0640625 0.46875 0.0671875 0.4765625 0.06875 0.490625
1 0.4546875 0.8234375 0.45625 0.8359375 0.459375 0.8375 0.4640625 0.8546875 0.4640625 0.86875 0.4734375 0.9140625 0.471875 0.915625 0.46875 0.9140625 0.465625 0.8984375 0.4609375 0.8890625 0.4546875 0.884375 0.446875 0.8921875 0.4453125 0.9109375 0.4421875 0.9171875 0.440625 0.9171875 0.4421875 0.8890625 0.4453125 0.878125 0.44375 0.846875 0.446875 0.8375 0.45 0.8359375 0.45 0.825 0.453125 0.8234375
1 0.4875 0.7078125 0.5125 0.70625 0.5125 0.7109375 0.5046875 0.7125 0.5 0.7171875 0.50625 0.7359375 0.5140625 0.74375 0.5140625 0.7484375 0.5125 0.75 0.5078125 0.7484375 0.50625 0.7515625 0.515625 0.7640625 0.515625 0.7734375 0.5125 0.775 0.5109375 0.76875 0.5015625 0.759375 0.4984375 0.75 0.49375 0.7453125 0.4875 0.7296875 0.4875 0.709375
1 0.71875 0.6421875 0.721875 0.64375 0.7234375 0.6515625 0.73125 0.6640625 0.73125 0.6796875 0.728125 0.6890625 0.73125 0.73125 0.728125 0.73125 0.728125 0.7265625 0.721875 0.721875 0.725 0.7125 0.7203125 0.7 0.71875 0.6765625 0.715625 0.6734375 0.71875 0.64375
1 0.4859375 0.4984375 0.48125 0.4890625 0.48125 0.471875 0.4765625 0.4640625 0.4765625 0.45 0.4828125 0.4375 0.4875 0.4375 0.490625 0.44375 0.4890625 0.4921875 0.4921875 0.5046875 0.4890625 0.503125 0.4875 0.4984375
1 0.334375 0.43125 0.3296875 0.41875 0.325 0.4140625 0.321875 0.396875 0.321875 0.390625 0.3265625 0.38125 0.328125 0.3796875 0.33125 0.38125 0.3328125 0.41875 0.3359375 0.4265625 0.334375 0.4328125
1 0.0359375 0.4484375 0.0359375 0.425 0.0421875 0.409375 0.05 0.425 0.05 0.48125 0.0484375 0.4828125 0.0453125 0.48125 0.0453125 0.4625 0.0421875 0.45 0.0390625 0.446875 0.0375 0.4484375
1 0.7078125 0.375 0.7109375 0.3765625 0.7125 0.384375 0.7125 0.4109375 0.7109375 0.4125 0.7125 0.4359375 0.703125 0.4421875 0.7046875 0.43125 0.703125 0.3875 0.7078125 0.3765625
2 0.2890625 0.3015625 0.296875 0.315625 0.296875 0.3625 0.290625 0.3609375 0.284375 0.3234375 0.284375 0.3140625 0.2890625 0.303125