0 0.38515625 0.36640625 0.00625 0.00859375
1 0.23125 0.7125 0.2328125 0.7234375 0.240625 0.7390625 0.2390625 0.7984375 0.24375 0.8296875 0.2421875 0.8421875 0.2375 0.840625 0.2390625 0.825 0.234375 0.8015625 0.23125 0.7984375 0.228125 0.7984375 0.225 0.803125 0.221875 0.8359375 0.2140625 0.834375 0.2140625 0.828125 0.2171875 0.8265625 0.21875 0.821875 0.2203125 0.7875 0.225 0.7703125 0.221875 0.75625 0.221875 0.740625 0.2265625 0.7328125 0.2265625 0.7140625 0.2296875 0.7125
1 0.634375 0.453125 0.6421875 0.475 0.6375 0.5 0.640625 0.521875 0.6359375 0.5296875 0.63125 0.5296875 0.6328125 0.5203125 0.628125 0.48125 0.6328125 0.4640625 0.6328125 0.4546875
1 0.4875 0.378125 0.49375 0.390625 0.49375 0.3984375 0.4890625 0.415625 0.4890625 0.4328125 0.4859375 0.434375 0.4859375 0.428125 0.4828125 0.4234375 0.478125 0.4265625 0.4765625 0.43125 0.475 0.4296875 0.4796875 0.4078125 0.484375 0.3984375 0.4859375 0.3796875
2 0.578125 0.4765625 0.58125 0.478125 0.58125 0.4859375 0.584375 0.4890625 0.5859375 0.5 0.5828125 0.559375 0.58125 0.5609375 0.5796875 0.559375 0.578125 0.5390625 0.571875 0.534375 0.5703125 0.528125 0.5734375 0.509375 0.5734375 0.4890625 0.5765625 0.4859375 0.578125 0.478125
1 0.2578125 0.353125 0.2625 0.365625 0.2578125 0.375 0.2546875 0.3921875 0.25 0.39375 0.25 0.3640625 0.25625 0.3546875
1 0.303125 0.47109375 0.01953125 0.071875
1 0.078125 0.7859375 0.0765625 0.778125 0.0671875 0.7671875 0.0625 0.7765625 0.0609375 0.7890625 0.05625 0.790625 0.053125 0.7859375 0.059375 0.7734375 0.0609375 0.740625 0.0578125 0.7328125 0.05625 0.7171875 0.0515625 0.7125 0.0515625 0.70625 0.05625 0.6890625 0.0609375 0.6828125 0.0609375 0.6703125 0.0640625 0.6671875 0.06875 0.671875 0.0671875 0.68125 0.0765625 0.696875 0.0765625 0.7109375 0.0734375 0.715625 0.071875 0.725 0.0703125 0.753125 0.08125 0.775 0.08125 0.7859375 0.0796875 0.7859375
1 0.9984375 0.59375 0.9984375 0.675 0.99375 0.671875 0.996875 0.64375 0.9953125 0.634375 0.9921875 0.6296875 0.996875 0.615625 0.996875 0.5953125
1 0.36875 0.36875 0.371875 0.375 0.3734375 0.409375 0.3765625 0.4234375 0.3703125 0.4234375 0.3640625 0.41875 0.3671875 0.4109375 0.365625 0.4015625 0.3671875 0.3703125
1 0.2203125 0.4546875 0.2234375 0.45625 0.2234375 0.4609375 0.2296875 0.475 0.2234375 0.503125 0.225 0.534375 0.2234375 0.5359375 0.2203125 0.534375 0.215625 0.4984375 0.2171875 0.4921875 0.2140625 0.4828125 0.2140625 0.4734375 0.2203125 0.45625
1 0.078125 0.5 0.0703125 0.4546875 0.0703125 0.4421875 0.075 0.4328125 0.075 0.428125 0.0765625 0.4265625 0.0796875 0.428125 0.0796875 0.4359375 0.0828125 0.4421875 0.0828125 0.46875 0.078125 0.4984375
1 0.7984375 0.4578125 0.8015625 0.459375 0.8078125 0.4765625 0.8078125 0.4859375 0.8046875 0.4890625 0.8 0.5046875 0.803125 0.5234375 0.796875 0.5234375 0.79375 0.5265625 0.7921875 0.5359375 0.7890625 0.5359375 0.79375 0.5078125 0.79375 0.4734375 0.7984375 0.459375
1 0.690625 0.6 0.6921875 0.6109375 0.696875 0.61875 0.7 0.6328125 0.7 0.653125 0.696875 0.659375 0.696875 0.6734375 0.70625 0.7046875 0.703125 0.7109375 0.6984375 0.7109375 0.7 0.6984375 0.6921875 0.6765625 0.6875 0.6796875 0.68125 0.703125 0.678125 0.7046875 0.6734375 0.6984375 0.6796875 0.6921875 0.6859375 0.665625 0.6859375 0.6484375 0.684375 0.646875 0.6765625 0.6484375 0.6765625 0.6453125 0.684375 0.634375 0.6875 0.6140625 0.6859375 0.6015625 0.6890625 0.6
1 0.396875 0.70625 0.396875 0.6921875 0.3921875 0.678125 0.3921875 0.6640625 0.396875 0.6484375 0.3953125 0.6234375 0.3984375 0.5984375 0.403125 0.603125 0.403125 0.6125 0.40625 0.621875 0.4078125 0.6734375 0.4171875 0.696875 0.4140625 0.7078125 0.409375 0.6890625 0.403125 0.678125 0.4 0.6765625 0.3984375 0.6796875 0.4015625 0.6921875 0.4015625 0.703125 0.3984375 0.70625
1 0.6125 0.4140625 0.6203125 0.425 0.6171875 0.43125 0.6171875 0.440625 0.6125 0.4515625 0.6125 0.4578125 0.6078125 0.459375 0.6015625 0.471875 0.603125 0.4546875 0.6078125 0.4390625 0.6078125 0.4328125 0.603125 0.4296875 0.609375 0.4234375 0.6125 0.415625