1 0.634375 0.6828125 0.63125 0.621875 0.6359375 0.60625 0.6375 0.60625 0.64375 0.6265625 0.640625 0.675 0.6359375 0.6828125
1 0.4953125 0.48125 0.01328125 0.0515625
1 0.584375 0.721875 0.5890625 0.725 0.5890625 0.7296875 0.5953125 0.740625 0.5953125 0.75625 0.5921875 0.7671875 0.59375 0.8125 0.5921875 0.8140625 0.5875 0.8125 0.5859375 0.809375 0.5875 0.7984375 0.5859375 0.7765625 0.58125 0.7640625 0.584375 0.7390625 0.5828125 0.725 0.584375 0.7234375
1 0.575 0.6421875 0.578125 0.64375 0.584375 0.65625 0.58125 0.6875 0.5828125 0.7171875 0.58125 0.71875 0.578125 0.7140625 0.5765625 0.71875 0.571875 0.7203125 0.5703125 0.6703125 0.5671875 0.6625 0.5734375 0.64375
1 0.4203125 0.4734375 0.4265625 0.4625 0.425 0.440625 0.43125 0.428125 0.434375 0.4265625 0.4375 0.43125 0.434375 0.4453125 0.4359375 0.4546875 0.434375 0.465625 0.43125 0.4734375 0.4265625 0.4765625 0.421875 0.4765625 0.421875 0.475
1 0.3828125 0.5203125 0.3875 0.5359375 0.3859375 0.5875 0.384375 0.5890625 0.3796875 0.584375 0.3796875 0.56875 0.3765625 0.5578125 0.3765625 0.53125 0.38125 0.521875
1 0.221875 0.7578125 0.2234375 0.753125 0.21875 0.7140625 0.2125 0.703125 0.2140625 0.6875 0.21875 0.6828125 0.21875 0.6734375 0.221875 0.671875 0.2296875 0.69375 0.2265625 0.7609375 0.2234375 0.759375
1 0.4765625 0.8546875 0.4796875 0.8546875 0.4890625 0.8765625 0.4875 0.9140625 0.4921875 0.946875 0.490625 0.959375 0.4859375 0.9359375 0.4828125 0.934375 0.4796875 0.953125 0.4765625 0.9515625 0.4734375 0.9171875 0.4703125 0.9125 0.4671875 0.9140625 0.4703125 0.878125 0.471875 0.8703125 0.4765625 0.8625 0.4765625 0.85625
1 0.5046875 0.5421875 0.5109375 0.5578125 0.509375 0.5734375 0.5109375 0.6140625 0.5078125 0.6109375 0.50625 0.596875 0.4984375 0.5671875 0.4984375 0.5578125 0.5015625 0.5515625 0.5015625 0.54375 0.503125 0.54375
1 0.05625 0.6359375 0.0578125 0.6484375 0.0609375 0.653125 0.0609375 0.675 0.0640625 0.6859375 0.0640625 0.7171875 0.0609375 0.7171875 0.0609375 0.7046875 0.0578125 0.6984375 0.0546875 0.7 0.05 0.7171875 0.046875 0.7171875 0.046875 0.709375 0.0515625 0.6953125 0.0484375 0.6546875 0.0515625 0.640625 0.0546875 0.6375
1 0.2578125 0.396875 0.2609375 0.4 0.2609375 0.4484375 0.2578125 0.45 0.2546875 0.43125 0.2546875 0.4046875 0.2578125 0.3984375
1 0.4421875 0.4265625 0.4453125 0.428125 0.4453125 0.4484375 0.4484375 0.45625 0.4484375 0.46875 0.44375 0.459375 0.4375 0.4578125 0.4375 0.4375 0.440625 0.428125
1 0.1671875 0.64296875 0.015625 0.0859375
1 0.36875 0.5 0.3609375 0.4703125 0.3625 0.4484375 0.365625 0.446875 0.3703125 0.4625 0.3703125 0.4984375
1 0.809375 0.728125 0.815625 0.7421875 0.815625 0.7578125 0.8171875 0.759375 0.8109375 0.803125 0.8078125 0.80625 0.803125 0.8046875 0.80625 0.7859375 0.80625 0.7703125 0.8 0.7640625 0.8 0.7609375 0.8046875 0.75625 0.8078125 0.7296875
1 0.584375 0.4265625 0.5875 0.4296875 0.59375 0.4484375 0.59375 0.48125 0.5890625 0.4859375 0.584375 0.4546875 0.584375 0.428125
1 0.8171875 0.765625 0.81875 0.7734375 0.825 0.78125 0.83125 0.7953125 0.83125 0.8 0.8265625 0.8046875 0.8265625 0.8296875 0.834375 0.8453125 0.834375 0.8515625 0.8328125 0.8515625 0.8265625 0.840625 0.8234375 0.8390625 0.8203125 0.84375 0.8203125 0.853125 0.8171875 0.853125 0.815625 0.81875 0.8109375 0.8109375 0.8140625 0.8015625 0.815625 0.76875 0.8171875 0.7671875
1 0.4828125 0.478125 0.475 0.4484375 0.475 0.4375 0.478125 0.428125 0.48125 0.4265625 0.4828125 0.4296875 0.4875 0.453125 0.4875 0.465625 0.484375 0.4765625
1 0.503125 0.478125 0.01015625 0.059375
2 0.2140625 0.52421875 0.009375 0.07109375