0 0.8015625 0.6015625 0.80625 0.603125 0.80625 0.6109375 0.8015625 0.6109375 0.8015625 0.603125
1 0.8015625 0.5015625 0.8046875 0.503125 0.8046875 0.50625 0.8125 0.5140625 0.8140625 0.51875 0.8140625 0.5484375 0.815625 0.55 0.8140625 0.559375 0.8 0.53125 0.7984375 0.5125 0.8015625 0.503125
1 0.5328125 0.3453125 0.5359375 0.3453125 0.5390625 0.353125 0.54375 0.3859375 0.54375 0.4 0.5390625 0.390625 0.5359375 0.39375 0.5328125 0.346875
1 0.665625 0.253125 0.6703125 0.253125 0.671875 0.25625 0.6703125 0.28125 0.6734375 0.2875 0.671875 0.2921875 0.66875 0.2875 0.6640625 0.2921875 0.6625 0.290625 0.665625 0.2546875
1 0.325 0.5578125 0.328125 0.559375 0.3296875 0.6203125 0.328125 0.625 0.325 0.621875 0.3234375 0.6125 0.321875 0.6140625 0.321875 0.6296875 0.3203125 0.63125 0.3171875 0.6265625 0.31875 0.603125 0.315625 0.5875 0.315625 0.575 0.325 0.559375
1 0.5328125 0.34375 0.5359375 0.3453125 0.5375 0.3546875 0.534375 0.3734375 0.5359375 0.375 0.5359375 0.39375 0.5328125 0.3984375 0.5296875 0.3984375 0.5265625 0.39375 0.5328125 0.3453125
1 0.5078125 0.3625 0.5109375 0.3625 0.5125 0.371875 0.51875 0.3828125 0.51875 0.3859375 0.5140625 0.3890625 0.5171875 0.4140625 0.5140625 0.4109375 0.5125 0.403125 0.5078125 0.4 0.5046875 0.4046875 0.5046875 0.415625 0.5015625 0.4171875 0.5015625 0.375 0.5078125 0.3640625
1 0.453125 0.40625 0.4625 0.421875 0.459375 0.4671875 0.453125 0.4609375 0.4515625 0.45 0.45 0.4359375 0.4515625 0.4078125
1 0.515625 0.4453125 0.5203125 0.4546875 0.5203125 0.4640625 0.515625 0.4765625 0.5125 0.5078125 0.509375 0.5015625 0.509375 0.471875 0.50625 0.4640625 0.50625 0.45625 0.5140625 0.446875
1 0.609375 0.3 0.6125 0.303125 0.6171875 0.3171875 0.6171875 0.3484375 0.6109375 0.3515625 0.6109375 0.3375 0.6078125 0.3234375 0.609375 0.3015625
1 0.3796875 0.4671875 0.38125 0.46875 0.38125 0.5359375 0.3796875 0.5375 0.375 0.5359375 0.3734375 0.5328125 0.3734375 0.48125 0.378125 0.46875
1 0.4875 0.3796875 0.49375 0.390625 0.4921875 0.4015625 0.49375 0.403125 0.4953125 0.4359375 0.49375 0.4375 0.4875 0.434375 0.4875 0.425 0.484375 0.4234375 0.4828125 0.41875 0.4828125 0.3890625 0.4859375 0.38125
1 0.3578125 0.5 0.3609375 0.50625 0.3640625 0.553125 0.3609375 0.553125 0.35625 0.5609375 0.3546875 0.5609375 0.35 0.5203125 0.35 0.50625 0.3515625 0.5015625 0.35625 0.5
1 0.425 0.4234375 0.4265625 0.425 0.425 0.4359375 0.4265625 0.465625 0.425 0.46875 0.4203125 0.4578125 0.4203125 0.4421875 0.41875 0.440625 0.4203125 0.425 0.4234375 0.425
1 0.209375 0.665625 0.2140625 0.6671875 0.215625 0.6765625 0.215625 0.703125 0.2203125 0.7390625 0.21875 0.74375 0.2140625 0.74375 0.209375 0.734375 0.2109375 0.7234375 0.2046875 0.6953125 0.2046875 0.6828125 0.209375 0.6671875
1 0.5515625 0.54375 0.01328125 0.0734375
1 0.478125 0.4109375 0.4828125 0.425 0.4828125 0.4375 0.4796875 0.4515625 0.48125 0.4671875 0.478125 0.4734375 0.475 0.4734375 0.4765625 0.4640625 0.4734375 0.4546875 0.4734375 0.4390625 0.4703125 0.43125 0.4734375 0.4125 0.4765625 0.4109375
1 0.4359375 0.415625 0.4390625 0.4171875 0.4390625 0.421875 0.4421875 0.425 0.4421875 0.46875 0.44375 0.4703125 0.4421875 0.478125 0.4359375 0.4796875 0.434375 0.4765625 0.4359375 0.4609375 0.4328125 0.44375 0.4328125 0.425 0.4359375 0.4171875
1 0.3546875 0.4671875 0.3578125 0.4671875 0.3609375 0.4875 0.359375 0.5015625 0.3515625 0.4984375 0.3515625 0.48125 0.3546875 0.46875
1 0.4234375 0.4890625 0.421875 0.48125 0.4171875 0.475 0.4125 0.48125 0.4109375 0.496875 0.4078125 0.4953125 0.409375 0.4859375 0.4078125 0.4515625 0.4203125 0.425 0.4234375 0.4265625 0.4234375 0.4328125 0.41875 0.440625 0.41875 0.4484375 0.425 0.475 0.425 0.4890625
1 0.821875 0.55 0.825 0.5515625 0.8296875 0.5625 0.8328125 0.596875 0.8359375 0.603125 0.8359375 0.615625 0.834375 0.615625 0.83125 0.6015625 0.828125 0.5984375 0.8234375 0.6 0.825 0.61875 0.821875 0.6203125 0.81875 0.603125 0.821875 0.5765625 0.821875 0.5515625
1 0.1953125 0.3875 0.1984375 0.390625 0.2015625 0.409375 0.2015625 0.4484375 0.1984375 0.4515625 0.19375 0.4515625 0.1921875 0.446875 0.190625 0.4015625 0.1953125 0.3890625
1 0.8203125 0.4 0.8234375 0.4 0.8296875 0.415625 0.828125 0.4484375 0.83125 0.45625 0.8296875 0.4609375 0.821875 0.4609375 0.821875 0.44375 0.81875 0.4296875 0.8203125 0.4015625
2 0.4625 0.5953125 0.4609375 0.5921875 0.4625 0.575 0.4546875 0.54375 0.45625 0.5296875 0.4625 0.51875 0.465625 0.5203125 0.465625 0.528125 0.46875 0.5359375 0.4640625 0.5953125