1 0.4615509259259259 0.5345833333333333 0.01888310185185178 0.0844444444444445
1 0.3453125 0.66875 0.35 0.6859375 0.34375 0.696875 0.34375 0.74375 0.340625 0.746875 0.340625 0.765625 0.3390625 0.7671875 0.334375 0.7609375 0.33125 0.7609375 0.328125 0.69375 0.3296875 0.678125 0.334375 0.6671875 0.334375 0.65625 0.3375 0.6546875 0.340625 0.6578125 0.340625 0.665625 0.34375 0.66875
2 0.3828125 0.728125 0.384375 0.7390625 0.390625 0.74375 0.39375 0.778125 0.396875 0.7859375 0.3953125 0.796875 0.3984375 0.8046875 0.3984375 0.828125 0.4015625 0.8375 0.4 0.840625 0.396875 0.8390625 0.3921875 0.803125 0.3890625 0.8015625 0.3859375 0.8046875 0.3875 0.8453125 0.3890625 0.846875 0.3859375 0.8546875 0.3828125 0.8515625 0.384375 0.85 0.3828125 0.809375 0.378125 0.796875 0.3796875 0.7953125 0.378125 0.790625 0.3765625 0.7890625 0.371875 0.790625 0.371875 0.775 0.3703125 0.7734375 0.371875 0.746875 0.378125 0.7390625 0.378125 0.7296875 0.38125 0.728125
1 0.140625 0.521875 0.1421875 0.525 0.140625 0.55 0.14375 0.5671875 0.14375 0.5875 0.1421875 0.5890625 0.14375 0.6125 0.134375 0.6109375 0.1359375 0.575 0.1328125 0.5625 0.1328125 0.5453125 0.1359375 0.5265625 0.1390625 0.5234375
1 0.625 0.653125 0.6265625 0.6203125 0.621875 0.6140625 0.621875 0.609375 0.63125 0.590625 0.6359375 0.590625 0.6375 0.5953125 0.6359375 0.6125 0.63125 0.615625 0.6296875 0.6265625 0.634375 0.640625 0.6328125 0.646875 0.6265625 0.653125
1 0.5140625 0.534375 0.5140625 0.5453125 0.521875 0.55625 0.521875 0.575 0.51875 0.5796875 0.51875 0.621875 0.515625 0.6359375 0.5109375 0.63125 0.5125 0.6203125 0.509375 0.6125 0.509375 0.6015625 0.50625 0.59375 0.50625 0.584375 0.5015625 0.5796875 0.5015625 0.5671875 0.509375 0.546875 0.509375 0.5359375 0.5125 0.534375
1 0.6171875 0.6015625 0.621875 0.6046875 0.621875 0.615625 0.625 0.6171875 0.6265625 0.625 0.6234375 0.6296875 0.6203125 0.7046875 0.609375 0.7078125 0.6109375 0.7015625 0.6078125 0.6875 0.609375 0.6734375 0.60625 0.665625 0.6078125 0.63125 0.6140625 0.6171875 0.615625 0.603125
1 0.4796875 0.696875 0.478125 0.6875 0.471875 0.684375 0.465625 0.684375 0.4640625 0.6765625 0.471875 0.675 0.475 0.671875 0.4765625 0.6421875 0.471875 0.6359375 0.4765625 0.6265625 0.484375 0.6203125 0.490625 0.625 0.4921875 0.6328125 0.4890625 0.6484375 0.4890625 0.6640625 0.4859375 0.6734375 0.4859375 0.6859375 0.4828125 0.696875 0.48125 0.696875
1 0.5546875 0.715625 0.5578125 0.715625 0.559375 0.71875 0.5578125 0.7546875 0.5625 0.7734375 0.559375 0.7765625 0.559375 0.7734375 0.5546875 0.76875 0.5515625 0.7703125 0.5515625 0.7875 0.5453125 0.7984375 0.5453125 0.8125 0.540625 0.8125 0.5390625 0.7953125 0.5359375 0.7921875 0.5328125 0.79375 0.5296875 0.7921875 0.53125 0.7859375 0.540625 0.78125 0.5390625 0.75 0.5453125 0.734375 0.553125 0.725 0.5546875 0.7171875
1 0.475 0.534375 0.475 0.546875 0.478125 0.5484375 0.48125 0.55625 0.4828125 0.58125 0.4796875 0.590625 0.4796875 0.6140625 0.471875 0.6296875 0.4703125 0.6296875 0.46875 0.6046875 0.4640625 0.5875 0.465625 0.5796875 0.4640625 0.5625 0.4703125 0.546875 0.46875 0.5375 0.4734375 0.534375
1 0.234375 0.615625 0.2375 0.61875 0.2375 0.628125 0.24375 0.634375 0.2421875 0.671875 0.240625 0.6734375 0.2421875 0.7171875 0.2375 0.715625 0.234375 0.7203125 0.23125 0.7203125 0.2296875 0.7078125 0.23125 0.6890625 0.2265625 0.646875 0.2328125 0.63125 0.23125 0.625 0.23125 0.6171875 0.2328125 0.6171875
1 0.4921875 0.5984375 0.503125 0.6125 0.50625 0.6234375 0.503125 0.64375 0.5125 0.6515625 0.5125 0.6640625 0.5109375 0.665625 0.5046875 0.6578125 0.496875 0.6578125 0.490625 0.66875 0.4875 0.665625 0.49375 0.64375 0.4921875 0.6390625 0.49375 0.63125 0.4921875 0.625 0.4859375 0.621875 0.48125 0.6078125 0.48125 0.590625 0.484375 0.5890625 0.490625 0.5984375