0 0.646875 0.715625 0.65 0.7203125 0.646875 0.7265625 0.6421875 0.7265625 0.640625 0.7234375 0.6421875 0.7171875 0.6453125 0.715625
1 0.26875 0.78125 0.271875 0.78125 0.2734375 0.84375 0.2703125 0.85 0.26875 0.8625 0.265625 0.8625 0.265625 0.853125 0.2609375 0.846875 0.265625 0.8375 0.2640625 0.8 0.26875 0.7828125
1 0.6921875 0.4375 0.6953125 0.4375 0.7015625 0.4515625 0.7015625 0.471875 0.703125 0.4734375 0.7015625 0.4859375 0.7 0.4875 0.69375 0.4859375 0.6921875 0.4390625
1 0.709375 0.4359375 0.7140625 0.4359375 0.7125 0.4734375 0.7078125 0.4859375 0.703125 0.4875 0.7046875 0.4546875 0.709375 0.4375
1 0.5984375 0.45 0.6015625 0.4515625 0.60625 0.4703125 0.60625 0.509375 0.603125 0.5078125 0.6015625 0.4984375 0.603125 0.478125 0.5953125 0.4640625 0.5984375 0.4515625
1 0.5953125 0.4640625 0.5984375 0.465625 0.6046875 0.4765625 0.6046875 0.4859375 0.6015625 0.4890625 0.6046875 0.50625 0.6015625 0.5109375 0.6 0.5234375 0.5953125 0.521875 0.590625 0.490625 0.590625 0.475 0.5953125 0.465625
1 0.540625 0.5640625 0.540625 0.5546875 0.54375 0.546875 0.54375 0.515625 0.5484375 0.5078125 0.5515625 0.5109375 0.5546875 0.5640625 0.553125 0.565625 0.5515625 0.5640625 0.55 0.5546875 0.546875 0.5515625 0.54375 0.5546875 0.5421875 0.5640625
1 0.7390625 0.41875 0.7421875 0.41875 0.7453125 0.4296875 0.7421875 0.4765625 0.740625 0.478125 0.7375 0.4765625 0.7359375 0.43125 0.7390625 0.4203125
1 0.68125 0.43125 0.68125 0.4359375 0.6859375 0.44375 0.6859375 0.4671875 0.684375 0.478125 0.678125 0.490625 0.675 0.4890625 0.671875 0.4796875 0.675 0.471875 0.6765625 0.4375 0.6796875 0.4328125
1 0.6453125 0.4859375 0.6453125 0.446875 0.653125 0.4359375 0.6578125 0.440625 0.6578125 0.4578125 0.65625 0.459375 0.6578125 0.4875 0.646875 0.4859375
1 0.30625 0.7265625 0.3125 0.71875 0.3140625 0.69375 0.3203125 0.675 0.325 0.671875 0.3234375 0.709375 0.3171875 0.740625 0.3140625 0.740625 0.3078125 0.728125
1 0.259375 0.6890625 0.2625 0.6890625 0.2625 0.7125 0.2609375 0.7140625 0.2625 0.7203125 0.2609375 0.7578125 0.2625 0.759375 0.25625 0.7609375 0.25625 0.7390625 0.253125 0.7375 0.2375 0.7609375 0.234375 0.7609375 0.234375 0.75 0.24375 0.740625 0.2515625 0.709375 0.2578125 0.6984375 0.259375 0.690625
1 0.715625 0.4328125 0.721875 0.4390625 0.721875 0.4703125 0.7234375 0.471875 0.7234375 0.4859375 0.7203125 0.4890625 0.71875 0.4796875 0.7140625 0.4703125 0.7140625 0.4359375 0.715625 0.434375
1 0.7859375 0.6578125 0.790625 0.6609375 0.79375 0.675 0.79375 0.696875 0.7859375 0.715625 0.7890625 0.7265625 0.7859375 0.7296875 0.78125 0.728125 0.7828125 0.71875 0.7796875 0.70625 0.7859375 0.6921875 0.7859375 0.659375
1 0.5046875 0.4375 0.5078125 0.4375 0.5109375 0.4484375 0.5078125 0.4828125 0.5046875 0.49375 0.5015625 0.496875 0.5 0.4953125 0.5015625 0.446875 0.5046875 0.4390625
1 0.5328125 0.5046875 0.5359375 0.5078125 0.5390625 0.51875 0.5359375 0.525 0.5328125 0.5625 0.5296875 0.5640625 0.5265625 0.515625 0.5328125 0.50625
1 0.6328125 0.44375 0.6390625 0.4546875 0.6390625 0.4984375 0.6359375 0.5015625 0.6328125 0.5 0.6296875 0.48125 0.6296875 0.45 0.6328125 0.4453125
1 0.66484375 0.45703125 0.0109375 0.05859375
1 0.446875 0.6171875 0.4515625 0.6296875 0.4515625 0.6359375 0.4484375 0.64375 0.446875 0.6640625 0.4390625 0.678125 0.4390625 0.6828125 0.4375 0.684375 0.434375 0.6828125 0.434375 0.6734375 0.440625 0.6640625 0.4390625 0.63125 0.4453125 0.61875
2 0.6703125 0.6 0.675 0.6 0.675 0.6046875 0.68125 0.6140625 0.68125 0.6234375 0.678125 0.6296875 0.684375 0.6515625 0.684375 0.6609375 0.678125 0.6515625 0.675 0.653125 0.671875 0.6609375 0.6703125 0.6375 0.6671875 0.6265625 0.6671875 0.6078125 0.6703125 0.6015625