1 0.7125 0.496875 0.715625 0.496875 0.7171875 0.509375 0.7234375 0.51875 0.7234375 0.5328125 0.7203125 0.5390625 0.721875 0.553125 0.7171875 0.5734375 0.71875 0.60625 0.7125 0.6046875 0.7125 0.5984375 0.709375 0.5953125 0.70625 0.5984375 0.7046875 0.596875 0.70625 0.5734375 0.709375 0.5671875 0.709375 0.5546875 0.70625 0.55 0.70625 0.534375 0.7046875 0.5328125 0.7046875 0.5171875 0.70625 0.515625 0.7046875 0.5140625 0.7109375 0.50625 0.7125 0.4984375
1 0.4828125 0.4453125 0.4859375 0.4453125 0.490625 0.459375 0.49375 0.4890625 0.49375 0.496875 0.4890625 0.5078125 0.49375 0.5390625 0.4875 0.5421875 0.4859375 0.540625 0.4859375 0.5296875 0.48125 0.5203125 0.48125 0.503125 0.484375 0.4921875 0.4828125 0.4890625 0.484375 0.4734375 0.48125 0.4546875 0.4828125 0.446875
1 0.6609375 0.484375 0.665625 0.484375 0.6671875 0.4875 0.671875 0.515625 0.665625 0.5859375 0.6640625 0.5890625 0.659375 0.5875 0.6609375 0.5765625 0.65625 0.5640625 0.6546875 0.5390625 0.65625 0.5265625 0.659375 0.5203125 0.6578125 0.515625 0.6609375 0.50625 0.6609375 0.4859375
1 0.6484375 0.371875 0.6515625 0.371875 0.6546875 0.3765625 0.6546875 0.3828125 0.659375 0.3890625 0.659375 0.3984375 0.65625 0.4078125 0.659375 0.4125 0.659375 0.4296875 0.6640625 0.434375 0.6703125 0.4359375 0.671875 0.4453125 0.653125 0.4359375 0.65 0.440625 0.65 0.45625 0.64375 0.4578125 0.646875 0.4515625 0.6453125 0.4453125 0.65 0.4171875 0.6484375 0.3734375
1 0.9983463541666666 0.4311805555555555 0.0033072916666666784 0.09760416666666663
1 0.915625 0.3734375 0.91875 0.3765625 0.9203125 0.39375 0.9234375 0.4 0.9234375 0.4171875 0.9203125 0.4296875 0.921875 0.4625 0.91875 0.4671875 0.915625 0.46875 0.9125 0.4640625 0.9140625 0.4625 0.9125 0.375 0.9140625 0.375
1 0.3453125 0.465625 0.3515625 0.4734375 0.359375 0.4734375 0.3625 0.4765625 0.3765625 0.48125 0.3765625 0.4859375 0.3734375 0.4890625 0.3671875 0.4875 0.3625 0.4921875 0.3609375 0.4984375 0.35625 0.5 0.3421875 0.49375 0.3359375 0.4625 0.3390625 0.4609375 0.34375 0.465625
1 0.7421875 0.3796875 0.746875 0.3796875 0.7484375 0.3828125 0.7484375 0.3953125 0.7515625 0.4078125 0.7515625 0.440625 0.7546875 0.4453125 0.7546875 0.4640625 0.75 0.465625 0.7515625 0.45 0.7484375 0.4421875 0.7453125 0.44375 0.74375 0.4625 0.740625 0.465625 0.7359375 0.4640625 0.740625 0.45625 0.7390625 0.440625 0.7421875 0.415625 0.740625 0.4078125 0.7421875 0.38125
1 0.8625 0.415625 0.8671875 0.415625 0.86875 0.4265625 0.8765625 0.4375 0.8828125 0.4546875 0.8828125 0.4625 0.8796875 0.4578125 0.8796875 0.4515625 0.8765625 0.4484375 0.8734375 0.4546875 0.871875 0.4890625 0.875 0.5078125 0.8734375 0.5109375 0.8671875 0.5140625 0.8640625 0.5125 0.8671875 0.484375 0.8625 0.453125 0.85625 0.446875 0.8625 0.4296875 0.8625 0.4171875
1 0.5015625 0.478125 0.503125 0.5171875 0.50625 0.5234375 0.503125 0.5578125 0.5046875 0.5703125 0.509375 0.5796875 0.5046875 0.5796875 0.5 0.5859375 0.4953125 0.58125 0.496875 0.5453125 0.49375 0.5375 0.4921875 0.5234375 0.4921875 0.50625 0.496875 0.490625 0.4953125 0.4828125 0.5 0.478125
1 0.5203125 0.4875 0.525 0.4765625 0.5265625 0.4359375 0.53125 0.4328125 0.534375 0.4484375 0.5390625 0.4546875 0.5390625 0.4609375 0.534375 0.471875 0.5328125 0.4890625 0.528125 0.4984375 0.528125 0.515625 0.53125 0.525 0.5265625 0.53125 0.521875 0.5296875 0.5234375 0.5234375 0.5203125 0.50625 0.521875 0.4890625
1 0.303125 0.5875 0.3078125 0.584375 0.3078125 0.5734375 0.3125 0.5703125 0.3140625 0.584375 0.31875 0.590625 0.31875 0.6015625 0.321875 0.60625 0.321875 0.6234375 0.3203125 0.625 0.321875 0.671875 0.325 0.678125 0.325 0.6859375 0.3203125 0.6828125 0.3203125 0.6734375 0.3171875 0.6625 0.31875 0.659375 0.315625 0.65 0.3109375 0.6578125 0.3125 0.68125 0.309375 0.68125 0.309375 0.6765625 0.30625 0.6734375 0.3078125 0.6390625 0.3046875 0.6328125 0.3015625 0.6078125 0.303125 0.60625 0.3015625 0.603125 0.303125 0.5890625
1 0.59375 0.4484375 0.5984375 0.45 0.6 0.453125 0.603125 0.484375 0.6015625 0.5 0.596875 0.5125 0.6015625 0.5453125 0.5953125 0.5453125 0.5921875 0.5484375 0.5859375 0.546875 0.590625 0.5296875 0.5890625 0.5203125 0.590625 0.5109375 0.5890625 0.509375 0.5921875 0.490625 0.5875 0.4796875 0.5921875 0.4734375 0.59375 0.45
1 0.7171875 0.4015625 0.721875 0.4015625 0.725 0.4078125 0.725 0.4171875 0.728125 0.428125 0.7265625 0.434375 0.728125 0.45625 0.725 0.465625 0.725 0.4765625 0.728125 0.478125 0.728125 0.4953125 0.721875 0.4984375 0.7234375 0.484375 0.7171875 0.4734375 0.7171875 0.4484375 0.71875 0.446875 0.7171875 0.44375 0.71875 0.440625 0.7171875 0.403125
1 0.603125 0.4953125 0.609375 0.496875 0.6109375 0.5109375 0.615625 0.5234375 0.615625 0.553125 0.6171875 0.5546875 0.615625 0.575 0.61875 0.5890625 0.6171875 0.609375 0.6 0.6125 0.603125 0.6 0.6015625 0.56875 0.6046875 0.55625 0.603125 0.5546875 0.6046875 0.5484375 0.603125 0.496875