0 0.446875 0.4765625 0.00703125 0.0109375
1 0.26875 0.7109375 0.26875 0.7234375 0.2734375 0.7421875 0.2734375 0.753125 0.26875 0.7625 0.26875 0.7859375 0.271875 0.790625 0.271875 0.796875 0.2671875 0.7984375 0.2625 0.80625 0.259375 0.80625 0.2578125 0.803125 0.2609375 0.7765625 0.2546875 0.7546875 0.2546875 0.7421875 0.2578125 0.728125 0.2640625 0.7203125 0.2640625 0.7125 0.2671875 0.7109375
2 0.2796875 0.434375 0.28125 0.459375 0.278125 0.4640625 0.278125 0.471875 0.275 0.4796875 0.275 0.503125 0.2703125 0.503125 0.265625 0.5109375 0.265625 0.4984375 0.26875 0.4890625 0.26875 0.4515625 0.2734375 0.4359375 0.278125 0.434375
1 0.6640625 0.459375 0.671875 0.4640625 0.675 0.471875 0.675 0.48125 0.671875 0.4875 0.6671875 0.51875 0.66875 0.5265625 0.6671875 0.528125 0.6625 0.5265625 0.6609375 0.5171875 0.6640625 0.5109375 0.6640625 0.5046875 0.6625 0.4921875 0.659375 0.4875 0.659375 0.478125 0.6640625 0.4609375
1 0.6390625 0.5625 0.6421875 0.55 0.640625 0.51875 0.646875 0.4984375 0.65 0.5 0.65 0.50625 0.6546875 0.5140625 0.65625 0.525 0.6546875 0.5484375 0.6578125 0.5671875 0.6546875 0.56875 0.653125 0.553125 0.65 0.5484375 0.640625 0.5625
1 0.5046875 0.4171875 0.5078125 0.4234375 0.5125 0.4265625 0.515625 0.4390625 0.5046875 0.4453125 0.5015625 0.4234375 0.503125 0.41875
1 0.4421875 0.45859375 0.01953125 0.053125
1 0.55 0.5375 0.553125 0.5390625 0.553125 0.55 0.55625 0.5578125 0.55625 0.5703125 0.553125 0.575 0.5515625 0.6125 0.55 0.6140625 0.5484375 0.6078125 0.5453125 0.60625 0.540625 0.6125 0.5390625 0.6234375 0.5359375 0.621875 0.5359375 0.6140625 0.5421875 0.5984375 0.5421875 0.5765625 0.54375 0.575 0.5390625 0.559375 0.54375 0.55 0.546875 0.5484375 0.55 0.5390625
1 0.3796875 0.3046875 0.3828125 0.30625 0.384375 0.3109375 0.384375 0.3359375 0.3875 0.3453125 0.3875 0.35 0.3859375 0.35 0.375 0.3375 0.3765625 0.328125 0.3734375 0.321875 0.3734375 0.315625 0.3796875 0.30625
1 0.0703125 0.5171875 0.0734375 0.51875 0.075 0.5609375 0.08125 0.5859375 0.0859375 0.5875 0.0859375 0.5921875 0.08125 0.596875 0.078125 0.5921875 0.075 0.575 0.0671875 0.5734375 0.0640625 0.5796875 0.0640625 0.5984375 0.0578125 0.5984375 0.0640625 0.565625 0.0640625 0.5359375 0.0703125 0.51875
1 0.303125 0.6328125 0.01640625 0.090625
1 0.484375 0.4890625 0.4859375 0.5546875 0.484375 0.5625 0.4796875 0.5578125 0.475 0.5625 0.4734375 0.56875 0.4734375 0.55 0.4765625 0.5421875 0.475 0.503125 0.4796875 0.4953125 0.4796875 0.490625 0.4828125 0.4890625
1 0.8625 0.703125 0.865625 0.70625 0.8671875 0.71875 0.871875 0.728125 0.86875 0.7578125 0.865625 0.7671875 0.8625 0.80625 0.859375 0.80625 0.85625 0.790625 0.8578125 0.7609375 0.8546875 0.7453125 0.8546875 0.728125 0.859375 0.7171875 0.8609375 0.7046875
1 0.05625 0.5125 0.053125 0.4984375 0.046875 0.509375 0.05 0.51875 0.046875 0.5203125 0.0421875 0.51875 0.046875 0.496875 0.0453125 0.4578125 0.0515625 0.4375 0.05625 0.4375 0.0578125 0.45 0.05625 0.4890625 0.059375 0.503125 0.0625 0.50625 0.0625 0.5109375 0.0578125 0.5125
1 0.2671875 0.425 0.271875 0.4265625 0.271875 0.4421875 0.26875 0.45 0.26875 0.4828125 0.2640625 0.4828125 0.259375 0.4859375 0.2546875 0.484375 0.25625 0.4796875 0.2640625 0.4734375 0.2609375 0.440625 0.2671875 0.4265625
1 0.4453125 0.3609375 0.4484375 0.3625 0.45 0.3703125 0.4484375 0.39375 0.4515625 0.4109375 0.45 0.4125 0.4484375 0.4109375 0.4484375 0.40625 0.4453125 0.4015625 0.43125 0.3984375 0.43125 0.39375 0.4359375 0.39375 0.4390625 0.3890625 0.4390625 0.3734375 0.4453125 0.3625
1 0.765625 0.640625 0.7640625 0.6375 0.765625 0.596875 0.7625 0.5890625 0.7625 0.578125 0.76875 0.5671875 0.7703125 0.5578125 0.7734375 0.559375 0.775 0.56875 0.7796875 0.578125 0.7828125 0.6 0.7796875 0.6 0.7765625 0.6046875 0.7734375 0.6375 0.7671875 0.640625
1 0.4140625 0.48125 0.41875 0.4828125 0.421875 0.5078125 0.41875 0.515625 0.41875 0.528125 0.4125 0.540625 0.4125 0.5515625 0.4109375 0.5546875 0.4078125 0.5484375 0.40625 0.540625 0.4078125 0.5 0.4140625 0.4875 0.4140625 0.4828125
1 0.1546875 0.5875 0.159375 0.5875 0.159375 0.6140625 0.1609375 0.615625 0.1609375 0.6546875 0.1578125 0.6609375 0.1578125 0.6765625 0.1609375 0.6859375 0.1515625 0.684375 0.15 0.6046875 0.1546875 0.5890625
1 0.5125 0.440625 0.5171875 0.4484375 0.51875 0.4734375 0.515625 0.478125 0.5125 0.496875 0.509375 0.5015625 0.5078125 0.503125 0.5046875 0.5 0.5046875 0.4484375 0.5109375 0.4421875
1 0.3625 0.740625 0.365625 0.740625 0.365625 0.7484375 0.3734375 0.7625 0.3734375 0.7734375 0.3703125 0.7796875 0.3703125 0.80625 0.3671875 0.8125 0.365625 0.846875 0.3625 0.85 0.359375 0.8484375 0.3546875 0.7703125 0.3609375 0.753125 0.3625 0.7421875
1 0.825 0.4359375 0.8171875 0.428125 0.815625 0.421875 0.8171875 0.4109375 0.815625 0.3796875 0.8171875 0.378125 0.8265625 0.3875 0.828125 0.396875 0.8265625 0.4125 0.828125 0.4359375 0.8265625 0.4359375