0 0.296875 0.4625 0.2984375 0.4671875 0.296875 0.471875 0.2921875 0.4703125 0.2921875 0.4640625 0.2953125 0.4625
1 0.8453125 0.4140625 0.8515625 0.425 0.853125 0.4328125 0.853125 0.4484375 0.8546875 0.45 0.853125 0.4828125 0.85 0.4828125 0.85 0.475 0.8421875 0.4625 0.8421875 0.440625 0.8390625 0.434375 0.84375 0.415625
1 0.3203125 0.54375 0.328125 0.553125 0.33125 0.5921875 0.340625 0.6 0.34375 0.6 0.3484375 0.60625 0.3484375 0.6125 0.33125 0.6 0.328125 0.603125 0.3296875 0.609375 0.328125 0.6171875 0.3234375 0.6171875 0.3234375 0.6046875 0.3171875 0.59375 0.31875 0.5734375 0.3140625 0.565625 0.309375 0.5703125 0.3078125 0.56875 0.3109375 0.546875 0.309375 0.534375 0.3125 0.5328125 0.31875 0.54375
1 0.4953125 0.3734375 0.503125 0.3875 0.503125 0.409375 0.50625 0.4125 0.5109375 0.428125 0.50625 0.4234375 0.5 0.421875 0.496875 0.425 0.496875 0.4328125 0.49375 0.4359375 0.4953125 0.4296875 0.49375 0.425 0.4953125 0.4015625 0.4921875 0.390625 0.49375 0.375
1 0.6890625 0.5125 0.70625 0.525 0.7078125 0.5484375 0.7125 0.5625 0.7125 0.56875 0.7078125 0.5609375 0.703125 0.5578125 0.7 0.559375 0.6984375 0.5625 0.7015625 0.578125 0.7 0.5859375 0.6953125 0.5859375 0.696875 0.575 0.69375 0.565625 0.69375 0.5546875 0.6984375 0.546875 0.6984375 0.5421875 0.696875 0.5359375 0.69375 0.5328125 0.6890625 0.5328125 0.6859375 0.5234375 0.6875 0.5140625
1 0.490625 0.475 0.4921875 0.4765625 0.490625 0.4921875 0.4875 0.4953125 0.484375 0.4921875 0.484375 0.4875 0.4796875 0.48125 0.478125 0.4625 0.4734375 0.459375 0.471875 0.4546875 0.471875 0.4390625 0.4734375 0.4375 0.478125 0.4375 0.48125 0.440625 0.4859375 0.4515625 0.4890625 0.475
1 0.703125 0.51875 0.7078125 0.5140625 0.7125 0.5234375 0.71875 0.5265625 0.7265625 0.540625 0.7296875 0.596875 0.7203125 0.596875 0.7203125 0.5859375 0.7140625 0.5734375 0.7171875 0.546875 0.709375 0.5359375 0.7078125 0.525 0.7046875 0.5234375 0.7046875 0.5203125
1 0.7296875 0.38125 0.7328125 0.3828125 0.7390625 0.3984375 0.734375 0.428125 0.7359375 0.4515625 0.734375 0.453125 0.73125 0.4515625 0.73125 0.4375 0.728125 0.4296875 0.7265625 0.4078125 0.7234375 0.4015625 0.7296875 0.3828125
1 0.8421875 0.41875 0.8421875 0.403125 0.8453125 0.39375 0.8546875 0.4125 0.8546875 0.440625 0.8515625 0.4375 0.8515625 0.425 0.8453125 0.4171875 0.84375 0.41875
1 0.1234375 0.4328125 0.1265625 0.4328125 0.1296875 0.4390625 0.1359375 0.4421875 0.1453125 0.4546875 0.1421875 0.45625 0.1375 0.453125 0.1359375 0.4640625 0.1390625 0.48125 0.15 0.4953125 0.15 0.5 0.146875 0.5 0.1390625 0.4921875 0.134375 0.4984375 0.134375 0.490625 0.13125 0.4859375 0.1265625 0.4625 0.1171875 0.4515625 0.1234375 0.434375
2 0.459375 0.396875 0.465625 0.409375 0.4671875 0.4234375 0.4703125 0.4296875 0.4703125 0.440625 0.4609375 0.4453125 0.4640625 0.4625 0.4609375 0.4625 0.4609375 0.45625 0.45625 0.4484375 0.45625 0.428125 0.459375 0.4234375 0.459375 0.4140625 0.45625 0.4046875 0.45625 0.3984375 0.4578125 0.3984375
1 0.371875 0.4875 0.375 0.4859375 0.3765625 0.4703125 0.384375 0.453125 0.3875 0.4515625 0.390625 0.4640625 0.390625 0.475 0.3859375 0.490625 0.3734375 0.49375 0.371875 0.4890625
1 0.2859375 0.3828125 0.29375 0.39375 0.296875 0.41875 0.3 0.4234375 0.30625 0.4234375 0.3078125 0.4296875 0.303125 0.4296875 0.29375 0.425 0.290625 0.428125 0.290625 0.440625 0.2890625 0.4421875 0.2875 0.440625 0.2890625 0.425 0.284375 0.384375
1 0.90625 0.475 0.02578125 0.0859375
1 0.796875 0.425 0.8 0.425 0.803125 0.43125 0.8109375 0.4375 0.8125 0.48125 0.8203125 0.49375 0.81875 0.4984375 0.8140625 0.4984375 0.8109375 0.4953125 0.8109375 0.490625 0.803125 0.4828125 0.8046875 0.4625 0.7984375 0.45 0.796875 0.4265625
1 0.3546875 0.45625 0.3578125 0.4640625 0.365625 0.4734375 0.365625 0.5078125 0.36875 0.5125 0.375 0.515625 0.3765625 0.525 0.36875 0.51875 0.365625 0.51875 0.3640625 0.525 0.359375 0.5265625 0.35625 0.4890625 0.35 0.4765625 0.3515625 0.4578125 0.353125 0.4578125
1 0.3171875 0.4359375 0.31875 0.43125 0.3171875 0.4109375 0.3203125 0.409375 0.3234375 0.4125 0.33125 0.4140625 0.3359375 0.45 0.3453125 0.4640625 0.346875 0.46875 0.3453125 0.4734375 0.3421875 0.4734375 0.3390625 0.4625 0.33125 0.453125 0.3296875 0.4546875 0.3296875 0.4703125 0.3265625 0.471875 0.325 0.4703125 0.3265625 0.4609375 0.3234375 0.453125 0.3234375 0.4375 0.31875 0.4359375
1 0.4828125 0.3984375 0.490625 0.3984375 0.49375 0.403125 0.49375 0.4125 0.490625 0.41875 0.4859375 0.415625 0.4765625 0.415625 0.475 0.4140625 0.48125 0.409375 0.4828125 0.4
1 0.665625 0.35 0.66875 0.35 0.6703125 0.353125 0.6703125 0.3609375 0.6734375 0.36875 0.675 0.396875 0.678125 0.4046875 0.678125 0.409375 0.675 0.4125 0.6734375 0.4 0.66875 0.3984375 0.665625 0.4046875 0.665625 0.4125 0.6640625 0.4140625 0.6609375 0.4125 0.6640625 0.4015625 0.665625 0.3515625