0 0.809375 0.4265625 0.8125 0.4296875 0.8125 0.4390625 0.80625 0.4375 0.8078125 0.428125
1 0.7796875 0.3046875 0.7828125 0.30625 0.7828125 0.309375 0.7890625 0.3171875 0.7875 0.359375 0.790625 0.36875 0.790625 0.38125 0.79375 0.3890625 0.79375 0.3953125 0.790625 0.39375 0.7875 0.375 0.784375 0.371875 0.778125 0.378125 0.7765625 0.3765625 0.7796875 0.365625 0.7796875 0.353125 0.771875 0.3328125 0.771875 0.325 0.7796875 0.30625
1 0.715625 0.3703125 0.0171875 0.090625
1 0.6359375 0.459375 0.6421875 0.4609375 0.6421875 0.471875 0.6515625 0.490625 0.6515625 0.521875 0.65 0.5234375 0.6515625 0.525 0.646875 0.5421875 0.6484375 0.5890625 0.646875 0.590625 0.64375 0.5859375 0.64375 0.5609375 0.640625 0.5453125 0.6359375 0.55 0.6375 0.5515625 0.6375 0.5859375 0.6328125 0.5875 0.634375 0.575 0.6328125 0.5734375 0.6328125 0.5375 0.63125 0.5359375 0.63125 0.484375 0.6359375 0.475 0.6359375 0.4609375
1 0.56875 0.3 0.571875 0.3 0.5734375 0.30625 0.5734375 0.325 0.5765625 0.3359375 0.5765625 0.3796875 0.5796875 0.384375 0.578125 0.3859375 0.5734375 0.384375 0.5734375 0.36875 0.5703125 0.365625 0.559375 0.384375 0.559375 0.3703125 0.5640625 0.3640625 0.5640625 0.34375 0.565625 0.3421875 0.5640625 0.31875 0.56875 0.3015625
1 0.6296875 0.375 0.6328125 0.378125 0.63125 0.3875 0.6328125 0.3984375 0.63125 0.4265625 0.634375 0.4359375 0.6328125 0.4390625 0.63125 0.440625 0.628125 0.4390625 0.6265625 0.4359375 0.628125 0.428125 0.621875 0.4203125 0.621875 0.4 0.625 0.39375 0.625 0.38125 0.628125 0.3765625
1 0.7296875 0.375 0.734375 0.3703125 0.734375 0.3609375 0.73125 0.3515625 0.73125 0.3328125 0.7328125 0.3265625 0.740625 0.315625 0.740625 0.3109375 0.7453125 0.3078125 0.7515625 0.340625 0.7421875 0.35 0.740625 0.36875 0.74375 0.3953125 0.740625 0.3953125 0.7375 0.378125 0.7328125 0.3796875 0.7296875 0.390625 0.7265625 0.3921875 0.7265625 0.384375 0.7296875 0.3765625
1 0.08125 0.45 0.0859375 0.4546875 0.08125 0.484375 0.0828125 0.4984375 0.078125 0.5015625 0.0765625 0.5046875 0.078125 0.509375 0.06875 0.521875 0.0671875 0.528125 0.0640625 0.5296875 0.0671875 0.540625 0.065625 0.5546875 0.0625 0.559375 0.0640625 0.5703125 0.0578125 0.5671875 0.05625 0.5609375 0.065625 0.528125 0.0671875 0.484375 0.0765625 0.4640625 0.0796875 0.4515625
1 0.090625 0.534375 0.0890625 0.5140625 0.0921875 0.5046875 0.09375 0.471875 0.0984375 0.4453125 0.1046875 0.4296875 0.1078125 0.428125 0.1109375 0.434375 0.109375 0.4609375 0.1125 0.465625 0.1125 0.4765625 0.1078125 0.4796875 0.1078125 0.4953125 0.1125 0.5078125 0.1125 0.5203125 0.115625 0.534375 0.1203125 0.5375 0.1203125 0.540625 0.115625 0.5453125 0.1125 0.54375 0.1078125 0.5171875 0.1015625 0.50625 0.0953125 0.5125 0.0921875 0.5234375 0.090625 0.5359375 0.09375 0.546875 0.0875 0.54375 0.0875 0.5390625 0.090625 0.5359375
1 0.2515625 0.375 0.2578125 0.375 0.2578125 0.403125 0.259375 0.4078125 0.2671875 0.415625 0.2671875 0.41875 0.2625 0.415625 0.2578125 0.41875 0.25625 0.478125 0.259375 0.4859375 0.253125 0.484375 0.2453125 0.4734375 0.2453125 0.4625 0.25 0.4546875 0.25 0.44375 0.2453125 0.43125 0.2453125 0.40625 0.2515625 0.3765625
1 0.14375 0.475 0.1453125 0.4875 0.1421875 0.5109375 0.14375 0.515625 0.1515625 0.521875 0.1515625 0.525 0.14375 0.5234375 0.140625 0.53125 0.1453125 0.55 0.146875 0.5859375 0.1515625 0.590625 0.15 0.59375 0.1421875 0.5921875 0.1421875 0.5734375 0.140625 0.571875 0.134375 0.575 0.1296875 0.59375 0.125 0.5859375 0.134375 0.5609375 0.128125 0.5421875 0.1296875 0.5015625 0.1375 0.4859375 0.1375 0.4796875 0.1421875 0.475
1 0.4015625 0.359375 0.4078125 0.4015625 0.4046875 0.4015625 0.4015625 0.40625 0.4015625 0.434375 0.3984375 0.4421875 0.3984375 0.4609375 0.396875 0.4625 0.390625 0.4578125 0.3890625 0.453125 0.3890625 0.4453125 0.39375 0.4359375 0.39375 0.428125 0.3875 0.4078125 0.3875 0.4 0.390625 0.38125 0.396875 0.36875 0.396875 0.3609375 0.4 0.359375
1 0.07734375 0.565625 0.0265625 0.1390625
1 0.9203125 0.3671875 0.9296875 0.3890625 0.93125 0.396875 0.9296875 0.4375 0.934375 0.4484375 0.9390625 0.453125 0.9390625 0.4609375 0.9359375 0.4640625 0.9328125 0.4625 0.9328125 0.4578125 0.925 0.446875 0.921875 0.4375 0.921875 0.4140625 0.9171875 0.4078125 0.9171875 0.3875 0.91875 0.3859375 0.9171875 0.3703125 0.91875 0.36875
1 0.0515625 0.425 0.0578125 0.425 0.0609375 0.4421875 0.0609375 0.465625 0.0546875 0.521875 0.0546875 0.54375 0.053125 0.5453125 0.05 0.54375 0.0484375 0.5109375 0.0421875 0.4578125 0.0453125 0.4453125 0.05 0.4375 0.0515625 0.4265625
1 0.0359375 0.565625 0.028125 0.5625 0.028125 0.55625 0.025 0.553125 0.0296875 0.5296875 0.0296875 0.5171875 0.025 0.5015625 0.0234375 0.4578125 0.028125 0.4484375 0.028125 0.4390625 0.0296875 0.4375 0.0359375 0.4390625 0.0359375 0.4953125 0.0390625 0.503125 0.0390625 0.521875 0.040625 0.5234375 0.034375 0.5390625 0.034375 0.5578125 0.0390625 0.5625 0.0375 0.5640625
1 0.653125 0.28125 0.6578125 0.2828125 0.6625 0.296875 0.6609375 0.3328125 0.665625 0.35 0.6640625 0.35625 0.6578125 0.34375 0.6515625 0.3515625 0.65 0.35 0.653125 0.3265625 0.65 0.3125 0.646875 0.3078125 0.646875 0.296875 0.653125 0.2828125
1 0.2859375 0.465625 0.2921875 0.4671875 0.290625 0.4796875 0.296875 0.49375 0.2984375 0.5140625 0.2921875 0.5203125 0.290625 0.540625 0.2953125 0.5734375 0.3015625 0.578125 0.3 0.584375 0.2953125 0.5859375 0.29375 0.575 0.2859375 0.5625 0.2828125 0.565625 0.2828125 0.5703125 0.278125 0.5796875 0.2796875 0.5890625 0.278125 0.590625 0.271875 0.5890625 0.2765625 0.5734375 0.2765625 0.565625 0.28125 0.5546875 0.28125 0.5328125 0.2796875 0.53125 0.275 0.5359375 0.2734375 0.5328125 0.275 0.5140625 0.278125 0.4921875 0.284375 0.48125 0.2859375 0.4671875
2 0.621875 0.421875 0.625 0.421875 0.628125 0.4265625 0.6265625 0.4359375 0.63125 0.440625 0.634375 0.4484375 0.6234375 0.5359375 0.621875 0.5390625 0.615625 0.5359375 0.6140625 0.5390625 0.6109375 0.5390625 0.6125 0.5359375 0.6125 0.4875 0.6140625 0.4859375 0.6140625 0.4734375 0.6109375 0.4625 0.6125 0.4484375 0.621875 0.4359375 0.621875 0.4234375