0 0.3921875 0.7078125 0.3953125 0.7125 0.39375 0.71875 0.3890625 0.71875 0.3859375 0.7125 0.390625 0.7078125
1 0.7671875 0.765625 0.7703125 0.765625 0.7734375 0.78125 0.7765625 0.784375 0.7765625 0.821875 0.78125 0.828125 0.7765625 0.8375 0.778125 0.8453125 0.775 0.846875 0.771875 0.8421875 0.7671875 0.8125 0.7671875 0.7890625 0.76875 0.7875 0.7671875 0.7671875
1 0.3296875 0.43125 0.3296875 0.45625 0.328125 0.4578125 0.3296875 0.4796875 0.328125 0.48125 0.321875 0.4796875 0.3203125 0.4671875 0.321875 0.465625 0.3203125 0.4453125 0.325 0.4328125 0.328125 0.43125
1 0.30625 0.4296875 0.3109375 0.4296875 0.315625 0.4375 0.3171875 0.459375 0.3203125 0.4703125 0.3203125 0.48125 0.3171875 0.48125 0.3125 0.4734375 0.309375 0.4609375 0.3078125 0.43125
1 0.4232696759259259 0.47005208333333337 0.01565972222222216 0.06121527777777773
1 0.4265625 0.4546875 0.4328125 0.465625 0.4328125 0.48125 0.43125 0.4828125 0.4328125 0.4984375 0.4296875 0.5140625 0.425 0.5140625 0.4234375 0.5015625 0.4203125 0.496875 0.421875 0.4796875 0.41875 0.4765625 0.41875 0.4671875 0.425 0.45625
1 0.475 0.4984375 0.48125 0.5046875 0.4828125 0.5359375 0.4875 0.546875 0.4859375 0.5546875 0.4828125 0.54375 0.4796875 0.5421875 0.4765625 0.5453125 0.478125 0.55 0.475 0.55625 0.4734375 0.5546875 0.475 0.5484375 0.4734375 0.546875 0.4734375 0.525 0.475 0.5234375 0.4734375 0.5015625 0.475 0.5
1 0.278125 0.4125 0.28125 0.4125 0.2859375 0.43125 0.2859375 0.459375 0.2875 0.4609375 0.2859375 0.4703125 0.284375 0.471875 0.28125 0.4703125 0.278125 0.4375 0.275 0.43125 0.278125 0.4140625
1 0.3390625 0.425 0.3421875 0.425 0.3453125 0.43125 0.346875 0.459375 0.3515625 0.471875 0.3484375 0.4828125 0.3453125 0.4828125 0.3390625 0.471875 0.3390625 0.4625 0.3359375 0.459375 0.3359375 0.4359375 0.3390625 0.43125 0.3390625 0.4265625
1 0.3671875 0.428125 0.3765625 0.4390625 0.378125 0.478125 0.365625 0.4796875 0.3671875 0.465625 0.3640625 0.45 0.365625 0.4296875
1 0.709375 0.65625 0.7203125 0.678125 0.7203125 0.6921875 0.7234375 0.696875 0.7234375 0.703125 0.7296875 0.7109375 0.728125 0.715625 0.7234375 0.71875 0.7234375 0.725 0.71875 0.7234375 0.7140625 0.696875 0.7109375 0.6921875 0.7109375 0.665625 0.7078125 0.6625 0.7078125 0.6578125
1 0.7734375 0.671875 0.784375 0.69375 0.784375 0.6984375 0.7890625 0.7078125 0.7890625 0.715625 0.79375 0.725 0.803125 0.7328125 0.803125 0.74375 0.8 0.74375 0.7984375 0.7390625 0.7828125 0.7203125 0.78125 0.721875 0.78125 0.74375 0.778125 0.7453125 0.7765625 0.74375 0.7765625 0.7234375 0.7734375 0.7109375 0.775 0.6984375 0.771875 0.6921875 0.771875 0.6734375
1 0.303125 0.4828125 0.3 0.4796875 0.3015625 0.4640625 0.3 0.4328125 0.3015625 0.428125 0.3046875 0.4265625 0.3078125 0.43125 0.309375 0.4640625 0.3046875 0.4734375 0.3046875 0.48125
1 0.24847222222222226 0.6890277777777778 0.019432870370370336 0.07378472222222224
1 0.5140625 0.4265625 0.5171875 0.4265625 0.5203125 0.4359375 0.5203125 0.4546875 0.5234375 0.465625 0.5234375 0.484375 0.5203125 0.484375 0.5171875 0.478125 0.5109375 0.446875 0.5109375 0.4375 0.5140625 0.428125
1 0.496875 0.5015625 0.5 0.5171875 0.4984375 0.553125 0.4953125 0.553125 0.490625 0.51875 0.4875 0.5125 0.4890625 0.496875 0.4921875 0.4953125 0.4953125 0.5015625
1 0.3890625 0.4359375 0.3921875 0.4421875 0.3921875 0.4578125 0.39375 0.459375 0.390625 0.49375 0.384375 0.4890625 0.3828125 0.446875 0.3875 0.4375
1 0.3546875 0.4203125 0.3578125 0.421875 0.3625 0.43125 0.3609375 0.4671875 0.359375 0.475 0.35625 0.478125 0.3515625 0.4296875 0.3546875 0.421875
1 0.5828125 0.60625 0.5859375 0.6078125 0.5921875 0.61875 0.590625 0.6265625 0.5921875 0.6515625 0.6 0.665625 0.6 0.6703125 0.596875 0.671875 0.5859375 0.6515625 0.5859375 0.64375 0.5796875 0.6234375 0.5828125 0.6078125
2 0.3546875 0.5921875 0.359375 0.5921875 0.3640625 0.6109375 0.3609375 0.6296875 0.3625 0.640625 0.3609375 0.653125 0.3546875 0.64375 0.3484375 0.6546875 0.35 0.6421875 0.3484375 0.6390625 0.353125 0.621875 0.35 0.6171875 0.3484375 0.6078125 0.353125 0.6015625 0.3546875 0.59375