0 0.51875 0.684375 0.521875 0.6859375 0.5203125 0.6921875 0.5171875 0.690625 0.51875 0.6859375
1 0.2546875 0.7140625 0.2578125 0.7140625 0.2625 0.74375 0.265625 0.75 0.265625 0.78125 0.2671875 0.7828125 0.265625 0.7890625 0.2671875 0.7984375 0.2640625 0.8015625 0.259375 0.8015625 0.25625 0.7953125 0.2578125 0.7796875 0.25 0.746875 0.2546875 0.715625
1 0.534375 0.5171875 0.5375 0.4953125 0.5375 0.475 0.540625 0.465625 0.54375 0.4703125 0.546875 0.4859375 0.54375 0.49375 0.5453125 0.496875 0.5421875 0.5015625 0.5421875 0.5140625 0.5359375 0.5171875
1 0.471875 0.41875 0.4734375 0.421875 0.4734375 0.453125 0.471875 0.4546875 0.475 0.478125 0.471875 0.478125 0.4703125 0.46875 0.4625 0.459375 0.45625 0.4609375 0.4546875 0.459375 0.45625 0.4546875 0.4609375 0.45625 0.465625 0.4515625 0.465625 0.43125 0.4703125 0.4203125
1 0.509375 0.634375 0.5125 0.634375 0.515625 0.659375 0.5203125 0.665625 0.515625 0.675 0.5171875 0.68125 0.521875 0.6859375 0.521875 0.690625 0.5171875 0.6953125 0.515625 0.7078125 0.5125 0.70625 0.5125 0.6953125 0.509375 0.6921875 0.503125 0.6953125 0.5046875 0.6859375 0.503125 0.6515625 0.509375 0.6359375
1 0.50625 0.5179166666666667 0.01860532407407405 0.05973958333333327
1 0.14375 0.4515625 0.1484375 0.4671875 0.1484375 0.4890625 0.1453125 0.4984375 0.1390625 0.4984375 0.1328125 0.5046875 0.1328125 0.4953125 0.1390625 0.4875 0.140625 0.4796875 0.1390625 0.459375 0.1421875 0.453125
1 0.7822048611111111 0.4138020833333333 0.014351851851851815 0.050277777777777775
1 0.3703125 0.45 0.3734375 0.4640625 0.3734375 0.478125 0.3765625 0.4828125 0.3765625 0.49375 0.3734375 0.5046875 0.36875 0.5 0.3703125 0.4953125 0.36875 0.4921875 0.3609375 0.4984375 0.3578125 0.5046875 0.3546875 0.503125 0.35625 0.496875 0.3625 0.490625 0.3640625 0.4859375 0.365625 0.4609375 0.36875 0.4515625
1 0.371875 0.3453125 0.3734375 0.3671875 0.3703125 0.371875 0.3703125 0.39375 0.36875 0.3953125 0.365625 0.3921875 0.365625 0.3859375 0.359375 0.3796875 0.3640625 0.375 0.3625 0.36875 0.3640625 0.35625 0.3671875 0.346875 0.3703125 0.3453125
1 0.103125 0.409375 0.1046875 0.41875 0.103125 0.4453125 0.0921875 0.459375 0.090625 0.453125 0.0953125 0.44375 0.0953125 0.41875 0.0984375 0.4109375 0.1015625 0.409375
1 0.01875 0.4390625 0.0203125 0.4390625 0.0203125 0.44375 0.015625 0.4546875 0.015625 0.471875 0.0203125 0.48125 0.01875 0.5046875 0.0140625 0.503125 0.015625 0.490625 0.0125 0.4859375 0.00625 0.490625 0 0.5 0 0.4921875 0.0078125 0.48125 0.00625 0.4609375 0.009375 0.4515625 0.01875 0.440625
1 0.5953125 0.5640625 0.6015625 0.5765625 0.6 0.584375 0.6015625 0.6203125 0.6 0.6234375 0.5984375 0.6234375 0.5953125 0.6109375 0.5953125 0.603125 0.584375 0.5875 0.5875 0.575 0.59375 0.565625
1 0.371875 0.596875 0.3765625 0.596875 0.375 0.6265625 0.378125 0.634375 0.3796875 0.6625 0.3765625 0.665625 0.3734375 0.6625 0.375 0.646875 0.3703125 0.6421875 0.365625 0.64375 0.3515625 0.659375 0.35625 0.6453125 0.3609375 0.6421875 0.3640625 0.6359375 0.3640625 0.6203125 0.371875 0.5984375
2 0.21875 0.484375 0.2234375 0.4890625 0.221875 0.4921875 0.2234375 0.5328125 0.2203125 0.5453125 0.2171875 0.534375 0.2109375 0.53125 0.2140625 0.525 0.2140625 0.49375 0.21875 0.4890625 0.21875 0.4859375