1 0.7484375 0.528125 0.7484375 0.5328125 0.74375 0.5296875 0.7359375 0.5328125 0.7390625 0.55 0.734375 0.5484375 0.7296875 0.534375 0.7296875 0.5265625 0.7265625 0.521875 0.721875 0.49375 0.7234375 0.4875 0.721875 0.471875 0.7234375 0.4703125 0.734375 0.4796875 0.7390625 0.4875 0.7375 0.4953125 0.7421875 0.50625 0.740625 0.5203125 0.746875 0.528125
1 0.21875 0.45 0.2234375 0.4671875 0.221875 0.4734375 0.2234375 0.4859375 0.23125 0.509375 0.228125 0.5140625 0.221875 0.5078125 0.2140625 0.4921875 0.209375 0.475 0.2109375 0.4640625 0.2140625 0.459375 0.2140625 0.4515625 0.2171875 0.45
1 0.628125 0.5875 0.6296875 0.6 0.634375 0.603125 0.6375 0.6109375 0.628125 0.7 0.6234375 0.7015625 0.6234375 0.6859375 0.625 0.684375 0.6234375 0.6578125 0.6203125 0.6515625 0.615625 0.65 0.61875 0.609375 0.625 0.6 0.6265625 0.5890625
1 0.446875 0.415625 0.4515625 0.4171875 0.45 0.425 0.453125 0.44375 0.4515625 0.49375 0.446875 0.4921875 0.446875 0.46875 0.44375 0.4625 0.4453125 0.45625 0.4421875 0.4453125 0.4421875 0.43125 0.446875 0.4171875
1 0.6015625 0.5296875 0.6046875 0.540625 0.6109375 0.5453125 0.6140625 0.5546875 0.6125 0.5953125 0.6171875 0.60625 0.6171875 0.609375 0.6140625 0.6109375 0.6125 0.6046875 0.609375 0.6015625 0.6078125 0.603125 0.60625 0.6234375 0.6046875 0.625 0.603125 0.621875 0.6046875 0.615625 0.6015625 0.60625 0.5984375 0.58125 0.6 0.578125 0.5953125 0.56875 0.5953125 0.553125 0.5984375 0.5453125 0.596875 0.5375 0.6 0.53125
1 0.128125 0.4875 0.13125 0.4859375 0.134375 0.4875 0.1328125 0.5609375 0.1296875 0.578125 0.1234375 0.578125 0.121875 0.575 0.1234375 0.5609375 0.121875 0.503125 0.128125 0.4890625
1 0.7734375 0.471875 0.7828125 0.48125 0.7765625 0.4828125 0.7734375 0.4875 0.771875 0.5078125 0.7625 0.5375 0.759375 0.5359375 0.7625 0.4890625 0.759375 0.4859375 0.7515625 0.4875 0.7515625 0.484375 0.7546875 0.484375 0.759375 0.478125 0.7578125 0.4703125 0.759375 0.459375 0.771875 0.471875
1 0.39375 0.353125 0.39375 0.359375 0.3984375 0.36875 0.3984375 0.3796875 0.3953125 0.3890625 0.396875 0.4203125 0.390625 0.421875 0.3921875 0.4203125 0.390625 0.409375 0.3859375 0.390625 0.3859375 0.36875 0.3890625 0.3546875 0.3921875 0.3546875
1 0.1515625 0.603125 0.153125 0.6015625 0.1515625 0.58125 0.14375 0.5546875 0.14375 0.5453125 0.1546875 0.5234375 0.1578125 0.5265625 0.1640625 0.54375 0.1609375 0.5671875 0.1671875 0.6015625 0.165625 0.60625 0.1640625 0.6046875 0.1625 0.590625 0.15625 0.584375 0.1546875 0.5859375 0.15625 0.6015625 0.153125 0.603125
1 0.625 0.575 0.6203125 0.5625 0.621875 0.4953125 0.625 0.49375 0.6265625 0.5015625 0.6328125 0.509375 0.634375 0.5484375 0.6390625 0.55625 0.6421875 0.56875 0.640625 0.578125 0.6390625 0.56875 0.628125 0.5484375 0.6234375 0.553125 0.6265625 0.5734375
1 0.4828125 0.5890625 0.484375 0.596875 0.49375 0.6125 0.49375 0.621875 0.490625 0.628125 0.4921875 0.65 0.49375 0.659375 0.5015625 0.6734375 0.5015625 0.6828125 0.4984375 0.6828125 0.4984375 0.678125 0.4953125 0.675 0.490625 0.6765625 0.4921875 0.6875 0.4890625 0.6890625 0.4859375 0.6859375 0.4859375 0.6765625 0.4828125 0.671875 0.4828125 0.6625 0.4796875 0.65625 0.4796875 0.6359375 0.475 0.625 0.4765625 0.5953125 0.478125 0.590625 0.48125 0.5890625