0 0.29375 0.4453125 0.296875 0.4484375 0.296875 0.453125 0.2953125 0.4546875 0.2921875 0.4515625 0.2921875 0.446875
1 0.5921875 0.484375 0.596875 0.4921875 0.60625 0.5 0.615625 0.490625 0.621875 0.4875 0.61875 0.5 0.615625 0.5015625 0.6140625 0.50625 0.60625 0.55 0.6 0.5625 0.59375 0.565625 0.5921875 0.5546875 0.5953125 0.55 0.5984375 0.5296875 0.6015625 0.5234375 0.6015625 0.50625 0.5953125 0.4984375 0.590625 0.4859375
1 0.79375 0.403125 0.7984375 0.4203125 0.796875 0.459375 0.7921875 0.459375 0.7859375 0.4484375 0.7875 0.4328125 0.784375 0.4265625 0.784375 0.4203125 0.7859375 0.4109375 0.7890625 0.4046875 0.7921875 0.403125
1 0.7921875 0.375 0.7953125 0.3765625 0.796875 0.384375 0.7984375 0.415625 0.803125 0.4203125 0.803125 0.425 0.7984375 0.4234375 0.796875 0.4109375 0.790625 0.403125 0.790625 0.378125 0.7921875 0.3765625
1 0.3203125 0.578125 0.3234375 0.578125 0.3265625 0.5875 0.33125 0.6265625 0.3328125 0.628125 0.3453125 0.6265625 0.3484375 0.63125 0.346875 0.634375 0.3390625 0.6328125 0.334375 0.6359375 0.33125 0.6359375 0.3265625 0.63125 0.3234375 0.634375 0.321875 0.6515625 0.3203125 0.653125 0.315625 0.6515625 0.31875 0.6453125 0.3203125 0.6328125 0.31875 0.6234375 0.31875 0.5953125 0.3203125 0.59375 0.31875 0.58125 0.3203125 0.5796875
1 0.8515625 0.4625 0.853125 0.465625 0.846875 0.50625 0.846875 0.54375 0.8453125 0.5484375 0.8390625 0.5421875 0.8375 0.546875 0.83125 0.5484375 0.834375 0.534375 0.834375 0.5171875 0.8390625 0.503125 0.8390625 0.4859375 0.8328125 0.471875 0.8421875 0.478125 0.8484375 0.471875 0.8515625 0.4640625
1 0.7671875 0.31875 0.78125 0.3265625 0.7796875 0.3453125 0.7765625 0.3546875 0.778125 0.3671875 0.7765625 0.3765625 0.7703125 0.3625 0.7734375 0.340625 0.7671875 0.3203125
1 0.503125 0.409375 0.5078125 0.4109375 0.5078125 0.41875 0.51875 0.434375 0.51875 0.4375 0.5125 0.4421875 0.509375 0.45625 0.4984375 0.453125 0.4984375 0.4234375 0.503125 0.4109375
1 0.48125 0.4390625 0.48125 0.4515625 0.475 0.4640625 0.446875 0.45625 0.4515625 0.45 0.453125 0.440625 0.45625 0.4390625 0.4640625 0.4453125 0.4734375 0.446875 0.4796875 0.440625
1 0.70625 0.45625 0.7109375 0.45625 0.715625 0.475 0.7140625 0.5015625 0.7234375 0.5109375 0.7234375 0.5140625 0.7203125 0.515625 0.7109375 0.50625 0.7078125 0.509375 0.7046875 0.525 0.7 0.5265625 0.70625 0.503125 0.70625 0.4765625 0.7046875 0.475 0.70625 0.4578125
1 0.55625 0.2765625 0.559375 0.278125 0.5625 0.296875 0.5625 0.325 0.559375 0.3265625 0.5578125 0.3234375 0.5546875 0.3109375 0.55625 0.278125
1 0.10625 0.3859375 0.115625 0.3921875 0.1140625 0.41875 0.1046875 0.41875 0.1015625 0.421875 0.096875 0.4203125 0.0984375 0.39375 0.1046875 0.3875
2 0.7703125 0.3671875 0.7734375 0.3765625 0.7734375 0.3953125 0.7703125 0.40625 0.7671875 0.409375 0.765625 0.4203125 0.7625 0.4109375 0.7640625 0.3734375 0.765625 0.36875 0.76875 0.3671875