0 0.5421875 0.3453125 0.5453125 0.35 0.54375 0.3546875 0.540625 0.3546875 0.5390625 0.3515625 0.540625 0.346875
1 0.3171875 0.409375 0.3203125 0.409375 0.3203125 0.4265625 0.3234375 0.440625 0.328125 0.45 0.328125 0.45625 0.321875 0.4578125 0.3234375 0.4875 0.3265625 0.49375 0.3203125 0.4953125 0.31875 0.4703125 0.315625 0.465625 0.3109375 0.46875 0.3078125 0.4875 0.3046875 0.490625 0.3078125 0.459375 0.3109375 0.4484375 0.3109375 0.425 0.3171875 0.4109375
1 0.571875 0.30625 0.575 0.30625 0.5796875 0.3234375 0.575 0.3515625 0.58125 0.3625 0.5765625 0.3640625 0.575 0.359375 0.5703125 0.35625 0.565625 0.3703125 0.5625 0.3703125 0.5640625 0.35 0.5671875 0.3453125 0.5671875 0.3171875 0.571875 0.3078125
1 0.521875 0.2828125 0.525 0.284375 0.528125 0.29375 0.5359375 0.3015625 0.5359375 0.3296875 0.5328125 0.3390625 0.5296875 0.3421875 0.525 0.340625 0.528125 0.3125 0.521875 0.284375
1 0.3875 0.540625 0.390625 0.5421875 0.390625 0.5515625 0.4015625 0.5734375 0.4015625 0.5765625 0.3953125 0.584375 0.4 0.6359375 0.396875 0.6375 0.3953125 0.6359375 0.39375 0.6125 0.3875 0.603125 0.3828125 0.6078125 0.38125 0.6328125 0.3796875 0.6359375 0.3765625 0.6359375 0.378125 0.6 0.38125 0.5890625 0.378125 0.565625 0.3859375 0.55 0.3875 0.5421875
1 0.53125 0.38125 0.01953125 0.08203125
1 0.7671875 0.5 0.7703125 0.5 0.771875 0.509375 0.778125 0.51875 0.778125 0.53125 0.7734375 0.5453125 0.7734375 0.565625 0.7796875 0.575 0.778125 0.584375 0.775 0.58125 0.775 0.5765625 0.76875 0.571875 0.765625 0.575 0.765625 0.5828125 0.7625 0.584375 0.7609375 0.5828125 0.7609375 0.575 0.7640625 0.5703125 0.7640625 0.534375 0.759375 0.53125 0.759375 0.525 0.765625 0.5125 0.7671875 0.5015625
1 0.9203125 0.3296875 0.9234375 0.3296875 0.928125 0.35 0.9234375 0.3703125 0.9265625 0.3953125 0.9234375 0.3984375 0.9203125 0.3890625 0.915625 0.384375 0.9140625 0.3515625 0.9203125 0.33125
1 0.5984375 0.3390625 0.6015625 0.3390625 0.6046875 0.3625 0.596875 0.384375 0.5953125 0.4015625 0.5921875 0.403125 0.59375 0.3890625 0.590625 0.3828125 0.58125 0.390625 0.5796875 0.3890625 0.58125 0.3828125 0.59375 0.3640625 0.5984375 0.340625
1 0.2234375 0.5859375 0.225 0.5609375 0.221875 0.55 0.221875 0.528125 0.2171875 0.5203125 0.2171875 0.509375 0.2265625 0.4890625 0.2296875 0.490625 0.2296875 0.4984375 0.234375 0.5078125 0.2359375 0.5234375 0.2328125 0.525 0.2296875 0.5484375 0.2328125 0.5890625 0.2296875 0.590625 0.225 0.5859375
1 0.4109375 0.41875 0.4140625 0.41875 0.4140625 0.4296875 0.4171875 0.4359375 0.421875 0.4421875 0.425 0.4421875 0.425 0.446875 0.4171875 0.4484375 0.4140625 0.453125 0.4125 0.4765625 0.4109375 0.478125 0.4078125 0.475 0.4046875 0.478125 0.403125 0.475 0.403125 0.45625 0.4046875 0.4546875 0.403125 0.440625 0.4109375 0.4203125
1 0.2265625 0.5953125 0.2265625 0.6078125 0.2328125 0.6171875 0.2328125 0.634375 0.2296875 0.64375 0.2296875 0.6609375 0.228125 0.6625 0.2296875 0.6875 0.225 0.6890625 0.2234375 0.6953125 0.2203125 0.69375 0.2171875 0.6375 0.2140625 0.63125 0.2140625 0.6234375 0.215625 0.615625 0.2203125 0.6109375 0.2203125 0.6 0.225 0.5953125
1 0.4046875 0.4765625 0.4078125 0.4765625 0.4109375 0.48125 0.415625 0.4984375 0.4140625 0.5234375 0.409375 0.5359375 0.4140625 0.5421875 0.4140625 0.55 0.4125 0.5609375 0.4109375 0.5625 0.409375 0.5609375 0.4078125 0.55 0.4015625 0.540625 0.4015625 0.5203125 0.403125 0.51875 0.4 0.5109375 0.4046875 0.478125
1 0.984375 0.3953125 0.9875 0.3953125 0.9953125 0.4140625 0.990625 0.4265625 0.990625 0.453125 0.9984375 0.4609375 0.9984375 0.4671875 0.9859375 0.4609375 0.9828125 0.4640625 0.98125 0.4765625 0.9796875 0.4796875 0.9765625 0.4796875 0.98125 0.44375 0.9796875 0.425 0.9828125 0.421875 0.984375 0.396875
1 0.9359375 0.553125 0.934375 0.546875 0.9421875 0.534375 0.94375 0.521875 0.9484375 0.5125 0.946875 0.5015625 0.95 0.5 0.953125 0.503125 0.953125 0.5109375 0.9578125 0.5203125 0.95625 0.5484375 0.953125 0.559375 0.953125 0.5828125 0.95625 0.5921875 0.95625 0.603125 0.9515625 0.60625 0.95 0.6015625 0.94375 0.5984375 0.9453125 0.59375 0.94375 0.5484375 0.9421875 0.546875 0.9375 0.5515625
1 0.053125 0.46015625 0.01796875 0.09296875
2 0.578125 0.546875 0.58125 0.546875 0.5828125 0.55 0.5828125 0.5546875 0.5890625 0.5640625 0.590625 0.575 0.578125 0.6140625 0.5796875 0.6453125 0.578125 0.6484375 0.575 0.6484375 0.5734375 0.5875 0.56875 0.5828125 0.5671875 0.575 0.5703125 0.5640625 0.5765625 0.55625 0.578125 0.5484375