1 0.5953125 0.4421875 0.603125 0.4578125 0.603125 0.4671875 0.6 0.471875 0.6 0.51875 0.5953125 0.5203125 0.5921875 0.515625 0.590625 0.4515625 0.59375 0.44375
1 0.5640625 0.4625 0.5703125 0.4859375 0.5671875 0.5 0.5703125 0.51875 0.5703125 0.5359375 0.5640625 0.5515625 0.5609375 0.55 0.5578125 0.5 0.55625 0.4984375 0.5578125 0.465625 0.5625 0.4625
1 0.5578125 0.4609375 0.5578125 0.4546875 0.5640625 0.4359375 0.5625 0.4203125 0.5671875 0.4171875 0.5734375 0.4234375 0.5734375 0.440625 0.5703125 0.45 0.5703125 0.4859375 0.565625 0.465625 0.559375 0.4609375
1 0.5390625 0.428125 0.5421875 0.4296875 0.5390625 0.4734375 0.54375 0.4984375 0.5421875 0.5 0.5359375 0.4984375 0.534375 0.503125 0.5328125 0.5046875 0.53125 0.503125 0.53125 0.48125 0.5296875 0.4796875 0.53125 0.4390625 0.5390625 0.4296875
1 0.590625 0.515625 0.5953125 0.525 0.6046875 0.528125 0.6125 0.525 0.61875 0.5375 0.615625 0.5421875 0.5953125 0.5390625 0.5921875 0.5484375 0.5765625 0.546875 0.571875 0.5390625 0.571875 0.525 0.5890625 0.515625
1 0.390625 0.4328125 0.3921875 0.434375 0.3921875 0.4640625 0.3953125 0.4796875 0.390625 0.5015625 0.3875 0.503125 0.3828125 0.5015625 0.3859375 0.490625 0.384375 0.4765625 0.3859375 0.4375 0.390625 0.434375
1 0.4875 0.4125 0.4921875 0.4125 0.4953125 0.425 0.4953125 0.44375 0.49375 0.4453125 0.4953125 0.475 0.4875 0.465625 0.484375 0.4734375 0.48125 0.475 0.484375 0.4265625 0.4875 0.421875 0.4875 0.4140625
1 0.396875 0.4671875 0.01015625 0.0765625
1 0.609375 0.48046875 0.01328125 0.08046875
1 0.52421875 0.4703125 0.0140625 0.065625
2 0.2328125 0.5234375 0.01015625 0.0859375
1 0.5484375 0.4625 0.01953125 0.06640625
1 0.484375 0.4015625 0.4890625 0.415625 0.484375 0.425 0.4828125 0.446875 0.475 0.4546875 0.4703125 0.471875 0.46875 0.471875 0.46875 0.4671875 0.4765625 0.4328125 0.4765625 0.4171875 0.4828125 0.403125
1 0.409375 0.3953125 0.41875 0.396875 0.41875 0.4 0.4125 0.4078125 0.4140625 0.44375 0.4109375 0.4421875 0.4078125 0.4359375 0.4015625 0.4421875 0.4015625 0.4234375 0.403125 0.421875 0.4015625 0.4125 0.409375 0.396875
1 0.5203125 0.4125 0.521875 0.4140625 0.5203125 0.4375 0.5171875 0.4421875 0.51875 0.4515625 0.515625 0.459375 0.515625 0.4671875 0.5125 0.4671875 0.5109375 0.459375 0.509375 0.41875 0.5125 0.4125 0.515625 0.4109375 0.51875 0.4125
1 0.525 0.4125 0.5296875 0.4140625 0.5328125 0.421875 0.5328125 0.4359375 0.5296875 0.4390625 0.521875 0.4375 0.521875 0.4203125 0.525 0.4140625