0 0.7328125 0.840625 0.7359375 0.8484375 0.734375 0.8546875 0.73125 0.85625 0.728125 0.8546875 0.7265625 0.85 0.728125 0.8421875 0.73125 0.840625
1 0.55625 0.303125 0.559375 0.3046875 0.5640625 0.3140625 0.565625 0.3234375 0.5625 0.334375 0.559375 0.3375 0.5578125 0.35625 0.553125 0.3578125 0.553125 0.3421875 0.5546875 0.340625 0.553125 0.3125 0.55625 0.3046875
1 0.5046875 0.284375 0.509375 0.2921875 0.5109375 0.321875 0.5015625 0.328125 0.5 0.325 0.5 0.2921875 0.503125 0.2859375
1 0.5671875 0.3265625 0.5734375 0.3375 0.571875 0.353125 0.5734375 0.3875 0.5703125 0.3828125 0.5703125 0.375 0.5671875 0.371875 0.5640625 0.375 0.5625 0.3859375 0.5609375 0.3859375 0.5609375 0.359375 0.5578125 0.3546875 0.5578125 0.3484375 0.559375 0.3375 0.565625 0.328125
1 0.459375 0.309375 0.465625 0.3125 0.4625 0.3640625 0.45625 0.3546875 0.4484375 0.3515625 0.4515625 0.34375 0.4515625 0.3234375 0.45625 0.3125 0.459375 0.3109375
1 0.546875 0.3609375 0.5515625 0.3734375 0.5515625 0.3921875 0.55 0.39375 0.5515625 0.4203125 0.55 0.421875 0.546875 0.40625 0.5421875 0.4125 0.5421875 0.41875 0.540625 0.4203125 0.5375 0.41875 0.5421875 0.39375 0.540625 0.36875 0.5421875 0.3625 0.5453125 0.3609375
1 0.515625 0.35625 0.5203125 0.3578125 0.525 0.3703125 0.521875 0.38125 0.521875 0.3984375 0.51875 0.4015625 0.5171875 0.4125 0.515625 0.415625 0.5140625 0.4140625 0.5140625 0.38125 0.5125 0.378125 0.515625 0.3578125
1 0.546875 0.3046875 0.55 0.3078125 0.553125 0.3203125 0.55 0.35625 0.546875 0.3625 0.5390625 0.3640625 0.5421875 0.315625 0.546875 0.30625
1 0.384375 0.28125 0.3859375 0.2953125 0.3796875 0.321875 0.3703125 0.328125 0.36875 0.334375 0.365625 0.3359375 0.365625 0.3296875 0.3734375 0.3203125 0.375 0.3140625 0.375 0.303125 0.3703125 0.3 0.3765625 0.2953125 0.3828125 0.2828125
1 0.3828125 0.3078125 0.3875 0.309375 0.3875 0.346875 0.3796875 0.3609375 0.3765625 0.3609375 0.3765625 0.35 0.3796875 0.34375 0.378125 0.3171875 0.3828125 0.309375
1 0.4046875 0.2875 0.4109375 0.2984375 0.4125 0.309375 0.409375 0.3265625 0.4109375 0.34375 0.409375 0.346875 0.4015625 0.3484375 0.4046875 0.3296875 0.403125 0.321875 0.4046875 0.2890625
1 0.1921875 0.484375 0.196875 0.4859375 0.1984375 0.5015625 0.196875 0.5484375 0.1953125 0.55 0.196875 0.565625 0.1921875 0.565625 0.1890625 0.5328125 0.184375 0.521875 0.1859375 0.5 0.1921875 0.4859375
1 0.2171875 0.278125 0.2203125 0.278125 0.2234375 0.2921875 0.2203125 0.3390625 0.21875 0.340625 0.215625 0.3390625 0.2125 0.296875 0.2171875 0.2796875
1 0.428125 0.3 0.4328125 0.3015625 0.434375 0.3078125 0.4328125 0.334375 0.428125 0.34375 0.425 0.3359375 0.4265625 0.303125 0.428125 0.3015625
1 0.5046875 0.325 0.509375 0.3234375 0.5125 0.3265625 0.5171875 0.3421875 0.515625 0.3640625 0.5140625 0.3671875 0.509375 0.3640625 0.50625 0.365625 0.5046875 0.38125 0.5015625 0.3859375 0.5015625 0.365625 0.503125 0.3640625 0.5015625 0.3328125 0.5046875 0.3265625
1 0.7828125 0.778125 0.7921875 0.7921875 0.8 0.825 0.8 0.834375 0.8109375 0.840625 0.815625 0.846875 0.8140625 0.8515625 0.796875 0.8421875 0.7953125 0.84375 0.79375 0.85 0.7984375 0.8625 0.796875 0.871875 0.79375 0.8703125 0.79375 0.8640625 0.7875 0.8484375 0.7859375 0.8078125 0.7828125 0.8015625 0.78125 0.7875 0.7765625 0.7828125 0.7765625 0.778125 0.778125 0.7765625 0.78125 0.778125
1 0.3890625 0.3078125 0.3953125 0.3125 0.3953125 0.334375 0.39375 0.340625 0.3890625 0.34375 0.3875 0.340625 0.3875 0.325 0.3890625 0.3234375 0.3875 0.3109375 0.3890625 0.309375
1 0.425 0.303125 0.4265625 0.30625 0.425 0.3078125 0.4234375 0.346875 0.4140625 0.35625 0.4125 0.3625 0.4109375 0.3625 0.409375 0.3546875 0.4109375 0.346875 0.415625 0.340625 0.4171875 0.315625 0.4234375 0.3046875
1 0.4796875 0.359375 0.48125 0.35 0.4796875 0.3015625 0.48125 0.3 0.484375 0.3015625 0.4890625 0.3171875 0.4875 0.325 0.4890625 0.3609375 0.4875 0.3625 0.484375 0.3578125 0.48125 0.359375
1 0.428125 0.4609375 0.4359375 0.4828125 0.434375 0.528125 0.4328125 0.5296875 0.43125 0.5171875 0.428125 0.5125 0.425 0.515625 0.421875 0.528125 0.4203125 0.475 0.4265625 0.4625
2 0.2234375 0.3453125 0.2265625 0.36875 0.2265625 0.3734375 0.2234375 0.378125 0.2234375 0.4140625 0.2171875 0.4125 0.2171875 0.359375 0.221875 0.346875