0 0.39375 0.54375 0.396875 0.55 0.39375 0.553125 0.3921875 0.5453125
1 0.371875 0.65 0.3765625 0.65 0.3765625 0.65625 0.384375 0.66875 0.3828125 0.7046875 0.3859375 0.7171875 0.384375 0.73125 0.3765625 0.721875 0.371875 0.6921875 0.36875 0.6859375 0.36875 0.6671875 0.371875 0.6609375 0.371875 0.6515625
1 0.39375 0.5046875 0.409375 0.50625 0.4125 0.5140625 0.4125 0.534375 0.4171875 0.5453125 0.415625 0.5609375 0.4109375 0.5578125 0.4046875 0.5484375 0.4046875 0.525 0.403125 0.5203125 0.396875 0.5140625 0.39375 0.5140625 0.3921875 0.5109375 0.39375 0.50625
1 0.6265625 0.5515625 0.625 0.5390625 0.6203125 0.534375 0.61875 0.5265625 0.61875 0.48125 0.621875 0.4796875 0.628125 0.496875 0.628125 0.5265625 0.63125 0.5359375 0.628125 0.55
1 0.7546875 0.3859375 0.7578125 0.3890625 0.7609375 0.4015625 0.7609375 0.4265625 0.765625 0.4359375 0.765625 0.446875 0.7609375 0.440625 0.7546875 0.446875 0.7546875 0.440625 0.7515625 0.4359375 0.75 0.40625 0.753125 0.396875 0.753125 0.3875
1 0.5046875 0.434375 0.5078125 0.4375 0.5109375 0.45 0.509375 0.4875 0.5171875 0.49375 0.5171875 0.5015625 0.515625 0.503125 0.5109375 0.5015625 0.503125 0.4890625 0.503125 0.4625 0.5 0.4609375 0.503125 0.4359375
1 0.55625 0.759375 0.559375 0.7625 0.559375 0.771875 0.5640625 0.7765625 0.5671875 0.7859375 0.565625 0.8234375 0.5703125 0.8390625 0.5703125 0.8484375 0.5734375 0.853125 0.5734375 0.8625 0.5703125 0.8640625 0.56875 0.85 0.5609375 0.83125 0.5578125 0.8328125 0.55625 0.859375 0.553125 0.8609375 0.55 0.85625 0.55 0.8515625 0.553125 0.846875 0.5515625 0.78125 0.5546875 0.7609375
1 0.51875 0.5671875 0.521875 0.5671875 0.5234375 0.5765625 0.5296875 0.5890625 0.528125 0.6453125 0.5265625 0.646875 0.525 0.6453125 0.525 0.6375 0.51875 0.628125 0.5171875 0.6109375 0.5140625 0.6015625 0.5140625 0.5875 0.51875 0.575 0.51875 0.56875
1 0.5328125 0.546875 0.5359375 0.5484375 0.5421875 0.56875 0.540625 0.603125 0.54375 0.6109375 0.5421875 0.615625 0.53125 0.5984375 0.5296875 0.5609375 0.5328125 0.5484375
1 0.415625 0.496875 0.425 0.509375 0.4265625 0.515625 0.421875 0.5375 0.4234375 0.56875 0.421875 0.5703125 0.4203125 0.56875 0.4171875 0.5578125 0.4171875 0.5453125 0.4125 0.534375 0.4125 0.515625 0.409375 0.50625 0.4140625 0.4984375
1 0.7859375 0.875 0.790625 0.871875 0.790625 0.85625 0.79375 0.8546875 0.796875 0.8578125 0.796875 0.86875 0.8046875 0.88125 0.80625 0.8953125 0.809375 0.903125 0.809375 0.91875 0.803125 0.915625 0.8015625 0.9171875 0.8015625 0.934375 0.8 0.9359375 0.8015625 0.9765625 0.7984375 0.978125 0.7953125 0.971875 0.790625 0.946875 0.7875 0.9109375 0.78125 0.896875 0.7859375 0.8765625
1 0.278125 0.4078125 0.28125 0.4078125 0.284375 0.4140625 0.2890625 0.43125 0.2890625 0.4375 0.284375 0.434375 0.2828125 0.4296875 0.28125 0.43125 0.2796875 0.4546875 0.2765625 0.4546875 0.271875 0.4609375 0.2703125 0.4578125 0.271875 0.4390625 0.2703125 0.43125 0.265625 0.428125 0.271875 0.4125 0.278125 0.409375
1 0.95 0.7625 0.01953125 0.10546875
1 0.3078125 0.575 0.3171875 0.5953125 0.3140625 0.6640625 0.3109375 0.65 0.3109375 0.6375 0.3015625 0.60625 0.30625 0.5765625
1 0.575 0.5125 0.5796875 0.5125 0.58125 0.521875 0.5859375 0.528125 0.584375 0.5546875 0.5890625 0.5671875 0.5875 0.5703125 0.584375 0.56875 0.58125 0.571875 0.5828125 0.5859375 0.578125 0.5859375 0.575 0.55 0.571875 0.546875 0.5734375 0.5265625 0.5765625 0.51875 0.575 0.5140625
1 0.8453125 0.69375 0.85 0.6953125 0.8515625 0.70625 0.85625 0.715625 0.85625 0.73125 0.8546875 0.7328125 0.85625 0.7953125 0.8546875 0.796875 0.853125 0.7953125 0.8515625 0.771875 0.8484375 0.7640625 0.8453125 0.7828125 0.846875 0.7859375 0.8453125 0.790625 0.8421875 0.7921875 0.840625 0.790625 0.8421875 0.78125 0.840625 0.725 0.8453125 0.7078125 0.84375 0.7 0.8453125 0.6953125
2 0.709375 0.56875 0.715625 0.575 0.7234375 0.590625 0.7234375 0.596875 0.71875 0.6015625 0.7171875 0.6234375 0.7203125 0.6328125 0.728125 0.640625 0.728125 0.65 0.7125 0.634375 0.709375 0.6375 0.70625 0.6546875 0.703125 0.653125 0.709375 0.6203125 0.709375 0.609375 0.70625 0.60625 0.70625 0.5859375 0.709375 0.578125 0.709375 0.5703125