1 0.7046875 0.5546875 0.703125 0.5578125 0.7078125 0.5671875 0.7078125 0.58125 0.7046875 0.5859375 0.703125 0.60625 0.7 0.609375 0.7 0.6203125 0.696875 0.6296875 0.6953125 0.628125 0.696875 0.5828125 0.7 0.55625 0.703125 0.5546875
1 0.5734375 0.5765625 0.5765625 0.578125 0.5796875 0.5890625 0.5796875 0.603125 0.5765625 0.6109375 0.578125 0.6359375 0.5765625 0.6390625 0.571875 0.6390625 0.5703125 0.6359375 0.5671875 0.6453125 0.565625 0.646875 0.5640625 0.6453125 0.565625 0.61875 0.56875 0.609375 0.56875 0.590625 0.5734375 0.578125
1 0.5890625 0.4328125 0.5921875 0.4359375 0.596875 0.4515625 0.5890625 0.4609375 0.5859375 0.4828125 0.5828125 0.4828125 0.58125 0.4796875 0.5828125 0.4703125 0.5796875 0.4578125 0.58125 0.446875 0.5890625 0.434375
1 0.575 0.4515625 0.5796875 0.453125 0.58125 0.4609375 0.58125 0.478125 0.578125 0.4828125 0.578125 0.5046875 0.575 0.509375 0.5703125 0.5046875 0.56875 0.50625 0.565625 0.5046875 0.56875 0.465625 0.5734375 0.453125
1 0.5249537037037036 0.5198842592592593 0.021348379629629564 0.05729745370370374
1 0.5140625 0.4796875 0.5171875 0.45625 0.5265625 0.4546875 0.528125 0.45625 0.5265625 0.4796875 0.5171875 0.4875 0.515625 0.48125
1 0.5515625 0.465625 0.55625 0.465625 0.5625 0.4765625 0.559375 0.490625 0.559375 0.5015625 0.5625 0.5046875 0.5609375 0.5078125 0.5546875 0.5078125 0.546875 0.51875 0.5453125 0.50625 0.5484375 0.4953125 0.5484375 0.4703125 0.5515625 0.4671875
1 0.678125 0.54375 0.675 0.5140625 0.68125 0.48125 0.6859375 0.4890625 0.6875 0.503125 0.6859375 0.5046875 0.6859375 0.525 0.6875 0.5265625 0.6859375 0.534375 0.6890625 0.546875 0.6875 0.5484375 0.6828125 0.54375 0.6796875 0.54375
1 0.5328125 0.4625 0.5375 0.4609375 0.54375 0.4671875 0.5421875 0.4921875 0.5453125 0.5 0.54375 0.503125 0.5390625 0.503125 0.5359375 0.509375 0.5328125 0.5078125 0.534375 0.5046875 0.53125 0.496875 0.53125 0.48125 0.5296875 0.4796875 0.5328125 0.4640625
1 0.5015625 0.5078125 0.50625 0.5109375 0.509375 0.51875 0.5078125 0.5203125 0.509375 0.5296875 0.5078125 0.540625 0.5140625 0.5546875 0.5109375 0.559375 0.5109375 0.55625 0.5015625 0.54375 0.496875 0.546875 0.4953125 0.553125 0.490625 0.5546875 0.4921875 0.5421875 0.5 0.528125 0.5015625 0.509375
1 0.6348611111111111 0.4565914351851852 0.0162962962962963 0.06424768518518516
1 0.821875 0.778125 0.8265625 0.7796875 0.8296875 0.8140625 0.8265625 0.81875 0.8265625 0.83125 0.8171875 0.8453125 0.8140625 0.8609375 0.809375 0.86875 0.80625 0.865625 0.80625 0.8515625 0.8125 0.8359375 0.8171875 0.7921875 0.821875 0.7859375 0.821875 0.7796875
1 0.6125 0.428125 0.6171875 0.428125 0.621875 0.440625 0.615625 0.4578125 0.6125 0.4765625 0.609375 0.478125 0.6078125 0.4765625 0.60625 0.453125 0.6125 0.4296875
2 0.7831076388888889 0.5761631944444444 0.017037037037037007 0.07674768518518524