0 0.125 0.7 0.1296875 0.7 0.128125 0.7140625 0.125 0.7125 0.1234375 0.7078125 0.125 0.7015625
1 0.73125 0.4609375 0.740625 0.46875 0.7390625 0.478125 0.7421875 0.5109375 0.740625 0.51875 0.7375 0.515625 0.7328125 0.5203125 0.7328125 0.5125 0.7296875 0.50625 0.73125 0.503125 0.7296875 0.4640625 0.73125 0.4625
1 0.7796875 0.4578125 0.7828125 0.4578125 0.7828125 0.4625 0.7875 0.471875 0.7875 0.496875 0.7890625 0.4984375 0.7890625 0.509375 0.7859375 0.5046875 0.78125 0.5078125 0.778125 0.50625 0.778125 0.4609375 0.7796875 0.459375
1 0.6546875 0.4484375 0.6578125 0.4546875 0.65625 0.4859375 0.65 0.4796875 0.6484375 0.46875 0.65 0.4671875 0.6484375 0.4484375 0.65 0.446875 0.653125 0.4484375
1 0.653125 0.48125 0.65625 0.4859375 0.659375 0.5046875 0.6578125 0.5171875 0.659375 0.5421875 0.653125 0.5328125 0.6515625 0.5375 0.6484375 0.5375 0.65 0.5265625 0.646875 0.5015625 0.6484375 0.5 0.6484375 0.484375 0.6515625 0.4828125
1 0.6734375 0.4609375 0.6765625 0.4625 0.678125 0.475 0.6765625 0.4828125 0.678125 0.509375 0.6734375 0.5140625 0.6640625 0.4953125 0.665625 0.46875 0.6671875 0.465625 0.6703125 0.46875 0.6734375 0.4625
1 0.6875 0.4546875 0.6890625 0.4578125 0.6875 0.46875 0.6890625 0.5140625 0.6859375 0.5234375 0.6859375 0.509375 0.68125 0.4953125 0.68125 0.475 0.6828125 0.4625 0.6859375 0.45625
1 0.7328125 0.4390625 0.7359375 0.4421875 0.7375 0.45 0.7359375 0.4609375 0.728125 0.4609375 0.728125 0.44375 0.73125 0.440625
1 0.690625 0.459375 0.696875 0.4703125 0.696875 0.50625 0.7 0.5109375 0.7015625 0.525 0.6984375 0.525 0.696875 0.5140625 0.6921875 0.5078125 0.6890625 0.521875 0.6859375 0.525 0.684375 0.465625 0.6890625 0.4609375
1 0.725 0.459375 0.728125 0.4640625 0.728125 0.4921875 0.725 0.5046875 0.7265625 0.5140625 0.7203125 0.5171875 0.7171875 0.515625 0.715625 0.509375 0.7171875 0.5078125 0.7171875 0.465625 0.7234375 0.459375
1 0.8703125 0.50625 0.8734375 0.51875 0.878125 0.525 0.8796875 0.546875 0.8828125 0.5515625 0.8828125 0.5625 0.8765625 0.565625 0.8734375 0.565625 0.875 0.55625 0.8703125 0.54375 0.86875 0.50625
1 0.7484375 0.503125 0.7484375 0.4984375 0.74375 0.490625 0.74375 0.4703125 0.740625 0.4609375 0.7453125 0.44375 0.7484375 0.4453125 0.753125 0.45625 0.7515625 0.46875 0.753125 0.503125 0.75 0.503125
1 0.109375 0.65625 0.1125 0.659375 0.1125 0.6671875 0.11875 0.675 0.1171875 0.70625 0.1109375 0.7421875 0.1078125 0.740625 0.10625 0.715625 0.1 0.7015625 0.1 0.6828125 0.1015625 0.68125 0.1 0.675 0.10625 0.6671875 0.1078125 0.6578125
1 0.8546875 0.559375 0.859375 0.525 0.8578125 0.51875 0.8640625 0.5015625 0.8671875 0.503125 0.8703125 0.55 0.865625 0.5484375 0.8625 0.540625 0.859375 0.5453125 0.85625 0.559375
1 0.6421875 0.4578125 0.6453125 0.4578125 0.646875 0.4703125 0.6453125 0.48125 0.646875 0.5109375 0.64375 0.5046875 0.640625 0.509375 0.640625 0.5171875 0.6375 0.5203125 0.6375 0.5046875 0.6359375 0.503125 0.6359375 0.471875 0.6421875 0.459375
1 0.66875 0.4421875 0.671875 0.44375 0.6765625 0.4609375 0.675 0.4703125 0.6703125 0.4765625 0.6703125 0.484375 0.6671875 0.490625 0.6640625 0.4875 0.6640625 0.4515625 0.66875 0.44375
1 0.8724305555555556 0.5107638888888889 0.010711805555555464 0.02575231481481479
2 0.9546875 0.540625 0.959375 0.546875 0.9609375 0.5546875 0.9609375 0.5734375 0.959375 0.575 0.9609375 0.6109375 0.9578125 0.6125 0.95625 0.6109375 0.95625 0.5984375 0.953125 0.590625 0.953125 0.5453125 0.9546875 0.5421875