0 0.4625 0.3828125 0.465625 0.3859375 0.465625 0.3984375 0.459375 0.396875 0.4609375 0.384375
1 0.5484375 0.3921875 0.553125 0.403125 0.5546875 0.4328125 0.546875 0.4421875 0.54375 0.4578125 0.5421875 0.403125 0.54375 0.39375 0.546875 0.3921875
1 0.55 0.4375 0.5625 0.4625 0.5625 0.4703125 0.559375 0.4765625 0.559375 0.4984375 0.55625 0.4984375 0.5546875 0.49375 0.546875 0.4875 0.54375 0.478125 0.5453125 0.4671875 0.54375 0.4578125 0.5484375 0.4390625
1 0.6609375 0.525 0.6671875 0.521875 0.675 0.5375 0.675 0.565625 0.6734375 0.571875 0.6703125 0.571875 0.6671875 0.5671875 0.6546875 0.5640625 0.653125 0.55 0.6625 0.534375 0.6625 0.5265625
1 0.5875 0.4375 0.5890625 0.446875 0.596875 0.4625 0.5953125 0.4859375 0.5921875 0.49375 0.59375 0.5109375 0.590625 0.5171875 0.5890625 0.5328125 0.5859375 0.5296875 0.5875 0.5 0.5828125 0.4796875 0.578125 0.4703125 0.578125 0.45625 0.5828125 0.4484375 0.5828125 0.4390625 0.5859375 0.4375
1 0.3390625 0.371875 0.3421875 0.371875 0.3484375 0.3875 0.3515625 0.4203125 0.3578125 0.43125 0.3578125 0.4421875 0.35625 0.4421875 0.3546875 0.4328125 0.346875 0.4234375 0.34375 0.4234375 0.340625 0.43125 0.340625 0.440625 0.3375 0.4421875 0.3359375 0.428125 0.3375 0.3875 0.3359375 0.384375 0.3390625 0.3734375
1 0.45625 0.390625 0.459375 0.390625 0.4609375 0.396875 0.4703125 0.409375 0.46875 0.44375 0.4796875 0.46875 0.4796875 0.4734375 0.4765625 0.4734375 0.471875 0.4609375 0.4671875 0.45625 0.4625 0.4640625 0.4609375 0.478125 0.459375 0.4796875 0.4578125 0.4765625 0.459375 0.4734375 0.4578125 0.43125 0.45 0.421875 0.45 0.409375 0.45625 0.3921875
1 0.61875 0.4625 0.621875 0.46875 0.61875 0.509375 0.628125 0.525 0.6265625 0.5296875 0.6234375 0.528125 0.6203125 0.5296875 0.6125 0.5171875 0.6078125 0.4921875 0.6 0.4828125 0.603125 0.4625 0.6046875 0.4609375 0.6171875 0.4625
1 0.359375 0.49375 0.3578125 0.484375 0.359375 0.459375 0.3609375 0.4578125 0.3640625 0.459375 0.3703125 0.4734375 0.3703125 0.484375 0.359375 0.4953125
1 0.3640625 0.47578125 0.01484375 0.0375
1 0.4984375 0.434375 0.503125 0.434375 0.50625 0.4453125 0.5109375 0.4515625 0.5125 0.4640625 0.5109375 0.4859375 0.51875 0.50625 0.51875 0.515625 0.5171875 0.515625 0.515625 0.5078125 0.5078125 0.496875 0.5046875 0.5 0.50625 0.50625 0.5046875 0.5171875 0.50625 0.51875 0.5046875 0.5234375 0.5 0.525 0.5015625 0.51875 0.5 0.4671875 0.4953125 0.4609375 0.490625 0.4609375 0.484375 0.471875 0.4875 0.45625 0.4953125 0.446875 0.4984375 0.4359375
1 0.5078125 0.4140625 0.5109375 0.4140625 0.5171875 0.434375 0.5171875 0.4734375 0.51875 0.475 0.51875 0.4875 0.5140625 0.4921875 0.5125 0.4859375 0.5140625 0.478125 0.5125 0.45625 0.5078125 0.4484375 0.503125 0.4328125 0.5078125 0.415625
1 0.3703125 0.5640625 0.371875 0.55625 0.365625 0.5296875 0.365625 0.5140625 0.3609375 0.5046875 0.3625 0.49375 0.3703125 0.4796875 0.378125 0.4921875 0.3828125 0.5125 0.3828125 0.5234375 0.3953125 0.553125 0.3953125 0.5609375 0.39375 0.5609375 0.390625 0.55 0.384375 0.5390625 0.38125 0.5359375 0.375 0.5359375 0.3734375 0.5375 0.375 0.5609375 0.371875 0.5640625
1 0.5984375 0.4875 0.6046875 0.4890625 0.6078125 0.4984375 0.6109375 0.5375 0.615625 0.55 0.615625 0.5640625 0.6140625 0.5640625 0.6125 0.553125 0.6046875 0.5390625 0.5984375 0.5375 0.596875 0.5390625 0.596875 0.5609375 0.590625 0.5671875 0.59375 0.559375 0.5921875 0.5359375 0.5953125 0.5328125 0.596875 0.5234375 0.5984375 0.4890625
1 0.54375 0.4875 0.5453125 0.4890625 0.55 0.4875 0.55625 0.4921875 0.5609375 0.5078125 0.565625 0.5140625 0.565625 0.5203125 0.5609375 0.525 0.5609375 0.5359375 0.553125 0.55 0.5546875 0.565625 0.55 0.56875 0.5484375 0.5671875 0.55 0.553125 0.546875 0.5484375 0.5453125 0.5171875 0.5421875 0.5109375 0.54375 0.4890625
1 0.653125 0.5234375 0.659375 0.525 0.6625 0.5328125 0.6515625 0.5515625 0.65 0.559375 0.6421875 0.56875 0.6390625 0.578125 0.6359375 0.578125 0.6328125 0.571875 0.63125 0.575 0.628125 0.5734375 0.63125 0.5625 0.63125 0.5421875 0.6453125 0.51875 0.6515625 0.5234375
2 0.1578125 0.5359375 0.1578125 0.51875 0.1671875 0.490625 0.1671875 0.48125 0.1703125 0.478125 0.1734375 0.4796875 0.1765625 0.5046875 0.1828125 0.5203125 0.1828125 0.5296875 0.178125 0.5328125 0.1796875 0.58125 0.178125 0.5828125 0.1765625 0.58125 0.175 0.5640625 0.171875 0.5609375 0.16875 0.5625 0.1671875 0.571875 0.1640625 0.575 0.1625 0.5671875 0.16875 0.55625 0.16875 0.5375 0.1671875 0.5265625 0.1640625 0.521875 0.159375 0.5359375
1 0.990625 0.8484375 0.99375 0.846875 0.9984375 0.8484375 0.9984375 0.9703125 0.996875 0.96875 0.9984375 0.9578125 0.9875 0.9390625 0.9875 0.921875 0.996875 0.9109375 0.9953125 0.89375 0.99375 0.8875 0.984375 0.884375 0.9828125 0.88125 0.984375 0.8765625 0.9859375 0.878125 0.9921875 0.8765625 0.990625 0.85
1 0.4875 0.5078125 0.4890625 0.5125 0.4875 0.5203125 0.4953125 0.5375 0.4921875 0.5703125 0.4984375 0.575 0.4984375 0.5796875 0.490625 0.578125 0.484375 0.5734375 0.48125 0.5765625 0.4796875 0.5875 0.475 0.5984375 0.4703125 0.5984375 0.4703125 0.5953125 0.4765625 0.5859375 0.4765625 0.56875 0.4828125 0.5578125 0.4828125 0.54375 0.478125 0.5390625 0.46875 0.540625 0.4671875 0.5375 0.4765625 0.53125 0.48125 0.5109375 0.4859375 0.5078125
1 0.6078125 0.421875 0.6171875 0.4421875 0.615625 0.4609375 0.6125 0.4625 0.60625 0.459375 0.6 0.4390625 0.603125 0.4234375 0.60625 0.421875
1 0.671875 0.4 0.675 0.4 0.678125 0.4109375 0.68125 0.4140625 0.684375 0.4421875 0.6828125 0.465625 0.6875 0.4796875 0.6875 0.4984375 0.684375 0.496875 0.6828125 0.4765625 0.6796875 0.4671875 0.675 0.4625 0.6703125 0.4703125 0.6703125 0.4890625 0.6640625 0.490625 0.6671875 0.484375 0.6671875 0.4765625 0.665625 0.475 0.665625 0.4546875 0.6625 0.45 0.6625 0.4453125 0.66875 0.43125 0.66875 0.409375 0.671875 0.4015625