1 0.175 0.4265625 0.178125 0.4265625 0.1828125 0.4421875 0.175 0.49375 0.171875 0.4984375 0.16875 0.496875 0.1703125 0.4953125 0.16875 0.4921875 0.1703125 0.4578125 0.165625 0.45 0.175 0.428125
1 0.23125 0.21875 0.234375 0.21875 0.23125 0.2515625 0.2234375 0.2578125 0.2234375 0.2609375 0.2203125 0.259375 0.221875 0.25 0.2265625 0.240625 0.2265625 0.2328125 0.23125 0.2265625 0.23125 0.2203125
1 0.2625 0.390625 0.265625 0.40625 0.265625 0.4421875 0.2578125 0.4609375 0.2546875 0.4546875 0.2546875 0.4421875 0.2578125 0.4390625 0.25625 0.4078125 0.2609375 0.3921875
1 0.2296875 0.5515625 0.234375 0.56875 0.234375 0.5984375 0.2359375 0.6 0.23125 0.6171875 0.23125 0.63125 0.228125 0.634375 0.2265625 0.63125 0.225 0.621875 0.2265625 0.6109375 0.2234375 0.6015625 0.225 0.596875 0.2203125 0.584375 0.2203125 0.5703125 0.2265625 0.553125 0.228125 0.553125
1 0.2703125 0.634375 0.2734375 0.634375 0.2734375 0.6421875 0.2796875 0.659375 0.2796875 0.6671875 0.2765625 0.66875 0.275 0.675 0.2765625 0.6984375 0.2734375 0.70625 0.2734375 0.7171875 0.2703125 0.7171875 0.265625 0.7109375 0.265625 0.6765625 0.2609375 0.6671875 0.2609375 0.6578125 0.26875 0.6453125 0.2703125 0.6359375
1 0.015625 0.2921875 0.0171875 0.3265625 0.0125 0.3375 0.0046875 0.3453125 0.003125 0.3421875 0.00625 0.33125 0.0078125 0.3078125 0.0140625 0.29375
1 0.2015625 0.85625 0.203125 0.8640625 0.2 0.8703125 0.203125 0.8765625 0.203125 0.9171875 0.2 0.9203125 0.2 0.9265625 0.196875 0.9328125 0.196875 0.9515625 0.2 0.9546875 0.2 0.959375 0.196875 0.9625 0.1921875 0.9625 0.19375 0.95625 0.1921875 0.94375 0.1875 0.9484375 0.184375 0.9609375 0.18125 0.95625 0.1890625 0.9296875 0.1875 0.878125 0.190625 0.8703125 0.19375 0.86875 0.196875 0.8578125 0.2 0.85625
1 0.7328125 0.440625 0.7359375 0.440625 0.7359375 0.446875 0.74375 0.459375 0.740625 0.48125 0.7359375 0.4921875 0.7390625 0.5171875 0.7359375 0.51875 0.73125 0.5140625 0.7328125 0.5046875 0.728125 0.4578125 0.7328125 0.4421875
1 0.6078125 0.3359375 0.6109375 0.3453125 0.6109375 0.3640625 0.60625 0.390625 0.6 0.3921875 0.5953125 0.396875 0.596875 0.38125 0.6015625 0.371875 0.6015625 0.3484375 0.60625 0.3375
1 0.65625 0.565625 0.6640625 0.5859375 0.6640625 0.590625 0.6609375 0.5953125 0.659375 0.6265625 0.665625 0.634375 0.6671875 0.6421875 0.6640625 0.6453125 0.6578125 0.6359375 0.6546875 0.6390625 0.65 0.6390625 0.653125 0.6328125 0.653125 0.6203125 0.65 0.6 0.6453125 0.5953125 0.6453125 0.5921875 0.6546875 0.5671875
1 0.0703125 0.596875 0.0734375 0.6078125 0.075 0.6359375 0.0796875 0.6484375 0.0703125 0.6734375 0.0703125 0.6890625 0.065625 0.690625 0.0640625 0.6875 0.065625 0.646875 0.0625 0.6296875 0.0625 0.6109375 0.06875 0.5984375
1 0.3578125 0.359375 0.359375 0.3671875 0.3515625 0.3953125 0.35 0.4046875 0.3515625 0.4109375 0.3484375 0.4140625 0.3453125 0.403125 0.3359375 0.403125 0.3359375 0.3984375 0.34375 0.390625 0.35 0.36875 0.3578125 0.3609375
1 0.390625 0.5421875 0.390625 0.51875 0.3859375 0.4921875 0.3953125 0.465625 0.3984375 0.4671875 0.4015625 0.5015625 0.3984375 0.5109375 0.3984375 0.5421875 0.3921875 0.5421875
1 0.9078125 0.3015625 0.915625 0.3171875 0.9140625 0.3328125 0.909375 0.3421875 0.9078125 0.365625 0.90625 0.3671875 0.9015625 0.365625 0.903125 0.359375 0.9015625 0.334375 0.8984375 0.33125 0.8984375 0.3234375 0.9046875 0.3125 0.90625 0.303125
0 0.6159722222222223 0.5015972222222222 0.00740162037037031 0.012656249999999947
2 0.1515625 0.446875 0.15 0.4546875 0.153125 0.459375 0.153125 0.4671875 0.1578125 0.471875 0.1578125 0.475 0.153125 0.4796875 0.153125 0.5125 0.1546875 0.515625 0.1515625 0.51875 0.1515625 0.5078125 0.1484375 0.5 0.14375 0.5109375 0.14375 0.5265625 0.1421875 0.5265625 0.1421875 0.496875 0.14375 0.4953125 0.1421875 0.459375 0.146875 0.4484375 0.15 0.446875