0 0.23125 0.5 0.23125 0.5046875 0.2265625 0.5109375 0.2203125 0.509375 0.2234375 0.5015625 0.2296875 0.5
1 0.79375 0.51875 0.7984375 0.5203125 0.803125 0.5328125 0.803125 0.54375 0.796875 0.5625 0.7984375 0.5828125 0.7953125 0.5859375 0.790625 0.5640625 0.7921875 0.546875 0.7875 0.5390625 0.79375 0.5203125
1 0.2859375 0.659375 0.2890625 0.6765625 0.2921875 0.73125 0.2953125 0.7390625 0.2890625 0.7375 0.2875 0.725 0.2828125 0.7234375 0.2796875 0.740625 0.278125 0.7421875 0.2765625 0.740625 0.2796875 0.71875 0.278125 0.675 0.284375 0.6609375
1 0.6703125 0.3609375 0.015625 0.04453125
1 0.6609375 0.346875 0.6640625 0.3515625 0.6640625 0.36875 0.659375 0.3796875 0.6578125 0.3921875 0.6546875 0.3921875 0.653125 0.3875 0.6546875 0.3828125 0.653125 0.359375 0.6546875 0.35 0.659375 0.346875
1 0.6671875 0.48125 0.6703125 0.4875 0.6703125 0.5140625 0.6640625 0.5328125 0.6578125 0.5421875 0.6546875 0.5421875 0.6546875 0.5375 0.6578125 0.5359375 0.6625 0.5234375 0.6625 0.5046875 0.665625 0.4828125
1 0.5421875 0.4921875 0.5453125 0.4921875 0.546875 0.4953125 0.5515625 0.5125 0.55 0.5234375 0.5453125 0.5328125 0.5453125 0.559375 0.5421875 0.5625 0.5328125 0.5546875 0.5375 0.5421875 0.5390625 0.53125 0.5375 0.5140625 0.540625 0.509375 0.5421875 0.49375
1 0.4265625 0.384375 0.0140625 0.04140625
1 0.2953125 0.58828125 0.01953125 0.0765625
1 0.7203125 0.3625 0.725 0.375 0.725 0.3875 0.71875 0.4078125 0.7109375 0.4125 0.71875 0.3640625
1 0.178125 0.509375 0.178125 0.5 0.184375 0.484375 0.184375 0.478125 0.1875 0.4765625 0.1953125 0.5109375 0.1984375 0.515625 0.1984375 0.5328125 0.1953125 0.5359375 0.19375 0.525 0.1890625 0.5140625 0.18125 0.5046875 0.178125 0.5109375
1 0.5953125 0.6078125 0.6015625 0.625 0.5984375 0.6375 0.5953125 0.6796875 0.590625 0.6734375 0.5890625 0.678125 0.584375 0.678125 0.5828125 0.675 0.5859375 0.671875 0.5890625 0.653125 0.5890625 0.6390625 0.5859375 0.6328125 0.590625 0.6234375 0.5921875 0.609375 0.59375 0.609375
1 0.853125 0.55 0.8578125 0.5515625 0.8625 0.5671875 0.8609375 0.584375 0.85625 0.59375 0.85625 0.6171875 0.85 0.6203125 0.85 0.5828125 0.853125 0.5515625
1 0.7171875 0.8875 0.728125 0.875 0.7296875 0.8375 0.7328125 0.828125 0.7390625 0.8234375 0.740625 0.8171875 0.74375 0.815625 0.746875 0.8375 0.746875 0.85625 0.7421875 0.8609375 0.7421875 0.884375 0.74375 0.8859375 0.7421875 0.8984375 0.7453125 0.9078125 0.740625 0.909375 0.7390625 0.90625 0.7390625 0.8828125 0.7359375 0.8796875 0.7171875 0.8984375 0.715625 0.8984375 0.7171875 0.8890625
1 0.184375 0.2625 0.1890625 0.265625 0.1890625 0.2875 0.1921875 0.2953125 0.190625 0.3 0.184375 0.2984375 0.18125 0.275 0.18125 0.26875 0.184375 0.2640625
1 0.4578125 0.25625 0.4609375 0.25625 0.4640625 0.2734375 0.4640625 0.29375 0.45625 0.2953125 0.45625 0.2609375 0.4578125 0.2578125
2 0.5765625 0.4 0.5828125 0.4125 0.5828125 0.4234375 0.5796875 0.4359375 0.58125 0.45625 0.578125 0.453125 0.571875 0.459375 0.5734375 0.41875 0.5765625 0.4015625
1 0.45625 0.4359375 0.459375 0.4375 0.4625 0.446875 0.4625 0.4734375 0.459375 0.48125 0.459375 0.49375 0.45625 0.4953125 0.4515625 0.4859375 0.45625 0.4546875 0.4546875 0.4484375 0.45625 0.4375
1 0.4109375 0.4453125 0.4140625 0.446875 0.4171875 0.4609375 0.4140625 0.478125 0.4140625 0.50625 0.4109375 0.5109375 0.4078125 0.5109375 0.4078125 0.4671875 0.4109375 0.446875
1 0.2890625 0.4796875 0.290625 0.471875 0.2890625 0.4328125 0.29375 0.4203125 0.3 0.4296875 0.3 0.44375 0.296875 0.45625 0.296875 0.4734375 0.290625 0.4796875
1 0.6875 0.3296875 0.690625 0.3296875 0.6921875 0.3359375 0.6890625 0.3484375 0.6890625 0.3609375 0.6859375 0.3625 0.68125 0.353125 0.6828125 0.340625 0.6875 0.33125
1 0.1828125 0.325 0.184375 0.3609375 0.1828125 0.36875 0.178125 0.3734375 0.175 0.371875 0.1765625 0.3296875 0.18125 0.325