0 0.2828125 0.7125 0.2859375 0.7171875 0.284375 0.7234375 0.2796875 0.721875 0.2796875 0.7140625 0.28125 0.7140625
1 0.278125 0.6875 0.278125 0.6828125 0.2859375 0.6734375 0.2890625 0.6625 0.2921875 0.6640625 0.296875 0.6765625 0.296875 0.6984375 0.3 0.703125 0.303125 0.71875 0.3078125 0.725 0.3078125 0.7296875 0.303125 0.7265625 0.3 0.7171875 0.2953125 0.7125 0.2921875 0.7125 0.2890625 0.7328125 0.2859375 0.7296875 0.2859375 0.7140625 0.284375 0.7125 0.2859375 0.6890625 0.28125 0.6859375 0.2796875 0.6875
1 0.6875 0.4609375 0.690625 0.4625 0.6921875 0.4671875 0.69375 0.5 0.696875 0.509375 0.696875 0.5109375 0.69375 0.509375 0.690625 0.4984375 0.6875 0.496875 0.6828125 0.5015625 0.68125 0.5109375 0.678125 0.5109375 0.68125 0.496875 0.678125 0.475 0.6875 0.4625
1 0.7296875 0.46875 0.734375 0.4703125 0.7375 0.4796875 0.7375 0.4984375 0.7359375 0.5 0.7375 0.515625 0.734375 0.515625 0.7296875 0.5078125 0.7234375 0.51875 0.7234375 0.4828125 0.7296875 0.4703125
1 0.6609375 0.434375 0.6671875 0.434375 0.6703125 0.440625 0.6703125 0.4453125 0.665625 0.4546875 0.665625 0.484375 0.6625 0.4859375 0.659375 0.48125 0.659375 0.453125 0.6578125 0.4515625 0.6609375 0.4359375
1 0.6671875 0.4953125 0.6671875 0.490625 0.6625 0.484375 0.6625 0.459375 0.6640625 0.4578125 0.6625 0.453125 0.6671875 0.434375 0.671875 0.434375 0.675 0.440625 0.675 0.4640625 0.6765625 0.465625 0.675 0.4828125 0.66875 0.4953125
1 0.609375 0.50625 0.6140625 0.5078125 0.615625 0.5171875 0.6140625 0.5328125 0.615625 0.546875 0.6203125 0.55625 0.6203125 0.5640625 0.6171875 0.565625 0.6140625 0.55625 0.6078125 0.5609375 0.609375 0.55 0.6078125 0.51875 0.6109375 0.5078125
1 0.553125 0.446875 0.5625 0.45625 0.5578125 0.465625 0.559375 0.4890625 0.5625 0.5015625 0.559375 0.5015625 0.5578125 0.4984375 0.55625 0.4859375 0.553125 0.48125 0.5453125 0.496875 0.546875 0.4640625 0.5484375 0.4546875 0.553125 0.4484375
1 0.6515625 0.4828125 0.6546875 0.4890625 0.6546875 0.5125 0.65625 0.5140625 0.653125 0.5375 0.6515625 0.5390625 0.646875 0.5359375 0.6453125 0.4953125 0.646875 0.4875 0.65 0.484375
1 0.2765625 0.6015625 0.2796875 0.6015625 0.28125 0.6046875 0.28125 0.6265625 0.275 0.653125 0.275 0.6625 0.271875 0.6640625 0.2703125 0.6515625 0.2703125 0.6125 0.2765625 0.603125
1 0.7515625 0.4734375 0.7578125 0.4859375 0.759375 0.50625 0.7671875 0.525 0.75625 0.5140625 0.7546875 0.515625 0.75625 0.528125 0.753125 0.5296875 0.75 0.5140625 0.7515625 0.475
1 0.54375 0.5546875 0.5421875 0.553125 0.54375 0.4984375 0.546875 0.496875 0.553125 0.5109375 0.553125 0.5421875 0.55625 0.55 0.5546875 0.559375 0.5515625 0.5515625 0.5453125 0.553125
1 0.6109375 0.50625 0.609375 0.4765625 0.6140625 0.4671875 0.6171875 0.46875 0.6203125 0.4765625 0.6203125 0.5046875 0.6234375 0.5078125 0.6234375 0.5234375 0.61875 0.5109375 0.6125 0.50625
1 0.6328125 0.5328125 0.6390625 0.5328125 0.64375 0.54375 0.64375 0.56875 0.640625 0.578125 0.640625 0.5890625 0.6390625 0.5890625 0.6375 0.571875 0.634375 0.5671875 0.63125 0.553125 0.6328125 0.534375
1 0.971875 0.7078125 0.96875 0.7 0.965625 0.6734375 0.965625 0.6453125 0.9671875 0.64375 0.9703125 0.6453125 0.975 0.6546875 0.978125 0.665625 0.978125 0.6828125 0.9828125 0.6890625 0.9828125 0.6953125 0.978125 0.6953125 0.9734375 0.7 0.9734375 0.7078125
1 0.9088541666666667 0.7497106481481481 0.014531250000000107 0.08506365740740743
1 0.6602314814814815 0.5135532407407408 0.01337962962962962 0.06002314814814813
1 0.3609375 0.6140625 0.3640625 0.6140625 0.3734375 0.6390625 0.371875 0.65 0.3734375 0.6703125 0.3671875 0.6734375 0.3671875 0.68125 0.3640625 0.6796875 0.359375 0.6546875 0.359375 0.6171875 0.3609375 0.615625
1 0.6703125 0.4328125 0.675 0.4328125 0.6796875 0.459375 0.678125 0.4734375 0.675 0.4765625 0.675 0.4828125 0.6703125 0.490625 0.6703125 0.4953125 0.6703125 0.478125 0.671875 0.4765625 0.6703125 0.475 0.671875 0.4703125 0.6703125 0.434375
2 0.6859375 0.61875 0.6921875 0.6359375 0.6921875 0.65 0.6875 0.675 0.69375 0.6875 0.6953125 0.696875 0.6921875 0.6953125 0.6890625 0.6859375 0.684375 0.6890625 0.6828125 0.69375 0.6796875 0.6921875 0.68125 0.6890625 0.68125 0.640625 0.684375 0.63125 0.684375 0.6203125