0 0.7046875 0.5609375 0.70625 0.55 0.7109375 0.5546875 0.7109375 0.5609375 0.70625 0.5609375
1 0.221875 0.7125 0.2265625 0.7125 0.228125 0.728125 0.2328125 0.740625 0.23125 0.7984375 0.2359375 0.8109375 0.2359375 0.8140625 0.23125 0.8140625 0.2265625 0.8078125 0.2234375 0.8171875 0.2203125 0.8140625 0.225 0.7953125 0.225 0.78125 0.221875 0.7734375 0.2203125 0.7578125 0.2140625 0.7484375 0.2140625 0.7375 0.2203125 0.7265625 0.221875 0.7140625
1 0.4625 0.4453125 0.4640625 0.453125 0.459375 0.471875 0.459375 0.4921875 0.45625 0.4984375 0.4515625 0.4984375 0.4421875 0.509375 0.4421875 0.5171875 0.4390625 0.5171875 0.4375 0.5125 0.4421875 0.5 0.446875 0.4953125 0.446875 0.4796875 0.4484375 0.478125 0.446875 0.4515625 0.45 0.446875 0.45625 0.4484375 0.4609375 0.4453125
1 0.49375 0.5890625 0.490625 0.5859375 0.4921875 0.5546875 0.4890625 0.525 0.4953125 0.5078125 0.496875 0.50625 0.5 0.5078125 0.4984375 0.5296875 0.5046875 0.5484375 0.5 0.5546875 0.5 0.5671875 0.4953125 0.578125 0.4953125 0.5875
1 0.578125 0.49375 0.58125 0.49375 0.5828125 0.496875 0.5828125 0.5046875 0.5875 0.515625 0.584375 0.5359375 0.5890625 0.56875 0.5890625 0.5734375 0.5875 0.5734375 0.578125 0.5640625 0.58125 0.553125 0.5734375 0.528125 0.5734375 0.5109375 0.578125 0.4953125
1 0.6078125 0.45 0.6125 0.45 0.6125 0.4671875 0.6140625 0.46875 0.6125 0.4890625 0.615625 0.5015625 0.6125 0.5015625 0.6109375 0.496875 0.6046875 0.4921875 0.6 0.496875 0.6 0.50625 0.596875 0.5078125 0.5953125 0.5046875 0.6 0.4890625 0.5984375 0.465625 0.6078125 0.4515625
2 0.2328125 0.5234375 0.2359375 0.5390625 0.2359375 0.55625 0.2390625 0.5671875 0.2328125 0.6109375 0.23125 0.609375 0.2328125 0.5796875 0.23125 0.571875 0.2265625 0.5640625 0.225 0.5484375 0.225 0.5375 0.228125 0.525 0.23125 0.5234375
1 0.4359375 0.6 0.43125 0.5578125 0.428125 0.55 0.428125 0.5359375 0.4359375 0.5171875 0.4390625 0.51875 0.4390625 0.5265625 0.44375 0.5359375 0.4421875 0.5609375 0.4390625 0.571875 0.4390625 0.6 0.4375 0.6
1 0.5046875 0.5828125 0.5046875 0.5890625 0.5109375 0.603125 0.5109375 0.6109375 0.5078125 0.61875 0.5046875 0.6609375 0.5015625 0.6578125 0.4984375 0.6640625 0.49375 0.6625 0.49375 0.6578125 0.5 0.64375 0.5 0.6171875 0.4953125 0.6078125 0.4953125 0.6 0.5 0.590625 0.5 0.584375 0.503125 0.5828125
1 0.2375 0.409375 0.240625 0.409375 0.24375 0.421875 0.24375 0.440625 0.246875 0.45 0.246875 0.4734375 0.24375 0.4734375 0.24375 0.4625 0.240625 0.4578125 0.2375 0.4640625 0.2328125 0.4640625 0.2265625 0.46875 0.2265625 0.4625 0.234375 0.459375 0.2375 0.453125 0.234375 0.4203125 0.234375 0.4140625 0.2375 0.4109375
1 0.7 0.5046875 0.7046875 0.5125 0.7046875 0.53125 0.7109375 0.5609375 0.696875 0.5609375 0.696875 0.55 0.69375 0.5421875 0.69375 0.5265625 0.690625 0.5234375 0.6828125 0.5265625 0.6796875 0.525 0.6921875 0.50625 0.6953125 0.503125 0.6984375 0.5046875
1 0.1921875 0.5296875 0.2015625 0.559375 0.2 0.58125 0.2015625 0.5828125 0.203125 0.615625 0.2 0.6171875 0.196875 0.6140625 0.1984375 0.6 0.1953125 0.5953125 0.1828125 0.6109375 0.1828125 0.603125 0.1890625 0.59375 0.1875 0.5453125 0.190625 0.53125
1 0.1625 0.390625 0.165625 0.3921875 0.16875 0.4140625 0.16875 0.4609375 0.165625 0.459375 0.165625 0.45 0.1625 0.446875 0.153125 0.453125 0.153125 0.446875 0.1578125 0.440625 0.159375 0.4 0.1625 0.3921875
1 0.534375 0.4515625 0.5328125 0.4625 0.534375 0.4640625 0.5328125 0.475 0.534375 0.5046875 0.5296875 0.515625 0.528125 0.528125 0.525 0.5234375 0.528125 0.4984375 0.525 0.49375 0.5234375 0.48125 0.5265625 0.4625 0.5296875 0.4578125 0.5296875 0.453125 0.5328125 0.4515625