0 0.45 0.4015625 0.453125 0.4046875 0.453125 0.4109375 0.4484375 0.4109375 0.4484375 0.403125
1 0.8046875 0.38125 0.8078125 0.38125 0.8078125 0.384375 0.815625 0.3921875 0.8171875 0.396875 0.8140625 0.421875 0.815625 0.43125 0.821875 0.4390625 0.8234375 0.4453125 0.8234375 0.4484375 0.8203125 0.45 0.81875 0.44375 0.8140625 0.440625 0.8109375 0.44375 0.809375 0.4578125 0.80625 0.459375 0.8046875 0.45625 0.8078125 0.4484375 0.8078125 0.4171875 0.803125 0.403125 0.803125 0.384375 0.8046875 0.3828125
1 0.2453125 0.359375 0.25 0.3625 0.25 0.3671875 0.253125 0.36875 0.259375 0.3984375 0.2703125 0.4125 0.2671875 0.415625 0.259375 0.4046875 0.2546875 0.4 0.2515625 0.4 0.2484375 0.4046875 0.25 0.4234375 0.246875 0.4265625 0.2453125 0.425 0.246875 0.4234375 0.2453125 0.4 0.2484375 0.39375 0.2484375 0.38125 0.24375 0.3703125 0.2453125 0.3609375
1 0.6734375 0.3515625 0.6765625 0.3671875 0.6796875 0.371875 0.6796875 0.3859375 0.68125 0.3875 0.684375 0.384375 0.6875 0.3875 0.6875 0.390625 0.675 0.4 0.6734375 0.409375 0.6703125 0.403125 0.6703125 0.371875 0.6671875 0.3640625 0.6671875 0.3515625 0.66875 0.35 0.671875 0.3515625
1 0.625 0.3640625 0.6203125 0.3578125 0.61875 0.3609375 0.615625 0.359375 0.6125 0.3484375 0.6140625 0.3109375 0.6171875 0.309375 0.6203125 0.3171875 0.6265625 0.3625
1 0.475 0.3609375 0.484375 0.375 0.484375 0.3859375 0.4796875 0.390625 0.48125 0.403125 0.4796875 0.4078125 0.4765625 0.403125 0.4734375 0.403125 0.46875 0.4109375 0.465625 0.4140625 0.4640625 0.4125 0.471875 0.39375 0.471875 0.3828125 0.46875 0.3796875 0.465625 0.38125 0.465625 0.378125 0.471875 0.371875 0.4703125 0.3703125 0.471875 0.3625 0.4734375 0.3625
1 0.4769328703703703 0.34140625 0.01722800925925929 0.05546875
1 0.040625 0.425 0.046875 0.4265625 0.046875 0.434375 0.0515625 0.4390625 0.053125 0.4453125 0.0515625 0.471875 0.0546875 0.48125 0.0625 0.490625 0.0625 0.4984375 0.059375 0.4984375 0.05625 0.490625 0.0484375 0.484375 0.0453125 0.4875 0.04375 0.5046875 0.0390625 0.50625 0.0421875 0.4921875 0.0421875 0.4640625 0.0359375 0.45625 0.0359375 0.4421875 0.040625 0.4328125 0.040625 0.4265625
1 0.1703125 0.375 0.178125 0.3828125 0.178125 0.39375 0.18125 0.4 0.184375 0.4234375 0.1890625 0.4359375 0.184375 0.4359375 0.1796875 0.421875 0.171875 0.415625 0.165625 0.4234375 0.1609375 0.4390625 0.159375 0.440625 0.1578125 0.4390625 0.1671875 0.4078125 0.165625 0.384375 0.16875 0.3765625
1 0.65625 0.35 0.659375 0.35 0.6609375 0.353125 0.6671875 0.3734375 0.665625 0.3984375 0.66875 0.409375 0.671875 0.4125 0.671875 0.415625 0.66875 0.4171875 0.6640625 0.4078125 0.659375 0.415625 0.6578125 0.4234375 0.6546875 0.4234375 0.659375 0.39375 0.6578125 0.384375 0.65 0.3828125 0.65 0.3796875 0.65625 0.3734375 0.6546875 0.3703125 0.65625 0.36875 0.6546875 0.3625 0.65625 0.3515625
1 0.175 0.3546875 0.175 0.359375 0.1796875 0.36875 0.1796875 0.3859375 0.18125 0.4 0.184375 0.40625 0.184375 0.415625 0.1796875 0.4046875 0.1796875 0.3921875 0.1765625 0.3828125 0.1671875 0.3765625 0.16875 0.375 0.1671875 0.3640625 0.1703125 0.35625 0.1734375 0.3546875
1 0.825 0.5796875 0.83125 0.5796875 0.83125 0.584375 0.840625 0.6 0.84375 0.6234375 0.84375 0.6328125 0.840625 0.64375 0.8453125 0.65 0.85 0.65 0.8546875 0.6578125 0.853125 0.6625 0.84375 0.65625 0.8390625 0.6578125 0.8453125 0.6796875 0.8375 0.68125 0.8359375 0.678125 0.8375 0.66875 0.8328125 0.6546875 0.834375 0.628125 0.83125 0.6234375 0.8265625 0.6234375 0.8234375 0.6203125 0.8234375 0.6171875 0.8296875 0.6125 0.8296875 0.5984375 0.8265625 0.59375 0.825 0.58125
1 0.409375 0.3734375 0.4109375 0.375 0.4109375 0.3984375 0.415625 0.4078125 0.4140625 0.4140625 0.415625 0.425 0.4140625 0.4265625 0.409375 0.425 0.4078125 0.4140625 0.4 0.4203125 0.4015625 0.390625 0.40625 0.375 0.4078125 0.375
1 0.1171875 0.5625 0.11875 0.5640625 0.1171875 0.615625 0.1265625 0.6359375 0.125 0.64375 0.109375 0.6171875 0.1046875 0.5875 0.1015625 0.5828125 0.096875 0.584375 0.0953125 0.58125 0.1015625 0.540625 0.10625 0.54375 0.10625 0.55 0.115625 0.5625
1 0.4890625 0.425 0.4921875 0.4265625 0.49375 0.4359375 0.4984375 0.44375 0.5 0.471875 0.5109375 0.4984375 0.509375 0.5046875 0.5078125 0.5 0.5015625 0.4953125 0.4984375 0.5015625 0.4953125 0.503125 0.4953125 0.4953125 0.4890625 0.4859375 0.4875 0.475 0.4921875 0.4671875 0.4921875 0.459375 0.4890625 0.4546875 0.490625 0.4515625 0.490625 0.4375 0.4875 0.43125 0.4890625 0.4265625
1 0.2578125 0.4140625 0.2609375 0.4140625 0.2609375 0.421875 0.265625 0.43125 0.259375 0.4671875 0.2609375 0.4734375 0.259375 0.4859375 0.25625 0.4875 0.253125 0.4859375 0.2546875 0.4765625 0.2515625 0.475 0.253125 0.44375 0.25 0.434375 0.25625 0.4234375 0.2578125 0.415625
1 0.9765625 0.4375 0.978125 0.446875 0.9859375 0.4609375 0.9875 0.4734375 0.9859375 0.4984375 0.9953125 0.5015625 0.996875 0.5078125 0.9953125 0.5125 0.990625 0.509375 0.984375 0.5125 0.9859375 0.5203125 0.984375 0.528125 0.98125 0.528125 0.9796875 0.525 0.978125 0.5046875 0.975 0.4984375 0.978125 0.4765625 0.965625 0.4703125 0.9734375 0.4640625 0.971875 0.4390625 0.975 0.4375
1 0.175 0.3546875 0.175 0.3609375 0.1796875 0.36875 0.1796875 0.384375 0.178125 0.3859375 0.1734375 0.3796875 0.16875 0.378125 0.1671875 0.3703125 0.1671875 0.3625 0.1703125 0.35625 0.1734375 0.3546875
1 0.0078125 0.5171875 0.0125 0.5203125 0.0171875 0.528125 0.015625 0.5328125 0.0078125 0.5296875 0.0078125 0.51875
1 0.428125 0.325 0.434375 0.3328125 0.4390625 0.3515625 0.44375 0.3546875 0.44375 0.359375 0.4328125 0.3703125 0.4328125 0.3765625 0.4296875 0.378125 0.428125 0.3265625
1 0.853125 0.5421875 0.85625 0.54375 0.8578125 0.553125 0.865625 0.5609375 0.8703125 0.5625 0.871875 0.5984375 0.8859375 0.6265625 0.884375 0.6359375 0.8828125 0.6375 0.8796875 0.6359375 0.8796875 0.625 0.8703125 0.6078125 0.865625 0.60625 0.8625 0.6125 0.8671875 0.628125 0.865625 0.634375 0.8609375 0.6375 0.8609375 0.621875 0.85625 0.6109375 0.8578125 0.596875 0.8609375 0.59375 0.8609375 0.5828125 0.853125 0.575 0.8515625 0.54375
1 0.878125 0.3453125 0.8875 0.3609375 0.8890625 0.36875 0.8875 0.3859375 0.8953125 0.3953125 0.8953125 0.4 0.89375 0.4015625 0.8890625 0.3984375 0.8828125 0.390625 0.8796875 0.396875 0.8796875 0.4078125 0.8765625 0.409375 0.8765625 0.3875 0.8796875 0.3796875 0.8796875 0.371875 0.8765625 0.3703125 0.8765625 0.346875
2 0.521875 0.3875 0.525 0.3875 0.525 0.3921875 0.5296875 0.3984375 0.534375 0.4328125 0.5453125 0.4390625 0.54375 0.4484375 0.5390625 0.440625 0.534375 0.440625 0.53125 0.4359375 0.528125 0.4359375 0.525 0.4390625 0.525 0.453125 0.521875 0.45625 0.521875 0.4328125 0.525 0.4234375 0.521875 0.3890625