0 0.678125 0.7203125 0.0140625 0.0265625
1 0.5578125 0.375 0.5609375 0.38125 0.559375 0.4359375 0.55625 0.434375 0.55625 0.425 0.55 0.3953125 0.55 0.3765625 0.55625 0.375
1 0.2234375 0.290625 0.2265625 0.29375 0.2296875 0.315625 0.2265625 0.3546875 0.2234375 0.3546875 0.221875 0.3515625 0.2203125 0.3 0.2234375 0.2921875
1 0.4734375 0.3859375 0.475 0.3625 0.471875 0.346875 0.4796875 0.33125 0.4859375 0.3328125 0.4859375 0.35625 0.484375 0.3578125 0.4859375 0.3890625 0.484375 0.39375 0.4796875 0.3859375 0.4765625 0.384375 0.475 0.3859375
1 0.5359375 0.375 0.540625 0.3765625 0.5453125 0.3875 0.54375 0.3921875 0.54375 0.4390625 0.5390625 0.4140625 0.534375 0.4171875 0.5296875 0.4328125 0.5296875 0.421875 0.5328125 0.4140625 0.5328125 0.3859375 0.5359375 0.38125 0.5359375 0.3765625
1 0.5609375 0.321875 0.565625 0.3375 0.565625 0.359375 0.5609375 0.3734375 0.55 0.3734375 0.5546875 0.35625 0.5546875 0.334375 0.55625 0.3265625 0.559375 0.3234375
1 0.51875 0.3359375 0.525 0.3390625 0.5296875 0.3515625 0.528125 0.3921875 0.5265625 0.3953125 0.521875 0.38125 0.51875 0.3890625 0.51875 0.3984375 0.515625 0.3984375 0.5140625 0.35 0.51875 0.3375
1 0.4140625 0.275 0.4171875 0.278125 0.4140625 0.3296875 0.4078125 0.3234375 0.4 0.3328125 0.4 0.325 0.4078125 0.3109375 0.4078125 0.3 0.4140625 0.2765625
1 0.5171875 0.3 0.51875 0.303125 0.5171875 0.3125 0.51875 0.3359375 0.5109375 0.3453125 0.5078125 0.353125 0.509375 0.3015625 0.5125 0.2984375 0.515625 0.3
1 0.5703125 0.3984375 0.56875 0.396875 0.56875 0.3765625 0.5703125 0.375 0.56875 0.35625 0.5734375 0.34375 0.5765625 0.3421875 0.58125 0.35 0.5828125 0.3578125 0.58125 0.3734375 0.584375 0.3984375 0.58125 0.3984375 0.578125 0.3859375 0.571875 0.3890625 0.571875 0.396875
1 0.4453125 0.31875 0.45 0.328125 0.4484375 0.3734375 0.4390625 0.375 0.4390625 0.384375 0.43125 0.375 0.4265625 0.384375 0.4265625 0.375 0.43125 0.36875 0.434375 0.3484375 0.4375 0.3453125 0.4390625 0.3328125 0.4453125 0.3203125
1 0.425 0.29375 0.428125 0.29375 0.4328125 0.303125 0.43125 0.3453125 0.428125 0.3453125 0.4265625 0.3390625 0.421875 0.3375 0.4203125 0.3328125 0.421875 0.303125 0.425 0.2953125
1 0.1921875 0.4875 0.1953125 0.4984375 0.1953125 0.5140625 0.1984375 0.528125 0.1984375 0.55625 0.2 0.5578125 0.2 0.5640625 0.1953125 0.5703125 0.1921875 0.571875 0.1859375 0.5265625 0.1859375 0.5015625 0.190625 0.4890625
1 0.4140625 0.328125 0.4203125 0.340625 0.4203125 0.3484375 0.4171875 0.35625 0.415625 0.39375 0.4140625 0.3953125 0.4078125 0.3859375 0.4046875 0.3875 0.4046875 0.3796875 0.4078125 0.375 0.40625 0.365625 0.4078125 0.34375 0.4109375 0.3296875 0.4125 0.3296875
1 0.4453125 0.31875 0.4484375 0.3203125 0.4515625 0.3296875 0.45 0.3734375 0.4484375 0.3765625 0.4453125 0.3734375 0.44375 0.3484375 0.4390625 0.3375 0.4453125 0.3203125
1 0.7265625 0.809375 0.7296875 0.8140625 0.75 0.8109375 0.7515625 0.8078125 0.7515625 0.7890625 0.7484375 0.784375 0.75 0.775 0.7546875 0.775 0.7578125 0.778125 0.7640625 0.7875 0.7671875 0.8 0.7640625 0.825 0.7578125 0.8375 0.75625 0.86875 0.7515625 0.8734375 0.75 0.86875 0.753125 0.8625 0.7546875 0.83125 0.7515625 0.825 0.746875 0.821875 0.734375 0.8234375 0.7265625 0.821875 0.725 0.815625 0.7265625 0.8109375
1 0.49375 0.3125 0.5015625 0.325 0.5015625 0.375 0.5 0.375 0.4984375 0.365625 0.4953125 0.3671875 0.4953125 0.3734375 0.490625 0.3734375 0.4921875 0.35625 0.4890625 0.325 0.49375 0.3140625
1 0.4140625 0.4640625 0.4171875 0.465625 0.4171875 0.4703125 0.425 0.4875 0.425 0.4984375 0.4203125 0.5015625 0.4203125 0.5359375 0.4171875 0.5359375 0.4109375 0.5 0.40625 0.490625 0.40625 0.48125 0.4140625 0.465625
2 0.2234375 0.3515625 0.2203125 0.3671875 0.2203125 0.4234375 0.221875 0.4265625 0.21875 0.428125 0.2140625 0.4234375 0.2140625 0.4015625 0.2125 0.4 0.2140625 0.3671875 0.2234375 0.353125