2 0.2515625 0.5203125 0.25625 0.534375 0.2578125 0.5640625 0.2546875 0.571875 0.24375 0.5796875 0.2390625 0.5890625 0.2375 0.590625 0.2375 0.58125 0.2453125 0.565625 0.2453125 0.55 0.2421875 0.5421875 0.2421875 0.534375 0.25 0.521875
0 0.3859375 0.4796875 0.3890625 0.48125 0.3875 0.4859375 0.3859375 0.4859375 0.3859375 0.48125
1 0.265625 0.7765625 0.26875 0.7765625 0.2703125 0.7796875 0.271875 0.8140625 0.2765625 0.825 0.275 0.84375 0.271875 0.85 0.271875 0.85625 0.2703125 0.85625 0.26875 0.846875 0.271875 0.8375 0.26875 0.8328125 0.265625 0.834375 0.2546875 0.853125 0.2515625 0.8640625 0.25 0.8625 0.25 0.8546875 0.259375 0.83125 0.259375 0.821875 0.2625 0.8109375 0.2625 0.790625 0.265625 0.778125
1 0.5359375 0.5734375 0.5390625 0.5765625 0.5375 0.58125 0.5390625 0.590625 0.55 0.6015625 0.55 0.603125 0.54375 0.603125 0.5390625 0.6 0.5375 0.6015625 0.5390625 0.6234375 0.5359375 0.6296875 0.5359375 0.6359375 0.5328125 0.6375 0.53125 0.6359375 0.5328125 0.6265625 0.528125 0.6234375 0.51875 0.6375 0.515625 0.646875 0.5140625 0.6453125 0.5140625 0.6375 0.5171875 0.6296875 0.525 0.61875 0.525 0.609375 0.521875 0.6046875 0.5234375 0.5875 0.528125 0.584375 0.534375 0.575
1 0.3734375 0.428125 0.3765625 0.4296875 0.3765625 0.4375 0.3796875 0.4453125 0.3796875 0.46875 0.378125 0.4734375 0.3640625 0.4875 0.3640625 0.4796875 0.36875 0.471875 0.3703125 0.4609375 0.36875 0.4421875 0.3734375 0.4296875
1 0.5328125 0.509375 0.5390625 0.5265625 0.5390625 0.534375 0.5359375 0.5390625 0.5359375 0.565625 0.5375 0.5671875 0.5359375 0.5734375 0.5296875 0.565625 0.5171875 0.5640625 0.51875 0.55625 0.521875 0.5578125 0.5265625 0.5546875 0.525 0.5296875 0.5296875 0.5203125 0.53125 0.5109375
1 0.2515625 0.5203125 0.2546875 0.525 0.2546875 0.5328125 0.2578125 0.5390625 0.25625 0.5484375 0.2578125 0.5640625 0.2546875 0.571875 0.24375 0.5796875 0.240625 0.5875 0.2375 0.590625 0.2359375 0.5875 0.2453125 0.565625 0.2453125 0.55 0.2421875 0.54375 0.2421875 0.534375 0.25 0.521875
1 0.3515625 0.49375 0.3546875 0.4953125 0.353125 0.5046875 0.3546875 0.5609375 0.35 0.5609375 0.35 0.5453125 0.3359375 0.5390625 0.3375 0.534375 0.34375 0.528125 0.3453125 0.5125 0.3515625 0.4953125
1 0.115625 0.6125 0.11875 0.6125 0.1203125 0.615625 0.121875 0.6265625 0.1203125 0.640625 0.1296875 0.6671875 0.1296875 0.675 0.1328125 0.678125 0.1328125 0.684375 0.13125 0.6859375 0.1265625 0.684375 0.1234375 0.665625 0.1203125 0.6625 0.115625 0.6625 0.109375 0.6734375 0.0984375 0.678125 0.0984375 0.6734375 0.1109375 0.6609375 0.1109375 0.640625 0.115625 0.6140625
1 0.271875 0.4203125 0.2734375 0.421875 0.2734375 0.4609375 0.2765625 0.4828125 0.2734375 0.48125 0.2703125 0.46875 0.26875 0.4671875 0.265625 0.4703125 0.2578125 0.4609375 0.2578125 0.4578125 0.2640625 0.4546875 0.2640625 0.4359375 0.2703125 0.421875
1 0.0859375 0.60546875 0.02265625 0.08359375
1 0.89375 0.4234375 0.8984375 0.4265625 0.903125 0.4390625 0.9046875 0.46875 0.9109375 0.478125 0.9109375 0.4859375 0.9078125 0.4859375 0.903125 0.478125 0.9 0.4859375 0.8984375 0.4875 0.8953125 0.4859375 0.896875 0.4625 0.8953125 0.4609375 0.89375 0.425
1 0.521875 0.440625 0.5234375 0.4484375 0.528125 0.45625 0.528125 0.471875 0.5265625 0.4734375 0.5265625 0.4890625 0.5203125 0.49375 0.5171875 0.5046875 0.5140625 0.5046875 0.5171875 0.49375 0.515625 0.4546875 0.5203125 0.4421875
1 0.3734375 0.6515625 0.375 0.6609375 0.38125 0.671875 0.38125 0.68125 0.378125 0.6875 0.3765625 0.7234375 0.3703125 0.7125 0.3609375 0.73125 0.359375 0.7328125 0.3578125 0.73125 0.3609375 0.7140625 0.3671875 0.7046875 0.3671875 0.68125 0.3625 0.671875 0.371875 0.653125