0 0.7203125 0.2515625 0.7234375 0.2515625 0.7234375 0.259375 0.7203125 0.259375 0.71875 0.2546875 0.7203125 0.253125
1 0.753125 0.3828125 0.75625 0.3828125 0.75625 0.3890625 0.7609375 0.4 0.7609375 0.409375 0.7578125 0.4140625 0.75625 0.425 0.753125 0.4609375 0.7484375 0.4609375 0.75 0.428125 0.746875 0.4 0.753125 0.384375
1 0.7234375 0.265625 0.7265625 0.265625 0.7265625 0.2703125 0.7296875 0.275 0.7296875 0.3203125 0.7265625 0.321875 0.71875 0.2859375 0.7234375 0.2671875
1 0.484375 0.2078125 0.4875 0.2078125 0.4890625 0.2109375 0.4890625 0.2265625 0.4921875 0.2453125 0.4921875 0.2515625 0.490625 0.2515625 0.4875 0.2421875 0.4828125 0.240625 0.4765625 0.2484375 0.4765625 0.2421875 0.48125 0.2359375 0.484375 0.209375
1 0.5328125 0.728125 0.021875 0.10703125
1 0.390625 0.2546875 0.39375 0.2546875 0.39375 0.29375 0.396875 0.3109375 0.39375 0.3125 0.3921875 0.3109375 0.390625 0.2984375 0.3859375 0.2984375 0.3796875 0.3046875 0.378125 0.303125 0.3796875 0.296875 0.3875 0.2890625 0.3875 0.2703125 0.390625 0.25625
1 0.490625 0.4078125 0.49375 0.4078125 0.49375 0.4328125 0.4921875 0.434375 0.49375 0.4765625 0.4890625 0.478125 0.4890625 0.4578125 0.4875 0.45625 0.4765625 0.465625 0.4734375 0.471875 0.471875 0.4703125 0.471875 0.4625 0.48125 0.4515625 0.4828125 0.43125 0.490625 0.409375
1 0.3921875 0.2453125 0.396875 0.2359375 0.4 0.2140625 0.403125 0.2125 0.4015625 0.2578125 0.4 0.259375 0.3984375 0.25 0.39375 0.246875
1 0.2921875 0.3015625 0.2953125 0.3046875 0.296875 0.3140625 0.296875 0.3515625 0.290625 0.359375 0.290625 0.3703125 0.2859375 0.3671875 0.2859375 0.3578125 0.290625 0.3453125 0.2890625 0.3421875 0.290625 0.303125
1 0.2234375 0.309375 0.225 0.3484375 0.2296875 0.3734375 0.225 0.3734375 0.225 0.365625 0.2203125 0.35625 0.20625 0.3671875 0.20625 0.359375 0.215625 0.3515625 0.2171875 0.346875 0.215625 0.325 0.2203125 0.3109375 0.221875 0.3109375
1 0.24140625 0.284375 0.0140625 0.06640625
1 0.45625 0.2734375 0.45625 0.2703125 0.4625 0.2640625 0.4625 0.253125 0.46875 0.2375 0.471875 0.24375 0.471875 0.2546875 0.4671875 0.2640625 0.465625 0.2828125 0.4640625 0.284375 0.4625 0.2765625 0.4578125 0.2734375
1 0.0953125 0.628125 0.09375 0.6265625 0.0921875 0.5546875 0.096875 0.5453125 0.096875 0.5390625 0.1 0.5359375 0.103125 0.5375 0.103125 0.553125 0.10625 0.5625 0.10625 0.5859375 0.1078125 0.5875 0.10625 0.6015625 0.1 0.609375 0.1 0.625 0.096875 0.6265625
1 0.2640625 0.5078125 0.2625 0.4921875 0.265625 0.484375 0.265625 0.46875 0.2671875 0.4671875 0.265625 0.4484375 0.26875 0.4421875 0.26875 0.434375 0.2703125 0.4328125 0.2734375 0.434375 0.275 0.4609375 0.278125 0.475 0.278125 0.4953125 0.28125 0.5015625 0.2796875 0.5046875 0.2765625 0.503125 0.275 0.4890625 0.271875 0.484375 0.2671875 0.4921875 0.265625 0.50625
1 0.2859375 0.25 0.2890625 0.25 0.2921875 0.265625 0.2921875 0.2703125 0.2890625 0.275 0.290625 0.3 0.2890625 0.303125 0.284375 0.3046875 0.2828125 0.309375 0.2796875 0.3078125 0.2796875 0.2984375 0.2828125 0.2921875 0.28125 0.2625 0.2859375 0.2515625
1 0.0140625 0.3875 0.01875 0.3875 0.021875 0.4125 0.0203125 0.4234375 0.021875 0.4359375 0.025 0.4453125 0.025 0.4546875 0.0296875 0.4609375 0.0265625 0.4625 0.021875 0.4609375 0.021875 0.4515625 0.01875 0.4421875 0 0.459375 0 0.45 0.009375 0.440625 0.0078125 0.4046875 0.0140625 0.3953125 0.0140625 0.3890625
1 0.5265625 0.25625 0.5296875 0.28125 0.528125 0.296875 0.525 0.303125 0.5171875 0.3109375 0.5140625 0.3109375 0.5140625 0.3046875 0.51875 0.296875 0.51875 0.2671875 0.525 0.2578125
1 0.8140625 0.5203125 0.8171875 0.5203125 0.8171875 0.5296875 0.8234375 0.540625 0.8234375 0.553125 0.8203125 0.5578125 0.8140625 0.6 0.8125 0.6046875 0.8078125 0.60625 0.809375 0.575 0.80625 0.5453125 0.8078125 0.5375 0.8125 0.53125 0.8140625 0.521875
1 0.0671875 0.2921875 0.0703125 0.309375 0.0671875 0.3171875 0.0671875 0.3296875 0.071875 0.3609375 0.06875 0.3609375 0.0640625 0.34375 0.0609375 0.34375 0.053125 0.3546875 0.0515625 0.3515625 0.059375 0.334375 0.059375 0.3203125 0.05625 0.3109375 0.0625 0.2984375 0.0625 0.29375 0.065625 0.2921875
1 0.5859375 0.2265625 0.5890625 0.2265625 0.590625 0.2546875 0.596875 0.2796875 0.596875 0.2828125 0.59375 0.2828125 0.590625 0.2703125 0.5875 0.2671875 0.5765625 0.278125 0.5765625 0.2734375 0.5828125 0.2640625 0.584375 0.25625 0.5859375 0.228125
1 0.7765625 0.2484375 0.7796875 0.25 0.7875 0.265625 0.78125 0.26875 0.784375 0.290625 0.7828125 0.29375 0.778125 0.2890625 0.775 0.296875 0.771875 0.2921875 0.7703125 0.2640625 0.765625 0.2609375 0.76875 0.253125 0.775 0.2484375
2 0.4296875 0.3375 0.4328125 0.3375 0.434375 0.3484375 0.4328125 0.4078125 0.425 0.40625 0.4234375 0.4 0.428125 0.3890625 0.4265625 0.36875 0.4296875 0.3390625