0 0.7015625 0.55625 0.003125 0.00625
1 0.23125 0.7109375 0.23125 0.7265625 0.2359375 0.7375 0.234375 0.7578125 0.2375 0.7640625 0.240625 0.7953125 0.246875 0.803125 0.24375 0.809375 0.2390625 0.809375 0.234375 0.7828125 0.23125 0.7796875 0.225 0.784375 0.2140625 0.8046875 0.2109375 0.803125 0.2125 0.79375 0.2234375 0.778125 0.2234375 0.7484375 0.2203125 0.74375 0.2203125 0.7328125 0.225 0.721875 0.225 0.715625 0.2296875 0.7109375
1 0.5296875 0.4484375 0.5296875 0.4734375 0.5328125 0.4796875 0.5328125 0.490625 0.53125 0.5015625 0.5265625 0.5125 0.525 0.5265625 0.521875 0.525 0.5234375 0.5109375 0.521875 0.4625 0.525 0.45 0.528125 0.4484375
1 0.584375 0.49375 0.5890625 0.4953125 0.5890625 0.50625 0.5984375 0.525 0.5921875 0.5265625 0.5890625 0.53125 0.5875 0.5640625 0.584375 0.578125 0.58125 0.578125 0.5796875 0.5609375 0.5828125 0.5484375 0.5765625 0.5234375 0.5765625 0.515625 0.584375 0.4953125
1 0.453125 0.4375 0.4546875 0.4515625 0.45 0.4671875 0.4515625 0.4875 0.446875 0.5046875 0.44375 0.5015625 0.4453125 0.4953125 0.44375 0.4859375 0.4375 0.490625 0.4296875 0.50625 0.428125 0.50625 0.428125 0.5 0.4359375 0.4859375 0.4390625 0.46875 0.4515625 0.4390625
1 0.4640625 0.5171875 0.4640625 0.5234375 0.4703125 0.5359375 0.4703125 0.546875 0.4671875 0.5515625 0.465625 0.596875 0.4578125 0.5953125 0.45625 0.553125 0.453125 0.546875 0.453125 0.5359375 0.459375 0.5234375 0.459375 0.51875 0.4625 0.5171875
1 0.5015625 0.58125 0.5046875 0.58125 0.5046875 0.5890625 0.509375 0.6 0.5078125 0.6109375 0.509375 0.6328125 0.5109375 0.6421875 0.515625 0.6484375 0.5125 0.653125 0.509375 0.6515625 0.50625 0.634375 0.5015625 0.63125 0.49375 0.64375 0.490625 0.64375 0.490625 0.6390625 0.4953125 0.634375 0.4984375 0.6234375 0.4984375 0.590625 0.5015625 0.5828125
1 0.5078125 0.4984375 0.5125 0.4984375 0.5125 0.515625 0.5109375 0.5171875 0.5125 0.5421875 0.509375 0.5625 0.5125 0.58125 0.5109375 0.5828125 0.5046875 0.58125 0.50625 0.5609375 0.5015625 0.5328125 0.5015625 0.5125 0.5078125 0.5
1 0.240625 0.4015625 0.2453125 0.403125 0.2484375 0.4234375 0.2484375 0.4484375 0.240625 0.4625 0.240625 0.4671875 0.2375 0.46875 0.2359375 0.465625 0.2375 0.4546875 0.240625 0.45 0.240625 0.428125 0.2375 0.4234375 0.240625 0.403125
1 0.6921875 0.5 0.696875 0.5125 0.696875 0.540625 0.7015625 0.5578125 0.7015625 0.5703125 0.7 0.571875 0.696875 0.5703125 0.696875 0.5609375 0.6921875 0.553125 0.690625 0.5546875 0.690625 0.5734375 0.6890625 0.578125 0.6875 0.5765625 0.6875 0.5546875 0.684375 0.5484375 0.684375 0.528125 0.68125 0.5234375 0.68125 0.5140625 0.6921875 0.5015625
1 0.2015625 0.5234375 0.20625 0.5234375 0.20625 0.5375 0.2125 0.5546875 0.2109375 0.559375 0.2125 0.590625 0.2078125 0.6 0.20625 0.609375 0.2 0.6078125 0.2015625 0.5984375 0.2 0.5328125 0.2015625 0.525
1 0.6125 0.4953125 0.6140625 0.49375 0.6125 0.4609375 0.615625 0.4515625 0.621875 0.446875 0.625 0.45 0.6296875 0.465625 0.628125 0.4859375 0.63125 0.4921875 0.628125 0.49375 0.625 0.4859375 0.621875 0.484375 0.6171875 0.4890625 0.6171875 0.4984375 0.6140625 0.496875
1 0.175 0.3875 0.178125 0.3875 0.1796875 0.4015625 0.1828125 0.4078125 0.18125 0.4125 0.1828125 0.428125 0.178125 0.45 0.175 0.4515625 0.1703125 0.446875 0.1734375 0.4375 0.171875 0.4109375 0.175 0.3890625
2 0.2484375 0.5125 0.2484375 0.5234375 0.2515625 0.5328125 0.2515625 0.559375 0.259375 0.5953125 0.2578125 0.596875 0.2546875 0.5953125 0.2515625 0.578125 0.246875 0.575 0.2390625 0.5890625 0.2375 0.5984375 0.2359375 0.5984375 0.2359375 0.5890625 0.24375 0.565625 0.240625 0.546875 0.240625 0.525 0.24375 0.5203125 0.24375 0.5140625 0.246875 0.5125