0 0.546875 0.5859375 0.5453125 0.5828125 0.546875 0.575 0.5515625 0.575 0.553125 0.578125 0.5515625 0.5859375 0.5484375 0.5859375
1 0.5453125 0.5015625 0.55 0.496875 0.553125 0.5 0.5546875 0.509375 0.5625 0.515625 0.5578125 0.525 0.55625 0.5578125 0.5625 0.571875 0.5671875 0.5765625 0.56875 0.5859375 0.5671875 0.5875 0.5640625 0.5859375 0.55625 0.5765625 0.553125 0.5765625 0.55 0.5734375 0.5453125 0.5578125 0.5453125 0.55 0.5484375 0.5421875 0.546875 0.503125
1 0.9578125 0.4734375 0.02890625 0.08046875
1 0.6171875 0.5296875 0.621875 0.53125 0.621875 0.5375 0.628125 0.55 0.63125 0.5734375 0.6421875 0.5765625 0.6421875 0.58125 0.6359375 0.5828125 0.634375 0.5859375 0.625 0.590625 0.6265625 0.6078125 0.621875 0.609375 0.61875 0.6078125 0.6203125 0.603125 0.61875 0.5953125 0.6203125 0.5578125 0.6171875 0.53125
1 0.4421875 0.4375 0.446875 0.4375 0.4484375 0.4453125 0.45625 0.4546875 0.45625 0.4859375 0.4703125 0.4890625 0.4703125 0.4984375 0.4625 0.4953125 0.4546875 0.4953125 0.45 0.490625 0.446875 0.4953125 0.446875 0.515625 0.44375 0.5171875 0.4390625 0.515625 0.44375 0.50625 0.44375 0.484375 0.446875 0.4765625 0.446875 0.465625 0.4421875 0.4609375 0.4390625 0.4640625 0.4421875 0.4390625
1 0.675 0.4953125 0.6765625 0.4875 0.678125 0.4859375 0.68125 0.4875 0.68125 0.4953125 0.690625 0.509375 0.6890625 0.51875 0.690625 0.5375 0.7 0.546875 0.7078125 0.55 0.7078125 0.5609375 0.70625 0.5625 0.7 0.553125 0.6875 0.5484375 0.6875 0.5453125 0.68125 0.540625 0.675 0.55 0.675 0.565625 0.671875 0.5703125 0.66875 0.5703125 0.6671875 0.5671875 0.671875 0.5609375 0.671875 0.54375 0.6796875 0.5234375 0.675 0.515625 0.6765625 0.5140625 0.6765625 0.496875
1 0.76875 0.8375 0.771875 0.8375 0.7765625 0.8453125 0.7765625 0.8546875 0.78125 0.8640625 0.7828125 0.88125 0.7859375 0.8875 0.7875 0.909375 0.790625 0.9109375 0.796875 0.9046875 0.80625 0.9140625 0.80625 0.9171875 0.796875 0.91875 0.7875 0.9296875 0.7765625 0.93125 0.7734375 0.9625 0.7671875 0.9640625 0.7640625 0.9609375 0.7703125 0.946875 0.7703125 0.921875 0.7734375 0.9109375 0.7734375 0.90625 0.7671875 0.8984375 0.771875 0.8890625 0.76875 0.8390625
1 0.396875 0.5328125 0.4015625 0.5328125 0.4078125 0.55 0.409375 0.5859375 0.421875 0.603125 0.421875 0.6140625 0.4203125 0.6140625 0.4171875 0.60625 0.40625 0.596875 0.4046875 0.5890625 0.3984375 0.5859375 0.39375 0.5921875 0.3921875 0.6109375 0.390625 0.6125 0.3875 0.609375 0.3921875 0.5875 0.39375 0.5484375 0.396875 0.534375
1 0.5109375 0.5453125 0.515625 0.546875 0.515625 0.553125 0.5234375 0.5625 0.5265625 0.571875 0.5265625 0.58125 0.5203125 0.5921875 0.5203125 0.596875 0.5234375 0.6015625 0.5234375 0.6078125 0.5203125 0.6125 0.5203125 0.6265625 0.51875 0.628125 0.515625 0.6265625 0.5109375 0.60625 0.5109375 0.58125 0.5078125 0.5765625 0.5078125 0.5625 0.5109375 0.5578125 0.5109375 0.546875
1 0.55 0.7171875 0.5546875 0.7203125 0.5578125 0.7328125 0.5578125 0.740625 0.553125 0.7421875 0.553125 0.759375 0.5640625 0.7859375 0.571875 0.79375 0.5703125 0.8109375 0.5671875 0.8078125 0.5671875 0.8 0.5625 0.790625 0.5453125 0.76875 0.54375 0.7734375 0.55 0.7890625 0.546875 0.7953125 0.54375 0.7984375 0.5421875 0.796875 0.5421875 0.784375 0.534375 0.7703125 0.5375 0.753125 0.5328125 0.7484375 0.5296875 0.740625 0.5296875 0.734375 0.5328125 0.734375 0.5359375 0.7296875 0.534375 0.709375 0.5375 0.7078125 0.5453125 0.7171875 0.5484375 0.7171875
1 0.93125 0.4734375 0.9359375 0.4734375 0.9375 0.4796875 0.9453125 0.4890625 0.946875 0.4953125 0.9453125 0.51875 0.9515625 0.534375 0.9578125 0.5421875 0.9578125 0.553125 0.9546875 0.553125 0.946875 0.5375 0.9375 0.5296875 0.9328125 0.5375 0.93125 0.5515625 0.925 0.553125 0.9234375 0.55 0.928125 0.546875 0.9296875 0.5421875 0.928125 0.5234375 0.934375 0.509375 0.9328125 0.5 0.928125 0.4984375 0.9328125 0.4921875 0.93125 0.475
1 0.9953125 0.55 0.9984375 0.5546875 0.9984375 0.6453125 0.99375 0.64375 0.996875 0.6296875 0.9921875 0.615625 0.9921875 0.5875 0.990625 0.5859375 0.990625 0.5703125 0.9921875 0.56875 0.990625 0.5515625 0.99375 0.55
1 0.8796875 0.5609375 0.884375 0.5515625 0.884375 0.528125 0.8859375 0.5265625 0.8890625 0.528125 0.8921875 0.5421875 0.8984375 0.553125 0.896875 0.5765625 0.90625 0.596875 0.9125 0.6015625 0.9140625 0.60625 0.9109375 0.615625 0.9078125 0.6140625 0.9078125 0.6078125 0.9 0.596875 0.896875 0.5875 0.8921875 0.5828125 0.8875 0.5828125 0.884375 0.5859375 0.8828125 0.59375 0.884375 0.6109375 0.8765625 0.6109375 0.8765625 0.60625 0.8796875 0.603125 0.8796875 0.5796875 0.8859375 0.5640625 0.88125 0.5609375
1 0.575 0.353125 0.5796875 0.3546875 0.584375 0.3859375 0.5953125 0.4078125 0.5953125 0.415625 0.5921875 0.415625 0.5859375 0.4 0.5828125 0.3984375 0.58125 0.4078125 0.578125 0.4109375 0.5734375 0.4 0.575 0.3546875
2 0.8265625 0.4734375 0.828125 0.46875 0.828125 0.4 0.8296875 0.3984375 0.8328125 0.4 0.8375 0.415625 0.8390625 0.4359375 0.8453125 0.4390625 0.8484375 0.44375 0.840625 0.4484375 0.8328125 0.4578125 0.83125 0.4734375 0.828125 0.4734375