1 0.3875 0.40390625 0.01640625 0.05859375
1 0.534375 0.9984375 0.534375 0.984375 0.5375 0.978125 0.5421875 0.978125 0.54375 0.98125 0.5453125 0.9984375 0.5359375 0.9984375
1 0.5375 0.3125 0.540625 0.3125 0.5453125 0.3203125 0.546875 0.325 0.5453125 0.340625 0.553125 0.35 0.553125 0.353125 0.5390625 0.346875 0.5359375 0.35 0.5359375 0.3609375 0.5328125 0.3609375 0.5375 0.3140625
1 0.5359375 0.434375 0.5390625 0.434375 0.540625 0.4421875 0.5484375 0.453125 0.5453125 0.4671875 0.546875 0.4859375 0.55 0.49375 0.559375 0.50625 0.5578125 0.5125 0.55 0.503125 0.5453125 0.4921875 0.5390625 0.4875 0.5375 0.4890625 0.5375 0.5171875 0.5359375 0.51875 0.5328125 0.515625 0.534375 0.5140625 0.5328125 0.490625 0.5375 0.475 0.5375 0.4671875 0.5328125 0.4640625 0.5359375 0.45 0.5359375 0.4359375
1 0.48671875 0.35 0.0171875 0.06640625
2 0.675 0.40625 0.684375 0.425 0.6859375 0.4484375 0.6921875 0.453125 0.6921875 0.459375 0.6875 0.459375 0.684375 0.4625 0.6859375 0.478125 0.6828125 0.4765625 0.678125 0.4609375 0.678125 0.4359375 0.6703125 0.4140625 0.6734375 0.4078125
1 0.984375 0.3625 0.990625 0.3890625 0.9875 0.409375 0.9875 0.440625 0.984375 0.44375 0.98125 0.440625 0.9765625 0.425 0.9796875 0.3640625 0.9828125 0.3625
1 0.6515625 0.39375 0.6546875 0.39375 0.6578125 0.4015625 0.6609375 0.4140625 0.659375 0.4296875 0.6671875 0.45 0.6671875 0.4578125 0.665625 0.4578125 0.6609375 0.4515625 0.65 0.4453125 0.6484375 0.4375 0.653125 0.4234375 0.65 0.415625 0.6515625 0.3953125
1 0.2484375 0.390625 0.2515625 0.390625 0.253125 0.3984375 0.2578125 0.40625 0.25625 0.4421875 0.2625 0.459375 0.2625 0.4625 0.259375 0.4625 0.25625 0.4578125 0.25 0.4390625 0.2484375 0.421875 0.2421875 0.4109375 0.246875 0.4015625 0.2484375 0.3921875
1 0.8703125 0.5578125 0.8734375 0.5609375 0.875 0.5734375 0.8796875 0.578125 0.8796875 0.6234375 0.8828125 0.628125 0.8859375 0.628125 0.8875 0.634375 0.8859375 0.6359375 0.8734375 0.634375 0.875 0.5875 0.871875 0.58125 0.86875 0.559375
1 0.7953125 0.4234375 0.796875 0.3890625 0.7984375 0.3875 0.796875 0.3578125 0.7984375 0.35625 0.8015625 0.3578125 0.803125 0.3625 0.8046875 0.3984375 0.8125 0.4 0.8140625 0.4046875 0.8046875 0.4078125 0.8 0.4125 0.8 0.4234375 0.796875 0.4234375
1 0.4 0.38125 0.403125 0.384375 0.4078125 0.4046875 0.409375 0.425 0.4171875 0.4421875 0.4140625 0.4484375 0.4125 0.4390625 0.4046875 0.4296875 0.403125 0.4390625 0.4 0.4421875 0.396875 0.4296875 0.396875 0.41875 0.4 0.4109375 0.3984375 0.40625 0.3984375 0.384375 0.4 0.3828125
1 0.41875 0.3578125 0.4265625 0.3671875 0.4296875 0.384375 0.4296875 0.4109375 0.428125 0.4140625 0.425 0.4109375 0.4203125 0.3984375 0.4203125 0.3875 0.4171875 0.375 0.41875 0.359375
1 0.203125 0.4515625 0.2078125 0.453125 0.2078125 0.4609375 0.2109375 0.4625 0.2171875 0.475 0.215625 0.478125 0.215625 0.5109375 0.21875 0.515625 0.21875 0.53125 0.2203125 0.5328125 0.2171875 0.5375 0.215625 0.5359375 0.2078125 0.5125 0.20625 0.4921875 0.2 0.4859375 0.203125 0.453125
1 0.83125 0.365625 0.83125 0.3734375 0.8296875 0.371875 0.8203125 0.3734375 0.81875 0.3859375 0.8171875 0.3875 0.8140625 0.3859375 0.8140625 0.36875 0.815625 0.3671875 0.8140625 0.325 0.815625 0.3234375 0.8203125 0.3265625 0.8234375 0.3375 0.8234375 0.3625 0.8296875 0.365625
1 0.359375 0.3640625 0.3625 0.365625 0.36875 0.3765625 0.36875 0.3875 0.365625 0.4 0.3671875 0.409375 0.3703125 0.4125 0.36875 0.421875 0.365625 0.421875 0.3625 0.4125 0.3578125 0.4078125 0.3578125 0.3890625 0.35625 0.3875 0.3578125 0.365625
1 0.1296875 0.540625 0.1296875 0.534375 0.11875 0.515625 0.1171875 0.475 0.121875 0.46875 0.125 0.4578125 0.128125 0.459375 0.128125 0.465625 0.1328125 0.4734375 0.1328125 0.534375 0.134375 0.5375 0.1328125 0.5421875 0.13125 0.540625
1 0.659375 0.3671875 0.6625 0.3671875 0.6640625 0.3703125 0.66875 0.4078125 0.66875 0.4171875 0.6640625 0.4109375 0.6609375 0.4109375 0.6578125 0.403125 0.659375 0.36875
1 0.865625 0.5640625 0.8703125 0.5703125 0.8703125 0.5796875 0.875 0.590625 0.8734375 0.6375 0.8859375 0.6421875 0.8859375 0.653125 0.8828125 0.6609375 0.8796875 0.6625 0.878125 0.6609375 0.878125 0.6546875 0.875 0.6515625 0.86875 0.6515625 0.8671875 0.653125 0.86875 0.6734375 0.8625 0.6734375 0.8640625 0.6640625 0.8609375 0.64375 0.8625 0.6109375 0.859375 0.6046875 0.8625 0.5984375 0.8640625 0.565625