1 0.62421875 0.4125 0.0203125 0.0609375
1 0.6390625 0.4875 0.0234375 0.09140625
1 0.578125 0.371875 0.58125 0.3734375 0.5875 0.3875 0.5890625 0.396875 0.5875 0.4234375 0.5984375 0.434375 0.5984375 0.446875 0.5953125 0.4390625 0.5890625 0.4359375 0.584375 0.4296875 0.58125 0.434375 0.58125 0.4390625 0.578125 0.4421875 0.5765625 0.440625 0.5796875 0.4109375 0.5765625 0.384375 0.578125 0.3734375
1 0.6546875 0.796875 0.6578125 0.803125 0.6578125 0.8140625 0.665625 0.828125 0.6734375 0.8515625 0.6734375 0.85625 0.6703125 0.8578125 0.665625 0.84375 0.6609375 0.840625 0.6578125 0.85 0.659375 0.8828125 0.665625 0.896875 0.6734375 0.90625 0.675 0.9109375 0.6734375 0.9234375 0.671875 0.925 0.66875 0.9125 0.65 0.88125 0.646875 0.8828125 0.646875 0.909375 0.640625 0.9109375 0.6390625 0.9078125 0.640625 0.90625 0.640625 0.8671875 0.646875 0.859375 0.646875 0.846875 0.6453125 0.8421875 0.6390625 0.8375 0.6390625 0.8328125 0.6515625 0.8125 0.653125 0.7984375
1 0.615625 0.471875 0.61875 0.471875 0.61875 0.478125 0.6265625 0.496875 0.6265625 0.5078125 0.6203125 0.515625 0.6203125 0.528125 0.6234375 0.5359375 0.6203125 0.5390625 0.6140625 0.534375 0.6109375 0.5375 0.6125 0.55 0.609375 0.553125 0.60625 0.5515625 0.6109375 0.5046875 0.609375 0.503125 0.6015625 0.5125 0.6015625 0.5078125 0.609375 0.496875 0.6140625 0.484375 0.615625 0.4734375
2 0.953125 0.415625 0.95625 0.415625 0.9578125 0.41875 0.9625 0.4359375 0.9609375 0.4671875 0.9703125 0.4703125 0.9703125 0.4734375 0.9546875 0.4796875 0.953125 0.4828125 0.9546875 0.4953125 0.953125 0.4984375 0.95 0.4953125 0.9484375 0.4515625 0.9515625 0.4484375 0.953125 0.4359375 0.9515625 0.41875 0.953125 0.4171875
1 0.675 0.3453125 0.678125 0.35 0.68125 0.3859375 0.6859375 0.3953125 0.69375 0.403125 0.69375 0.4078125 0.690625 0.4109375 0.6890625 0.4046875 0.675 0.3921875 0.671875 0.3953125 0.671875 0.409375 0.66875 0.409375 0.66875 0.3890625 0.671875 0.38125 0.6734375 0.3484375 0.675 0.346875
1 0.190625 0.33203125 0.01640625 0.05859375
1 0.5296875 0.4421875 0.5328125 0.44375 0.5328125 0.4578125 0.5359375 0.46875 0.53125 0.49375 0.5359375 0.525 0.528125 0.5125 0.525 0.5125 0.521875 0.5203125 0.51875 0.521875 0.51875 0.515625 0.521875 0.5125 0.525 0.5 0.5234375 0.4625 0.521875 0.4609375 0.528125 0.4484375 0.528125 0.44375
1 0.7453125 0.4625 0.7484375 0.4609375 0.7515625 0.4375 0.7546875 0.4390625 0.7546875 0.4453125 0.7609375 0.4546875 0.7578125 0.49375 0.7609375 0.50625 0.7671875 0.51875 0.7671875 0.5265625 0.7640625 0.5296875 0.7640625 0.5234375 0.759375 0.5140625 0.753125 0.5109375 0.75 0.5015625 0.74375 0.49375 0.7484375 0.484375 0.7484375 0.475 0.7453125 0.4703125 0.7453125 0.4640625
1 0.4875 0.6 0.4890625 0.6109375 0.4953125 0.621875 0.496875 0.6546875 0.5 0.6578125 0.50625 0.6578125 0.5109375 0.6625 0.5109375 0.66875 0.50625 0.66875 0.5046875 0.665625 0.4953125 0.66875 0.4921875 0.6609375 0.4859375 0.6609375 0.484375 0.6625 0.484375 0.69375 0.4765625 0.6921875 0.4796875 0.6859375 0.4796875 0.6625 0.4828125 0.6515625 0.4828125 0.6421875 0.4765625 0.6375 0.4765625 0.634375 0.48125 0.6296875 0.484375 0.6140625 0.4828125 0.6015625 0.4859375 0.6