0 0.5671875 0.5453125 0.5703125 0.546875 0.5703125 0.553125 0.565625 0.5515625 0.5671875 0.546875
1 0.31875 0.684375 0.321875 0.6875 0.3203125 0.7015625 0.325 0.7078125 0.3203125 0.7140625 0.3203125 0.7328125 0.321875 0.734375 0.3203125 0.7453125 0.315625 0.746875 0.315625 0.7421875 0.3109375 0.7375 0.30625 0.7375 0.303125 0.7328125 0.309375 0.7265625 0.3109375 0.721875 0.3109375 0.703125 0.3171875 0.6859375
1 0.2328125 0.4640625 0.2359375 0.46875 0.2359375 0.4921875 0.2375 0.49375 0.2375 0.5046875 0.234375 0.5171875 0.225 0.521875 0.2234375 0.5203125 0.2234375 0.5109375 0.228125 0.4984375 0.2265625 0.490625 0.23125 0.465625
1 0.5484375 0.53125 0.553125 0.5328125 0.553125 0.5375 0.5578125 0.54375 0.553125 0.553125 0.5546875 0.559375 0.55 0.575 0.5546875 0.5828125 0.553125 0.5859375 0.55 0.5859375 0.546875 0.5796875 0.540625 0.575 0.5421875 0.5640625 0.540625 0.5484375 0.5453125 0.54375 0.5484375 0.5328125
1 0.4375 0.6734375 0.440625 0.684375 0.440625 0.6984375 0.4375 0.7046875 0.4390625 0.715625 0.434375 0.7359375 0.4359375 0.7375 0.4328125 0.7421875 0.4296875 0.7421875 0.425 0.7328125 0.425 0.7234375 0.4296875 0.71875 0.428125 0.6828125 0.4359375 0.6734375
1 0.39748842592592587 0.5748495370370371 0.027829861111111097 0.06165509259259254
1 0.4984375 0.5390625 0.5015625 0.5390625 0.5046875 0.5875 0.503125 0.5890625 0.496875 0.5875 0.490625 0.59375 0.4890625 0.5921875 0.4890625 0.584375 0.4921875 0.5796875 0.4953125 0.5625 0.49375 0.5515625 0.4984375 0.540625
1 0.309375 0.3953125 0.3125 0.396875 0.3125 0.415625 0.3171875 0.44375 0.315625 0.4453125 0.30625 0.440625 0.30625 0.4234375 0.3078125 0.421875 0.30625 0.4046875 0.309375 0.396875
1 0.178125 0.9390625 0.18125 0.9421875 0.18125 0.9484375 0.1765625 0.9578125 0.175 0.9703125 0.1765625 0.9765625 0.1734375 0.9796875 0.1671875 0.9765625 0.1703125 0.96875 0.16875 0.9546875 0.1609375 0.9671875 0.159375 0.978125 0.15625 0.98125 0.153125 0.98125 0.153125 0.971875 0.15625 0.96875 0.159375 0.9546875 0.1625 0.9515625 0.1625 0.940625 0.1765625 0.9390625
1 0.1625 0.5203125 0.16875 0.553125 0.16875 0.565625 0.165625 0.5703125 0.1671875 0.571875 0.165625 0.575 0.15625 0.58125 0.153125 0.578125 0.15625 0.571875 0.1546875 0.5703125 0.1578125 0.546875 0.15625 0.5421875 0.1609375 0.521875
1 0.171875 0.6421875 0.175 0.6421875 0.18125 0.6546875 0.184375 0.6765625 0.184375 0.684375 0.1796875 0.690625 0.1796875 0.7015625 0.1828125 0.70625 0.184375 0.7171875 0.1828125 0.7203125 0.1796875 0.7203125 0.178125 0.7140625 0.1703125 0.7078125 0.1703125 0.703125 0.1734375 0.6984375 0.171875 0.678125 0.16875 0.675 0.16875 0.653125 0.171875 0.64375
1 0.33125 0.60625 0.33125 0.6265625 0.334375 0.65 0.328125 0.6625 0.321875 0.66875 0.31875 0.6671875 0.31875 0.6625 0.321875 0.6578125 0.321875 0.6453125 0.325 0.6328125 0.3234375 0.621875 0.3265625 0.6078125 0.3296875 0.60625
1 0.809375 0.534375 0.8125 0.5421875 0.8125 0.5578125 0.80625 0.5875 0.8078125 0.590625 0.8046875 0.5953125 0.8015625 0.5890625 0.803125 0.5640625 0.8 0.55 0.8046875 0.5359375 0.8078125 0.534375
1 0.08125 0.6078125 0.084375 0.6078125 0.0859375 0.621875 0.0859375 0.646875 0.0875 0.6484375 0.0859375 0.671875 0.0875 0.6734375 0.0859375 0.6765625 0.0828125 0.6765625 0.071875 0.6703125 0.0765625 0.659375 0.075 0.646875 0.0765625 0.61875 0.08125 0.609375
1 0.21875 0.409375 0.221875 0.409375 0.221875 0.4140625 0.225 0.4171875 0.2265625 0.440625 0.23125 0.4484375 0.23125 0.4546875 0.228125 0.4546875 0.2234375 0.446875 0.2203125 0.45 0.2203125 0.45625 0.21875 0.4578125 0.215625 0.4546875 0.2171875 0.453125 0.2171875 0.4234375 0.21875 0.421875 0.2171875 0.4140625 0.21875 0.4109375
1 0.2953125 0.53125 0.2984375 0.53125 0.2984375 0.5421875 0.3015625 0.5484375 0.3 0.5734375 0.303125 0.590625 0.303125 0.59375 0.2984375 0.59375 0.2953125 0.596875 0.296875 0.6015625 0.2953125 0.603125 0.290625 0.603125 0.2890625 0.6 0.2890625 0.5953125 0.29375 0.5890625 0.2921875 0.54375 0.2953125 0.5328125
1 0.696875 0.4453125 0.7015625 0.4453125 0.7078125 0.4609375 0.7046875 0.478125 0.709375 0.4875 0.709375 0.4921875 0.7046875 0.4921875 0.703125 0.484375 0.7 0.490625 0.6953125 0.4921875 0.6953125 0.45625 0.69375 0.4546875 0.696875 0.446875
1 0.6453125 0.6203125 0.6484375 0.6203125 0.6484375 0.6296875 0.6515625 0.6375 0.6515625 0.6546875 0.6484375 0.6625 0.65 0.6765625 0.6453125 0.684375 0.6453125 0.6890625 0.6421875 0.6890625 0.6390625 0.6796875 0.640625 0.6703125 0.64375 0.6671875 0.640625 0.6640625 0.6375 0.6375 0.6453125 0.621875
1 0.446875 0.475 0.45 0.475 0.45 0.4921875 0.4484375 0.49375 0.45 0.5125 0.4453125 0.521875 0.440625 0.5171875 0.4390625 0.521875 0.434375 0.5234375 0.434375 0.515625 0.4390625 0.50625 0.4375 0.5 0.4390625 0.4921875 0.446875 0.4765625
2 0.440625 0.5265625 0.44375 0.5234375 0.4484375 0.5234375 0.453125 0.528125 0.453125 0.5328125 0.45 0.5421875 0.4515625 0.553125 0.45 0.5609375 0.446875 0.56875 0.4421875 0.5734375 0.4390625 0.5734375 0.4390625 0.5640625 0.4421875 0.5578125 0.440625 0.5515625 0.4421875 0.528125