1 0.125 0.5328125 0.128125 0.5328125 0.1296875 0.54375 0.128125 0.5578125 0.1328125 0.5625 0.1328125 0.565625 0.128125 0.5671875 0.125 0.5734375 0.1265625 0.5875 0.1203125 0.6109375 0.1171875 0.6125 0.1140625 0.609375 0.115625 0.6 0.1109375 0.590625 0.1125 0.5859375 0.115625 0.584375 0.115625 0.5515625 0.125 0.534375
1 0.24375 0.609375 0.2484375 0.64375 0.24375 0.646875 0.240625 0.65625 0.24375 0.6671875 0.240625 0.6859375 0.240625 0.70625 0.2359375 0.7078125 0.234375 0.7046875 0.2359375 0.684375 0.2328125 0.6828125 0.2265625 0.69375 0.2234375 0.6953125 0.221875 0.7078125 0.21875 0.7109375 0.215625 0.709375 0.215625 0.7 0.2203125 0.6953125 0.2203125 0.690625 0.2296875 0.6671875 0.23125 0.653125 0.2296875 0.63125 0.2328125 0.621875 0.2359375 0.6203125 0.2390625 0.6109375 0.2421875 0.609375
1 0.50625 0.4890625 0.5109375 0.4890625 0.5109375 0.49375 0.509375 0.4953125 0.509375 0.5140625 0.503125 0.5265625 0.503125 0.540625 0.4890625 0.5640625 0.484375 0.565625 0.484375 0.5578125 0.49375 0.5390625 0.4953125 0.5015625 0.50625 0.490625
1 0.0078125 0.5078125 0.0140625 0.51875 0.0125 0.5296875 0.0140625 0.553125 0.0046875 0.58125 0 0.575 0 0.55 0.0015625 0.5484375 0 0.5125 0.00625 0.5078125
1 0.703125 0.409375 0.70625 0.425 0.7 0.43125 0.6984375 0.4484375 0.6875 0.4609375 0.68125 0.459375 0.6875 0.45 0.690625 0.421875 0.69375 0.415625 0.7015625 0.409375
1 0.1765625 0.4578125 0.18125 0.4625 0.18125 0.4765625 0.1765625 0.484375 0.175 0.5 0.1765625 0.5203125 0.171875 0.5203125 0.1703125 0.5078125 0.1671875 0.5046875 0.1546875 0.515625 0.1546875 0.5109375 0.165625 0.4921875 0.1671875 0.471875 0.1703125 0.4625 0.175 0.4578125
1 0.690625 0.6265625 0.6921875 0.628125 0.690625 0.6375 0.69375 0.6453125 0.6921875 0.65 0.69375 0.665625 0.6875 0.6875 0.6859375 0.7140625 0.6875 0.721875 0.6921875 0.7265625 0.6921875 0.7296875 0.6796875 0.7375 0.6703125 0.7375 0.675 0.7046875 0.678125 0.7 0.6734375 0.65625 0.675 0.65 0.6859375 0.634375 0.6859375 0.628125 0.6890625 0.6265625
1 0.79375 0.6625 0.796875 0.6625 0.8078125 0.6484375 0.8109375 0.65 0.809375 0.659375 0.8109375 0.6859375 0.8 0.7015625 0.8015625 0.7484375 0.7984375 0.753125 0.7953125 0.753125 0.79375 0.75 0.7953125 0.728125 0.7921875 0.7234375 0.775 0.7390625 0.7734375 0.74375 0.76875 0.7453125 0.76875 0.73125 0.7796875 0.725 0.7859375 0.7171875 0.7875 0.7 0.790625 0.6921875 0.7890625 0.671875 0.79375 0.6640625
1 0.55625 0.4515625 0.55625 0.4765625 0.5546875 0.478125 0.55625 0.4921875 0.5546875 0.496875 0.5453125 0.503125 0.5375 0.5125 0.534375 0.5125 0.5328125 0.5078125 0.5390625 0.5 0.540625 0.4921875 0.54375 0.4890625 0.55 0.4546875 0.5546875 0.4515625
1 0.0890625 0.6625 0.090625 0.6609375 0.0890625 0.65625 0.084375 0.6609375 0.08125 0.675 0.0765625 0.671875 0.075 0.6671875 0.0859375 0.646875 0.090625 0.596875 0.0984375 0.578125 0.1015625 0.5765625 0.103125 0.6046875 0.1 0.6109375 0.1 0.628125 0.103125 0.6359375 0.103125 0.64375 0.0953125 0.659375 0.0953125 0.6703125 0.090625 0.66875 0.090625 0.6640625
1 0.55625 0.5640625 0.5625 0.559375 0.56875 0.55 0.5703125 0.515625 0.5765625 0.5046875 0.58125 0.5015625 0.584375 0.5171875 0.5796875 0.559375 0.5828125 0.5765625 0.5765625 0.575 0.5765625 0.5640625 0.5734375 0.559375 0.5625 0.5671875 0.5578125 0.575 0.55625 0.575 0.55625 0.565625
1 0.26385416666666667 0.4248090277777778 0.01664930555555557 0.06115740740740745
2 0.63125 0.6140625 0.63125 0.609375 0.6390625 0.59375 0.6421875 0.58125 0.6421875 0.565625 0.640625 0.5640625 0.6421875 0.5453125 0.6546875 0.5359375 0.659375 0.5359375 0.6609375 0.5484375 0.6640625 0.5546875 0.6640625 0.5640625 0.6546875 0.5703125 0.6546875 0.5859375 0.646875 0.5953125 0.64375 0.6046875 0.6375 0.60625 0.634375 0.6140625 0.63125 0.615625