0 0.55625 0.48828125 0.00546875 0.00703125
1 0.3765625 0.4703125 0.3796875 0.4703125 0.378125 0.521875 0.3765625 0.5234375 0.375 0.521875 0.375 0.5140625 0.371875 0.509375 0.359375 0.51875 0.359375 0.5125 0.365625 0.5015625 0.3671875 0.4890625 0.3703125 0.4859375 0.371875 0.4765625 0.3765625 0.471875
1 0.3515625 0.659375 0.353125 0.6625 0.3515625 0.7265625 0.3484375 0.7296875 0.3453125 0.7265625 0.346875 0.7171875 0.34375 0.7140625 0.3359375 0.7203125 0.3328125 0.71875 0.3328125 0.7125 0.3421875 0.7046875 0.3421875 0.675 0.35 0.6609375
1 0.4375 0.5859375 0.4390625 0.5796875 0.446875 0.578125 0.4484375 0.565625 0.4515625 0.5609375 0.4515625 0.5515625 0.459375 0.54375 0.4609375 0.54375 0.459375 0.5734375 0.4640625 0.6015625 0.4578125 0.5984375 0.4546875 0.590625 0.4390625 0.5859375
1 0.5859375 0.603125 0.5890625 0.603125 0.590625 0.6140625 0.5875 0.6296875 0.590625 0.65 0.5765625 0.665625 0.575 0.671875 0.571875 0.6703125 0.578125 0.6515625 0.578125 0.6296875 0.584375 0.615625 0.5859375 0.6046875
1 0.4359375 0.5234375 0.4390625 0.5390625 0.43125 0.5515625 0.4265625 0.5671875 0.415625 0.5734375 0.4140625 0.5703125 0.4234375 0.55625 0.425 0.55 0.4234375 0.5359375 0.434375 0.525
1 0.0625 0.5953125 0.065625 0.5890625 0.065625 0.5765625 0.06875 0.5625 0.071875 0.5578125 0.071875 0.553125 0.075 0.5515625 0.0765625 0.5546875 0.075 0.603125 0.071875 0.6125 0.0671875 0.6140625 0.06875 0.6015625 0.0640625 0.596875
1 0.14375 0.48125 0.1453125 0.5046875 0.1421875 0.53125 0.1390625 0.540625 0.1359375 0.5390625 0.1359375 0.5296875 0.13125 0.5234375 0.134375 0.5203125 0.1359375 0.5 0.140625 0.4828125 0.1421875 0.4828125
1 0.2296875 0.6109375 0.23125 0.6125 0.23125 0.634375 0.228125 0.6453125 0.228125 0.6578125 0.221875 0.671875 0.2203125 0.6734375 0.2171875 0.6671875 0.2203125 0.6546875 0.2203125 0.6296875 0.225 0.615625 0.228125 0.6125
1 0.184375 0.55 0.1890625 0.5484375 0.1953125 0.5421875 0.1984375 0.54375 0.1984375 0.55 0.1921875 0.5609375 0.190625 0.58125 0.1859375 0.5984375 0.18125 0.5984375 0.18125 0.59375 0.178125 0.590625 0.175 0.5953125 0.1734375 0.59375 0.1734375 0.5875 0.18125 0.575 0.18125 0.5625 0.184375 0.5515625
1 0.321875 0.55 0.3234375 0.5734375 0.3203125 0.5765625 0.3203125 0.5859375 0.3140625 0.5984375 0.315625 0.6046875 0.3140625 0.6078125 0.309375 0.6046875 0.309375 0.5984375 0.30625 0.596875 0.30625 0.5890625 0.3109375 0.5859375 0.3109375 0.571875 0.3140625 0.55625 0.3203125 0.55
1 0.203125 0.4265625 0.209375 0.4265625 0.2125 0.4328125 0.209375 0.4375 0.20625 0.4578125 0.203125 0.4625 0.1984375 0.45625 0.1953125 0.45625 0.1953125 0.45 0.203125 0.428125
1 0.0796875 0.9359375 0.08125 0.9359375 0.078125 0.9453125 0.071875 0.95625 0.0734375 0.9890625 0.0671875 0.9984375 0.0671875 0.984375 0.0640625 0.98125 0.05625 0.9921875 0.0484375 0.9984375 0.04375 0.9984375 0.04375 0.99375 0.0578125 0.978125 0.059375 0.959375 0.06875 0.9375 0.078125 0.9359375
1 0.015625 0.6640625 0.0171875 0.671875 0.0203125 0.675 0.01875 0.7484375 0.0140625 0.7484375 0.0109375 0.7421875 0.009375 0.74375 0.00625 0.7421875 0.0078125 0.73125 0.00625 0.696875 0.0078125 0.684375 0.0125 0.6734375 0.0125 0.665625 0.0140625 0.665625
1 0.728125 0.503125 0.7328125 0.5125 0.7328125 0.5234375 0.728125 0.5453125 0.728125 0.5625 0.725 0.5640625 0.7234375 0.55625 0.7171875 0.553125 0.71875 0.5453125 0.721875 0.5421875 0.721875 0.5140625 0.7265625 0.5046875
1 0.1125 0.4296875 0.1171875 0.43125 0.115625 0.4609375 0.1125 0.4703125 0.1140625 0.4734375 0.1125 0.475 0.10625 0.471875 0.1 0.4734375 0.1 0.4671875 0.10625 0.45625 0.1078125 0.4375 0.1125 0.43125
1 0.2796875 0.7046875 0.2828125 0.7078125 0.2828125 0.7234375 0.284375 0.725 0.284375 0.734375 0.2796875 0.7328125 0.278125 0.734375 0.2828125 0.76875 0.28125 0.7734375 0.278125 0.771875 0.275 0.7484375 0.2703125 0.7484375 0.2546875 0.765625 0.253125 0.7640625 0.2546875 0.75625 0.265625 0.74375 0.26875 0.721875 0.278125 0.709375 0.278125 0.70625
1 0.5953125 0.41875 0.603125 0.4328125 0.5984375 0.45 0.596875 0.471875 0.5953125 0.4734375 0.59375 0.4703125 0.5890625 0.4375 0.59375 0.4203125
2 0.36796875 0.5263888890625 0.36640625 0.515277778125 0.36015625 0.515277778125 0.35546875 0.5319444437499999 0.35546875 0.5486111109375 0.3515625 0.5625 0.36484375 0.55 0.36796875 0.5263888890625