0 0.3015625 0.515625 0.3046875 0.515625 0.30625 0.51875 0.30625 0.525 0.303125 0.528125 0.3015625 0.5171875
1 0.590625 0.528125 0.5953125 0.53125 0.5953125 0.546875 0.59375 0.5484375 0.5984375 0.55625 0.6015625 0.5703125 0.6015625 0.578125 0.5921875 0.590625 0.5921875 0.6078125 0.5890625 0.6171875 0.5921875 0.6546875 0.5984375 0.6671875 0.5921875 0.66875 0.5890625 0.665625 0.5875 0.6515625 0.5890625 0.6484375 0.5875 0.640625 0.584375 0.6375 0.5734375 0.6515625 0.56875 0.6609375 0.56875 0.665625 0.565625 0.6671875 0.5640625 0.659375 0.5796875 0.628125 0.58125 0.6140625 0.5796875 0.58125 0.58125 0.5765625 0.575 0.5703125 0.575 0.5609375 0.5796875 0.5515625 0.5875 0.54375 0.5890625 0.5296875
1 0.2421875 0.4203125 0.246875 0.4203125 0.2484375 0.425 0.246875 0.4765625 0.2515625 0.4875 0.253125 0.4984375 0.25 0.5265625 0.2515625 0.5375 0.24375 0.5375 0.240625 0.5296875 0.2390625 0.5375 0.234375 0.5390625 0.234375 0.525 0.2453125 0.509375 0.2453125 0.5015625 0.2375 0.4890625 0.234375 0.471875 0.2359375 0.4421875 0.240625 0.434375 0.2421875 0.421875
1 0.296875 0.4640625 0.3015625 0.465625 0.303125 0.475 0.3015625 0.4765625 0.303125 0.490625 0.3015625 0.503125 0.309375 0.5078125 0.3015625 0.515625 0.303125 0.521875 0.3015625 0.534375 0.3046875 0.546875 0.3015625 0.575 0.3078125 0.5921875 0.30625 0.59375 0.2984375 0.5921875 0.2984375 0.5703125 0.296875 0.56875 0.2984375 0.553125 0.296875 0.5515625 0.29375 0.5515625 0.2890625 0.55625 0.2796875 0.5703125 0.275 0.58125 0.275 0.590625 0.271875 0.5859375 0.271875 0.571875 0.2765625 0.5671875 0.2875 0.5453125 0.2875 0.5296875 0.290625 0.5265625 0.290625 0.5109375 0.2859375 0.4953125 0.2953125 0.478125 0.296875 0.465625
1 0.2 0.3765625 0.203125 0.3796875 0.2015625 0.3828125 0.2015625 0.4171875 0.2 0.41875 0.2046875 0.425 0.2078125 0.4703125 0.209375 0.478125 0.2140625 0.4859375 0.2078125 0.4875 0.20625 0.484375 0.203125 0.45625 0.2 0.4515625 0.1921875 0.4671875 0.1828125 0.4765625 0.1828125 0.4796875 0.18125 0.48125 0.1796875 0.478125 0.1796875 0.4703125 0.1890625 0.459375 0.1921875 0.45 0.1875 0.4171875 0.190625 0.3984375 0.2 0.378125
1 0.6328125 0.5015625 0.6390625 0.503125 0.6375 0.515625 0.6484375 0.5328125 0.6484375 0.5390625 0.65625 0.5578125 0.65625 0.5640625 0.6546875 0.5640625 0.65 0.553125 0.64375 0.5453125 0.6390625 0.55 0.646875 0.584375 0.6453125 0.5859375 0.6453125 0.6078125 0.6421875 0.6203125 0.64375 0.6265625 0.6359375 0.625 0.6375 0.6078125 0.634375 0.6 0.6328125 0.5859375 0.6265625 0.575 0.625 0.5640625 0.6265625 0.559375 0.625 0.5484375 0.6265625 0.546875 0.621875 0.54375 0.6171875 0.54375 0.6203125 0.528125 0.6328125 0.5125 0.63125 0.5078125 0.6328125 0.503125
1 0.7046875 0.4359375 0.7078125 0.4421875 0.70625 0.4484375 0.7109375 0.45625 0.71875 0.48125 0.7171875 0.484375 0.7203125 0.5171875 0.7296875 0.53125 0.7328125 0.540625 0.73125 0.546875 0.728125 0.546875 0.725 0.5359375 0.715625 0.525 0.7125 0.509375 0.70625 0.503125 0.703125 0.5046875 0.70625 0.53125 0.7046875 0.5328125 0.6984375 0.53125 0.7 0.521875 0.6953125 0.5078125 0.6953125 0.496875 0.6984375 0.4828125 0.7015625 0.4796875 0.6984375 0.446875 0.7 0.4375 0.703125 0.4359375
1 0.4875 0.4796875 0.4921875 0.4796875 0.49375 0.4828125 0.49375 0.4921875 0.5 0.509375 0.503125 0.5390625 0.4984375 0.54375 0.4984375 0.5546875 0.50625 0.571875 0.50625 0.5796875 0.5140625 0.5859375 0.5140625 0.5921875 0.509375 0.5921875 0.503125 0.58125 0.496875 0.5765625 0.4921875 0.5890625 0.49375 0.6015625 0.4890625 0.603125 0.4859375 0.596875 0.4890625 0.5875 0.4890625 0.5765625 0.4921875 0.5734375 0.490625 0.5609375 0.4828125 0.5484375 0.484375 0.5390625 0.48125 0.5234375 0.48125 0.5046875 0.4875 0.4921875 0.4875 0.48125
1 0.4796875 0.5640625 0.478125 0.5625 0.4765625 0.5671875 0.4796875 0.575 0.478125 0.5765625 0.4828125 0.596875 0.48125 0.63125 0.4765625 0.63125 0.478125 0.6046875 0.475 0.603125 0.4671875 0.6109375 0.4671875 0.615625 0.465625 0.6140625 0.4703125 0.5921875 0.4625 0.5765625 0.4625 0.5578125 0.4578125 0.5484375 0.4578125 0.5390625 0.4609375 0.5359375 0.4609375 0.528125 0.465625 0.51875 0.465625 0.5046875 0.471875 0.503125 0.4734375 0.50625 0.4734375 0.521875 0.4765625 0.528125 0.4765625 0.546875 0.48125 0.5546875 0.48125 0.5625
1 0 0.5171875 0 0.428125 0.0015625 0.4265625 0.0046875 0.428125 0.003125 0.4484375 0.00625 0.4578125 0.0109375 0.4625 0.00625 0.48125 0.0125 0.509375 0.009375 0.5234375 0.009375 0.540625 0.0109375 0.5421875 0.009375 0.5484375 0.003125 0.546875 0.0046875 0.5453125 0.0046875 0.5203125 0.0015625 0.5171875 0 0.525 0 0.51875
1 0.1453125 0.496875 0.1453125 0.50625 0.1515625 0.5171875 0.1515625 0.528125 0.146875 0.54375 0.1484375 0.5515625 0.1453125 0.55625 0.140625 0.5546875 0.1421875 0.5359375 0.1453125 0.528125 0.140625 0.521875 0.1375 0.521875 0.1328125 0.5265625 0.1265625 0.5453125 0.1234375 0.546875 0.11875 0.5578125 0.11875 0.56875 0.115625 0.56875 0.1140625 0.565625 0.1140625 0.55625 0.11875 0.55 0.125 0.5296875 0.125 0.521875 0.128125 0.5171875 0.128125 0.484375 0.1296875 0.471875 0.1328125 0.465625 0.1328125 0.4546875 0.1359375 0.45 0.140625 0.4546875 0.1390625 0.490625 0.14375 0.496875
1 0.5390625 0.5140625 0.54375 0.5140625 0.5453125 0.5171875 0.5453125 0.5375 0.5484375 0.5421875 0.55 0.5546875 0.5578125 0.56875 0.5578125 0.5734375 0.55625 0.5734375 0.546875 0.559375 0.5421875 0.559375 0.5390625 0.565625 0.5390625 0.58125 0.5453125 0.5984375 0.54375 0.6125 0.540625 0.615625 0.5390625 0.6265625 0.5421875 0.6359375 0.5390625 0.6390625 0.534375 0.6359375 0.534375 0.621875 0.5390625 0.6 0.53125 0.59375 0.528125 0.596875 0.5265625 0.60625 0.5171875 0.615625 0.509375 0.6359375 0.50625 0.6328125 0.50625 0.625 0.515625 0.60625 0.5203125 0.6015625 0.5234375 0.5765625 0.521875 0.5484375 0.5375 0.528125 0.5390625 0.515625