0 0.5640625 0.6125 0.5625 0.621875 0.5578125 0.6171875 0.5578125 0.6125 0.559375 0.6109375 0.5625 0.6125
1 0.41875 0.68125 0.421875 0.70625 0.4265625 0.7125 0.4328125 0.7125 0.43125 0.7171875 0.4234375 0.71875 0.4234375 0.7265625 0.428125 0.7390625 0.4234375 0.759375 0.428125 0.76875 0.4203125 0.765625 0.421875 0.7484375 0.41875 0.74375 0.4125 0.753125 0.4109375 0.765625 0.4078125 0.765625 0.40625 0.7625 0.40625 0.75625 0.4125 0.74375 0.4078125 0.7046875 0.4171875 0.6828125
1 0.6453125 0.4359375 0.6515625 0.4390625 0.653125 0.4953125 0.6546875 0.496875 0.653125 0.503125 0.6484375 0.4953125 0.6453125 0.46875 0.6421875 0.4609375 0.6421875 0.4484375 0.6453125 0.4375
1 0.653125 0.5875 0.6546875 0.5859375 0.6515625 0.578125 0.6546875 0.5671875 0.653125 0.5546875 0.65625 0.553125 0.6625 0.5640625 0.665625 0.5765625 0.6671875 0.5984375 0.6765625 0.61875 0.6734375 0.621875 0.6703125 0.6140625 0.6640625 0.6109375 0.653125 0.5984375 0.6546875 0.5890625
1 0.63125 0.5609375 0.6359375 0.5609375 0.6390625 0.565625 0.6375 0.5796875 0.6390625 0.5890625 0.6359375 0.609375 0.6375 0.6171875 0.6453125 0.625 0.6453125 0.6296875 0.6421875 0.6328125 0.6328125 0.61875 0.628125 0.615625 0.6265625 0.6109375 0.6296875 0.5953125 0.6234375 0.5875 0.6265625 0.5875 0.6296875 0.5828125 0.63125 0.5625
1 0.4734375 0.5453125 0.478125 0.5578125 0.4765625 0.5734375 0.478125 0.590625 0.4703125 0.6 0.4671875 0.615625 0.4640625 0.6125 0.4671875 0.5953125 0.4640625 0.55625 0.471875 0.546875
1 0.453125 0.5859375 0.459375 0.5875 0.45625 0.60625 0.4609375 0.6234375 0.459375 0.6375 0.4609375 0.6484375 0.45625 0.646875 0.4546875 0.634375 0.45 0.6375 0.4484375 0.6421875 0.4453125 0.640625 0.4484375 0.6265625 0.446875 0.6046875 0.453125 0.5921875 0.453125 0.5875
1 0.8921875 0.346875 0.8953125 0.3453125 0.9015625 0.3515625 0.9015625 0.375 0.903125 0.3765625 0.903125 0.4046875 0.89375 0.4 0.8921875 0.3984375 0.89375 0.3796875 0.890625 0.3765625 0.890625 0.35625 0.89375 0.3484375
1 0.6375 0.4234375 0.640625 0.4265625 0.64375 0.4375 0.640625 0.45 0.640625 0.465625 0.6421875 0.4671875 0.6375 0.4796875 0.6375 0.4875 0.6328125 0.484375 0.6328125 0.46875 0.63125 0.4671875 0.6328125 0.4546875 0.63125 0.434375 0.6359375 0.425
1 0.38125 0.4921875 0.3875 0.5078125 0.3890625 0.55625 0.390625 0.5578125 0.3890625 0.5671875 0.3859375 0.5671875 0.3828125 0.5640625 0.3828125 0.559375 0.3796875 0.5578125 0.378125 0.5296875 0.3765625 0.528125 0.3734375 0.53125 0.371875 0.5265625 0.371875 0.5125 0.378125 0.4984375 0.3765625 0.49375 0.3796875 0.4921875
1 0.4359375 0.5390625 0.4390625 0.540625 0.4375 0.5671875 0.4421875 0.5875 0.4390625 0.59375 0.4390625 0.603125 0.4359375 0.603125 0.434375 0.6015625 0.4359375 0.5890625 0.4296875 0.5796875 0.4296875 0.5640625 0.43125 0.5625 0.4296875 0.55625 0.4359375 0.540625
1 0.16875 0.55625 0.171875 0.5703125 0.1703125 0.5859375 0.178125 0.628125 0.1765625 0.63125 0.1703125 0.634375 0.16875 0.6390625 0.165625 0.6390625 0.1640625 0.6359375 0.165625 0.61875 0.1609375 0.5875 0.1609375 0.578125 0.165625 0.5609375 0.1640625 0.5578125 0.1671875 0.55625
1 0.346875 0.3828125 0.35 0.384375 0.3515625 0.4015625 0.3546875 0.4078125 0.35 0.4234375 0.353125 0.434375 0.35625 0.4375 0.3546875 0.440625 0.3515625 0.4375 0.3453125 0.4390625 0.34375 0.4359375 0.3453125 0.421875 0.340625 0.4 0.34375 0.3875 0.346875 0.384375
1 0.4984375 0.353125 0.49375 0.346875 0.49375 0.3171875 0.4921875 0.315625 0.49375 0.30625 0.496875 0.3046875 0.5015625 0.3171875 0.5015625 0.3359375 0.5 0.3375 0.5015625 0.35 0.5 0.3515625
1 0.546875 0.428125 0.55 0.4359375 0.553125 0.4375 0.553125 0.465625 0.5546875 0.4671875 0.553125 0.4875 0.5484375 0.490625 0.546875 0.4890625 0.546875 0.46875 0.54375 0.4640625 0.5453125 0.4296875
1 0.85 0.6234375 0.853125 0.628125 0.85625 0.646875 0.859375 0.65 0.8609375 0.6578125 0.8609375 0.6671875 0.8578125 0.6765625 0.8609375 0.6875 0.8609375 0.6984375 0.8578125 0.703125 0.859375 0.7109375 0.8546875 0.7109375 0.853125 0.7078125 0.8546875 0.69375 0.8515625 0.678125 0.8515625 0.65 0.8484375 0.646875 0.846875 0.634375 0.846875 0.625 0.8484375 0.625
1 0.4140625 0.246875 0.415625 0.2546875 0.41875 0.2578125 0.41875 0.2890625 0.415625 0.290625 0.4140625 0.2859375 0.4125 0.2484375
1 0.221875 0.4453125 0.225 0.45 0.228125 0.4671875 0.225 0.48125 0.225 0.4953125 0.228125 0.5 0.228125 0.509375 0.225 0.509375 0.221875 0.503125 0.21875 0.5078125 0.2171875 0.50625 0.215625 0.4640625 0.2203125 0.446875
1 0.934375 0.7625 0.9375 0.7625 0.9421875 0.76875 0.9421875 0.7734375 0.946875 0.7828125 0.9484375 0.7984375 0.9453125 0.80625 0.9453125 0.828125 0.946875 0.8296875 0.9453125 0.8578125 0.946875 0.8625 0.94375 0.8640625 0.9390625 0.8578125 0.9375 0.859375 0.934375 0.8578125 0.934375 0.8296875 0.9296875 0.7984375 0.934375 0.775 0.9328125 0.76875 0.934375 0.7640625
1 0.53125 0.4375 0.534375 0.4421875 0.534375 0.4609375 0.5328125 0.4625 0.534375 0.4734375 0.5265625 0.4890625 0.5234375 0.4890625 0.525 0.46875 0.521875 0.4546875 0.525 0.4421875 0.5296875 0.4375
1 0.265625 0.38125 0.26875 0.38125 0.2703125 0.3984375 0.2734375 0.4078125 0.2734375 0.4359375 0.2765625 0.4375 0.278125 0.4421875 0.275 0.446875 0.26875 0.4453125 0.2671875 0.4171875 0.2625 0.4015625 0.265625 0.3828125
1 0.5828125 0.3765625 0.5875 0.3765625 0.590625 0.3859375 0.590625 0.40625 0.5921875 0.4078125 0.590625 0.4234375 0.5859375 0.434375 0.58125 0.40625 0.58125 0.3859375 0.584375 0.378125
2 0.4390625 0.4390625 0.4359375 0.4359375 0.4359375 0.409375 0.4328125 0.40625 0.43125 0.3953125 0.4359375 0.38125 0.4390625 0.3796875 0.44375 0.396875 0.440625 0.4375