1 0.76875 0.5671875 0.7703125 0.5734375 0.765625 0.56875 0.7578125 0.571875 0.7609375 0.5890625 0.75625 0.5875 0.746875 0.5609375 0.7421875 0.5328125 0.7421875 0.5171875 0.740625 0.515625 0.7421875 0.509375 0.753125 0.51875 0.7578125 0.5265625 0.7578125 0.534375 0.7625 0.5453125 0.7609375 0.559375 0.7671875 0.5671875
1 0.2359375 0.4625 0.240625 0.4796875 0.2421875 0.4984375 0.25 0.521875 0.2484375 0.5265625 0.2453125 0.5265625 0.240625 0.5203125 0.2328125 0.5046875 0.228125 0.4875 0.228125 0.4765625 0.23125 0.471875 0.23125 0.4640625 0.234375 0.4625
1 0.6578125 0.6375 0.6609375 0.6453125 0.6609375 0.665625 0.6578125 0.6828125 0.65625 0.7296875 0.653125 0.7359375 0.65 0.734375 0.6515625 0.71875 0.65 0.696875 0.6453125 0.684375 0.640625 0.6828125 0.640625 0.6703125 0.6421875 0.66875 0.6421875 0.6421875 0.6484375 0.634375 0.6484375 0.6234375 0.65 0.621875 0.653125 0.6234375 0.653125 0.634375 0.65625 0.6375
1 0.4625 0.4390625 0.4671875 0.440625 0.471875 0.490625 0.4703125 0.51875 0.4671875 0.51875 0.465625 0.515625 0.465625 0.49375 0.4625 0.4875 0.459375 0.46875 0.459375 0.4546875 0.4625 0.440625
1 0.6296875 0.575 0.6359375 0.5875 0.6359375 0.628125 0.640625 0.6390625 0.640625 0.6421875 0.6375 0.64375 0.6359375 0.6375 0.6328125 0.634375 0.63125 0.6359375 0.63125 0.65625 0.6296875 0.6578125 0.625 0.6390625 0.6234375 0.615625 0.6171875 0.6 0.6171875 0.584375 0.6203125 0.5765625 0.61875 0.5671875 0.6234375 0.5625 0.628125 0.575
1 0.146875 0.4953125 0.15 0.49375 0.153125 0.4953125 0.153125 0.5828125 0.1515625 0.5859375 0.1453125 0.5859375 0.14375 0.5828125 0.140625 0.5109375 0.146875 0.496875
1 0.7921875 0.5125 0.8 0.51875 0.8015625 0.5234375 0.79375 0.525 0.79375 0.540625 0.784375 0.578125 0.78125 0.5765625 0.7796875 0.5671875 0.7828125 0.5296875 0.7796875 0.5265625 0.771875 0.528125 0.7703125 0.525 0.7734375 0.525 0.778125 0.51875 0.7765625 0.5109375 0.778125 0.5 0.790625 0.5125
1 0.403125 0.375 0.4078125 0.375 0.4078125 0.38125 0.4125 0.390625 0.4125 0.4078125 0.4109375 0.409375 0.4125 0.4421875 0.4078125 0.44375 0.4 0.4 0.4 0.3890625 0.403125 0.3765625
1 0.175 0.53125 0.184375 0.553125 0.1828125 0.5765625 0.1890625 0.603125 0.1890625 0.615625 0.1859375 0.6109375 0.184375 0.6 0.1796875 0.59375 0.1765625 0.5953125 0.178125 0.6109375 0.175 0.6125 0.1703125 0.575 0.1640625 0.5625 0.1640625 0.553125 0.1734375 0.5328125
1 0 0.628125 0.00625 0.65 0.0046875 0.6546875 0 0.653125 0 0.6296875
1 0.64375 0.5265625 0.646875 0.5359375 0.653125 0.54375 0.653125 0.5640625 0.65625 0.5734375 0.65625 0.5828125 0.6609375 0.590625 0.6640625 0.603125 0.6640625 0.6125 0.65625 0.596875 0.6546875 0.5890625 0.65 0.5828125 0.6453125 0.5859375 0.6484375 0.6078125 0.646875 0.609375 0.6453125 0.6 0.6421875 0.5953125 0.6421875 0.5625 0.640625 0.5609375 0.6421875 0.528125
1 0.5015625 0.615625 0.50625 0.615625 0.5078125 0.6234375 0.5171875 0.6390625 0.515625 0.659375 0.51875 0.6859375 0.528125 0.7015625 0.528125 0.7109375 0.525 0.709375 0.5234375 0.703125 0.51875 0.7015625 0.5171875 0.703125 0.51875 0.7140625 0.5140625 0.715625 0.5125 0.7125 0.5125 0.703125 0.5046875 0.6828125 0.5046875 0.6625 0.4984375 0.65 0.4984375 0.634375 0.5015625 0.6171875