0 0.309375 0.38828125 0.00703125 0.0125
1 0.3140625 0.5359375 0.325 0.546875 0.33125 0.5578125 0.33125 0.5609375 0.328125 0.5578125 0.3234375 0.5609375 0.3234375 0.5734375 0.325 0.575 0.325 0.590625 0.334375 0.60625 0.334375 0.6125 0.33125 0.6125 0.328125 0.60625 0.3203125 0.5984375 0.3171875 0.5984375 0.309375 0.5859375 0.309375 0.578125 0.3125 0.571875 0.309375 0.5671875 0.3078125 0.55625 0.3109375 0.55 0.3109375 0.5375 0.3125 0.5375
1 0.775 0.3296875 0.784375 0.346875 0.78125 0.359375 0.7828125 0.3890625 0.78125 0.390625 0.778125 0.3890625 0.778125 0.3828125 0.7734375 0.3734375 0.771875 0.3578125 0.7734375 0.33125
1 0.74375 0.5375 0.03046875 0.08359375
1 0.54375 0.2984375 0.546875 0.3 0.55 0.3109375 0.55 0.3328125 0.553125 0.340625 0.553125 0.346875 0.55 0.346875 0.5421875 0.33125 0.54375 0.3
1 0.4984375 0.3703125 0.5015625 0.371875 0.5078125 0.3828125 0.5078125 0.4078125 0.5109375 0.4109375 0.5140625 0.4078125 0.51875 0.409375 0.51875 0.4140625 0.509375 0.415625 0.4984375 0.4234375 0.496875 0.4375 0.4953125 0.440625 0.490625 0.4390625 0.4984375 0.41875 0.4984375 0.39375 0.4953125 0.3875 0.4984375 0.371875
1 0.6265625 0.3921875 0.6296875 0.3921875 0.6328125 0.4015625 0.6375 0.4359375 0.6421875 0.4484375 0.6421875 0.459375 0.6375 0.4609375 0.6359375 0.45 0.6296875 0.446875 0.625 0.4375 0.6265625 0.39375
1 0.91875 0.36875 0.921875 0.3703125 0.928125 0.3875 0.928125 0.3984375 0.925 0.4046875 0.928125 0.4265625 0.9203125 0.4328125 0.9140625 0.415625 0.9140625 0.4 0.9109375 0.3953125 0.9109375 0.3890625 0.9171875 0.3703125
1 0.246875 0.465625 0.25 0.465625 0.2546875 0.475 0.2546875 0.4828125 0.259375 0.496875 0.259375 0.509375 0.2625 0.5125 0.2734375 0.5140625 0.2734375 0.5203125 0.2578125 0.5203125 0.2546875 0.5140625 0.2515625 0.5125 0.246875 0.521875 0.246875 0.5359375 0.2453125 0.5375 0.2421875 0.534375 0.24375 0.5125 0.2484375 0.4984375 0.2453125 0.48125 0.246875 0.4671875
1 0.3046875 0.4984375 0.309375 0.5 0.309375 0.509375 0.315625 0.5265625 0.315625 0.5359375 0.3109375 0.5390625 0.3109375 0.5453125 0.30625 0.5546875 0.30625 0.5671875 0.303125 0.5703125 0.2984375 0.56875 0.3015625 0.5609375 0.3 0.5453125 0.30625 0.5296875 0.30625 0.525 0.3 0.5171875 0.3046875 0.5078125 0.3046875 0.5
1 0.478125 0.4 0.4796875 0.40625 0.4765625 0.4078125 0.4703125 0.4 0.465625 0.3984375 0.4625 0.403125 0.4625 0.41875 0.459375 0.415625 0.4578125 0.3625 0.4609375 0.35625 0.46875 0.36875 0.471875 0.39375 0.4765625 0.4
1 0.8484375 0.5828125 0.8578125 0.6046875 0.859375 0.63125 0.8703125 0.6328125 0.871875 0.640625 0.853125 0.6390625 0.85 0.6421875 0.8484375 0.659375 0.8453125 0.6625 0.840625 0.659375 0.8453125 0.6515625 0.85 0.6203125 0.846875 0.6125 0.846875 0.596875 0.8453125 0.5953125 0.846875 0.584375
1 0.93828125 0.8625 0.05 0.103125
1 0.925 0.34375 0.928125 0.34375 0.93125 0.3515625 0.9296875 0.3859375 0.928125 0.3875 0.9296875 0.4015625 0.928125 0.4015625 0.928125 0.3875 0.9203125 0.3703125 0.9203125 0.3546875 0.925 0.3453125
1 0.6015625 0.340625 0.01640625 0.0625
2 0.828125 0.4453125 0.83125 0.446875 0.8421875 0.4625 0.840625 0.4875 0.85 0.50625 0.8484375 0.5109375 0.8453125 0.5078125 0.8375 0.490625 0.834375 0.4890625 0.8328125 0.490625 0.834375 0.509375 0.83125 0.5109375 0.83125 0.503125 0.8265625 0.4953125 0.828125 0.48125 0.8265625 0.4484375 0.828125 0.446875