0 0.384375 0.6671875 0.3859375 0.6765625 0.3796875 0.68125 0.3765625 0.6765625 0.3765625 0.671875 0.3828125 0.6671875
1 0.7375 0.3375 0.74375 0.3515625 0.7453125 0.3796875 0.746875 0.384375 0.7515625 0.3875 0.7546875 0.3984375 0.7515625 0.3984375 0.746875 0.3890625 0.740625 0.384375 0.7375 0.390625 0.734375 0.3890625 0.7359375 0.3390625
1 0.76875 0.3671875 0.775 0.3765625 0.778125 0.3875 0.778125 0.409375 0.7828125 0.4140625 0.7859375 0.4140625 0.7859375 0.4203125 0.7765625 0.4203125 0.775 0.428125 0.7734375 0.4296875 0.771875 0.428125 0.7671875 0.3953125 0.76875 0.36875
1 0.7375 0.4765625 0.7421875 0.478125 0.7421875 0.4828125 0.7453125 0.4875 0.746875 0.5078125 0.75 0.5171875 0.75 0.53125 0.7546875 0.5421875 0.7546875 0.553125 0.7515625 0.553125 0.75 0.54375 0.74375 0.5421875 0.7359375 0.53125 0.7375 0.478125
1 0.4765625 0.5796875 0.478125 0.5890625 0.4828125 0.596875 0.48125 0.63125 0.484375 0.640625 0.484375 0.6625 0.4859375 0.6640625 0.4828125 0.6703125 0.478125 0.66875 0.4796875 0.646875 0.4765625 0.6421875 0.471875 0.64375 0.4734375 0.6546875 0.4703125 0.6578125 0.4671875 0.6390625 0.4671875 0.6078125 0.4703125 0.5984375 0.471875 0.58125 0.475 0.5796875
1 0.5671875 0.46875 0.5765625 0.4921875 0.5765625 0.521875 0.58125 0.53125 0.5828125 0.546875 0.58125 0.5484375 0.578125 0.546875 0.575 0.534375 0.571875 0.54375 0.5703125 0.5453125 0.5671875 0.54375 0.5671875 0.534375 0.5640625 0.5265625 0.5640625 0.48125 0.565625 0.4796875 0.5640625 0.4734375 0.565625 0.4703125
1 0.9515625 0.390625 0.95625 0.3921875 0.959375 0.4015625 0.9625 0.4390625 0.9671875 0.453125 0.9671875 0.4625 0.9625 0.4625 0.959375 0.4515625 0.9578125 0.4609375 0.953125 0.4625 0.9515625 0.3921875
1 0.8734375 0.553125 0.871875 0.5328125 0.86875 0.525 0.86875 0.4984375 0.865625 0.484375 0.86875 0.4765625 0.8796875 0.4984375 0.8796875 0.5265625 0.8859375 0.546875 0.8859375 0.559375 0.8828125 0.559375 0.8796875 0.553125 0.878125 0.5546875 0.875 0.553125
1 0.7609375 0.4 0.765625 0.4078125 0.76875 0.421875 0.7671875 0.4484375 0.7703125 0.4578125 0.7703125 0.4671875 0.759375 0.471875 0.75625 0.4703125 0.759375 0.4609375 0.759375 0.4328125 0.75625 0.40625 0.759375 0.4015625
1 0.240625 0.415625 0.24375 0.4234375 0.24375 0.4703125 0.240625 0.4859375 0.2375 0.484375 0.2359375 0.4734375 0.2328125 0.475 0.23125 0.484375 0.228125 0.4859375 0.228125 0.475 0.23125 0.4671875 0.2296875 0.4296875 0.2359375 0.4171875 0.2390625 0.415625
1 0.2375 0.859375 0.2359375 0.8453125 0.246875 0.8234375 0.246875 0.8125 0.25 0.809375 0.253125 0.8109375 0.2546875 0.8234375 0.259375 0.828125 0.26875 0.8578125 0.26875 0.859375 0.2640625 0.859375 0.2625 0.85625 0.259375 0.859375 0.25625 0.8734375 0.25625 0.890625 0.2640625 0.9078125 0.2625 0.915625 0.259375 0.9140625 0.2546875 0.9015625 0.25 0.896875 0.2453125 0.9 0.24375 0.9046875 0.2421875 0.8953125 0.2453125 0.8890625 0.2484375 0.86875 0.246875 0.85 0.2421875 0.846875 0.2375 0.853125 0.2375 0.8578125
1 0.7890625 0.4953125 0.79375 0.496875 0.7953125 0.5109375 0.7984375 0.5171875 0.7984375 0.525 0.7953125 0.5328125 0.7953125 0.55 0.8046875 0.5640625 0.803125 0.5703125 0.7984375 0.5625 0.790625 0.5578125 0.7875 0.5625 0.7859375 0.5765625 0.7796875 0.575 0.784375 0.565625 0.784375 0.55 0.7859375 0.5484375 0.784375 0.515625 0.7875 0.5109375 0.7890625 0.496875
1 0.41875 0.6328125 0.41875 0.628125 0.4234375 0.621875 0.4265625 0.5953125 0.4328125 0.596875 0.4453125 0.6296875 0.4390625 0.6375 0.4390625 0.64375 0.44375 0.6484375 0.44375 0.653125 0.440625 0.65625 0.4421875 0.6703125 0.4359375 0.66875 0.4359375 0.6640625 0.4296875 0.65 0.428125 0.6328125 0.4265625 0.63125 0.4203125 0.6328125
1 0.4390625 0.5984375 0.4359375 0.5828125 0.4375 0.575 0.4421875 0.5640625 0.4484375 0.5625 0.453125 0.571875 0.453125 0.5875 0.4578125 0.6 0.4609375 0.6203125 0.45625 0.6171875 0.4515625 0.6 0.440625 0.596875
1 0.734375 0.390625 0.7375 0.3921875 0.740625 0.415625 0.7359375 0.44375 0.7359375 0.459375 0.734375 0.4609375 0.73125 0.459375 0.73125 0.4359375 0.728125 0.4078125 0.734375 0.3921875
1 0.65625 0.5015625 0.659375 0.4796875 0.659375 0.4328125 0.6609375 0.43125 0.66875 0.4453125 0.6703125 0.4765625 0.6765625 0.490625 0.678125 0.5 0.6765625 0.503125 0.6734375 0.503125 0.671875 0.4890625 0.665625 0.4828125 0.6625 0.4859375 0.6609375 0.5015625 0.6578125 0.5015625
2 0.709375 0.5671875 0.7140625 0.56875 0.721875 0.5875 0.721875 0.6203125 0.71875 0.6359375 0.7234375 0.6515625 0.7234375 0.6625 0.7203125 0.6640625 0.715625 0.6625 0.7171875 0.6453125 0.7125 0.628125 0.7125 0.584375 0.709375 0.578125 0.709375 0.56875