1 0.6859375 0.446875 0.6890625 0.446875 0.6921875 0.4515625 0.6921875 0.484375 0.684375 0.5015625 0.6875 0.521875 0.68125 0.5234375 0.675 0.5140625 0.6765625 0.49375 0.684375 0.4734375 0.684375 0.45 0.6859375 0.4484375
1 0.609375 0.365625 0.6125 0.371875 0.6125 0.3828125 0.609375 0.39375 0.6 0.4109375 0.596875 0.4109375 0.596875 0.4 0.6015625 0.3859375 0.6015625 0.3734375 0.6046875 0.3671875 0.6078125 0.365625
1 0.490625 0.44375 0.49375 0.446875 0.4953125 0.45625 0.4953125 0.4796875 0.4875 0.4984375 0.4875 0.51875 0.484375 0.521875 0.4796875 0.5203125 0.4828125 0.4875 0.4875 0.471875 0.4875 0.45625 0.490625 0.4453125
1 0.6953125 0.553125 0.7 0.553125 0.703125 0.5671875 0.7015625 0.5859375 0.69375 0.609375 0.6984375 0.6234375 0.69375 0.628125 0.6890625 0.621875 0.684375 0.628125 0.6828125 0.6359375 0.6765625 0.634375 0.6828125 0.61875 0.6828125 0.609375 0.6890625 0.5921875 0.6890625 0.5828125 0.6953125 0.5546875
1 0.9171875 0.325 0.921875 0.325 0.9265625 0.3359375 0.9265625 0.3515625 0.925 0.353125 0.9265625 0.3890625 0.925 0.3921875 0.91875 0.384375 0.915625 0.3859375 0.9140625 0.384375 0.9140625 0.3546875 0.9171875 0.3265625
1 0.5015625 0.3734375 0.5046875 0.3765625 0.5078125 0.3875 0.5078125 0.3953125 0.5046875 0.4 0.503125 0.425 0.5015625 0.4265625 0.4984375 0.425 0.490625 0.4359375 0.490625 0.4203125 0.4953125 0.3984375 0.49375 0.3875 0.5 0.375
1 0.3765625 0.446875 0.3796875 0.446875 0.38125 0.4546875 0.3875 0.4640625 0.3875 0.4703125 0.384375 0.475 0.3828125 0.5078125 0.3796875 0.5125 0.38125 0.5328125 0.3765625 0.53125 0.375 0.525 0.371875 0.5234375 0.3734375 0.5109375 0.371875 0.45625 0.3734375 0.45 0.3765625 0.4484375
1 0.2625 0.49375 0.265625 0.503125 0.265625 0.5203125 0.2671875 0.521875 0.2640625 0.528125 0.2640625 0.5359375 0.26875 0.5609375 0.2671875 0.5625 0.2640625 0.5609375 0.2625 0.55 0.2578125 0.5453125 0.253125 0.5515625 0.25 0.5671875 0.246875 0.56875 0.246875 0.5578125 0.2515625 0.54375 0.253125 0.5125 0.2546875 0.5046875 0.2609375 0.4953125
1 0.665625 0.6140625 0.671875 0.63125 0.671875 0.6421875 0.66875 0.6578125 0.6609375 0.66875 0.6640625 0.6859375 0.65 0.6859375 0.6484375 0.6828125 0.6546875 0.6578125 0.6515625 0.646875 0.6640625 0.615625
1 0.3734375 0.453125 0.375 0.45625 0.3765625 0.45 0.3796875 0.4484375 0.3875 0.4640625 0.3859375 0.5015625 0.3890625 0.509375 0.3875 0.5140625 0.38125 0.5109375 0.3796875 0.48125 0.3828125 0.46875 0.378125 0.4625 0.378125 0.45625 0.3765625 0.4546875 0.3734375 0.45625 0.3734375 0.4546875
1 0.9078125 0.3828125 0.9125 0.3828125 0.915625 0.3890625 0.9140625 0.4234375 0.921875 0.43125 0.9203125 0.4359375 0.9109375 0.43125 0.9015625 0.4375 0.9 0.44375 0.8953125 0.44375 0.8953125 0.4390625 0.9015625 0.4265625 0.9015625 0.4171875 0.9046875 0.409375 0.9046875 0.39375 0.9078125 0.384375
1 0.790625 0.9296875 0.7890625 0.915625 0.7859375 0.9125 0.7796875 0.9140625 0.778125 0.909375 0.784375 0.8984375 0.7875 0.8859375 0.7875 0.85625 0.790625 0.8421875 0.796875 0.8359375 0.796875 0.828125 0.8 0.8234375 0.8046875 0.8265625 0.803125 0.8359375 0.8109375 0.8515625 0.8109375 0.8671875 0.8046875 0.8734375 0.8015625 0.884375 0.7953125 0.890625 0.79375 0.8984375 0.7953125 0.9296875 0.7921875 0.9296875
2 0.8171875 0.4984375 0.821875 0.5 0.8265625 0.5203125 0.825 0.5359375 0.815625 0.5546875 0.815625 0.559375 0.821875 0.5734375 0.8140625 0.5796875 0.8109375 0.5796875 0.809375 0.5765625 0.809375 0.5484375 0.8140625 0.5328125 0.8140625 0.5125 0.8171875 0.509375 0.8171875 0.5