0 0.5640625 0.571875 0.5671875 0.578125 0.5640625 0.58125 0.5625 0.5734375
1 0.5890625 0.3421875 0.5890625 0.3359375 0.59375 0.3265625 0.59375 0.3078125 0.5984375 0.3 0.6015625 0.3015625 0.6015625 0.3359375 0.5984375 0.340625 0.5953125 0.3390625 0.590625 0.3421875
1 0.20625 0.2234375 0.209375 0.234375 0.2078125 0.2578125 0.2 0.25625 0.2015625 0.225 0.2046875 0.2234375
1 0.4984375 0.4625 0.5046875 0.4625 0.50625 0.4734375 0.50625 0.4828125 0.5015625 0.5015625 0.503125 0.515625 0.5015625 0.5171875 0.5 0.515625 0.4984375 0.50625 0.49375 0.5 0.490625 0.5 0.4828125 0.5078125 0.4859375 0.4875 0.4984375 0.4640625
1 0.071875 0.4296875 0.0734375 0.43125 0.075 0.4734375 0.065625 0.4921875 0.0609375 0.490625 0.0609375 0.4796875 0.0640625 0.471875 0.0640625 0.44375 0.0703125 0.43125
1 0.1828125 0.290625 0.1859375 0.290625 0.1890625 0.303125 0.1875 0.3265625 0.1859375 0.33125 0.18125 0.3328125 0.1796875 0.3234375 0.1828125 0.2921875
1 0.0953125 0.4296875 0.09375 0.425 0.096875 0.4140625 0.0953125 0.3875 0.1015625 0.371875 0.1046875 0.3765625 0.103125 0.3796875 0.103125 0.415625 0.0984375 0.4296875 0.096875 0.4296875
1 0.1265625 0.6234375 0.1296875 0.625 0.1296875 0.6453125 0.13125 0.646875 0.1296875 0.671875 0.1265625 0.6828125 0.128125 0.696875 0.1234375 0.6984375 0.1171875 0.6953125 0.1171875 0.6859375 0.1203125 0.6796875 0.11875 0.6640625 0.1203125 0.6390625 0.125 0.63125 0.125 0.625
1 0.45625 0.6296875 0.4546875 0.6234375 0.465625 0.61875 0.46875 0.6 0.4734375 0.5875 0.478125 0.584375 0.4828125 0.6046875 0.48125 0.6265625 0.4859375 0.640625 0.484375 0.6421875 0.48125 0.640625 0.4796875 0.6328125 0.475 0.6265625 0.4578125 0.628125
1 0.2890625 0.5015625 0.2828125 0.490625 0.2796875 0.49375 0.2765625 0.50625 0.2734375 0.5015625 0.28125 0.484375 0.2828125 0.4578125 0.2859375 0.45 0.2890625 0.446875 0.2921875 0.45 0.2921875 0.4828125 0.29375 0.484375 0.290625 0.4921875 0.290625 0.5
1 0.0140625 0.4875 0.0171875 0.4875 0.01875 0.4921875 0.0203125 0.5515625 0.015625 0.553125 0.0140625 0.5453125 0.003125 0.540625 0.003125 0.5359375 0.009375 0.5328125 0.009375 0.50625 0.0140625 0.4890625
1 0.390625 0.3421875 0.3953125 0.3234375 0.3953125 0.3125 0.3984375 0.30625 0.4 0.30625 0.4015625 0.315625 0.4015625 0.3390625 0.4 0.3421875 0.396875 0.340625 0.3921875 0.3421875
1 0.5015625 0.4390625 0.5046875 0.44375 0.50625 0.4546875 0.5046875 0.4703125 0.5015625 0.46875 0.4953125 0.475 0.4890625 0.4921875 0.490625 0.4984375 0.4875 0.503125 0.4828125 0.50625 0.484375 0.4875 0.490625 0.4765625 0.4953125 0.4609375 0.4953125 0.4515625 0.5 0.440625
1 0.7234375 0.509375 0.7265625 0.5109375 0.7328125 0.50625 0.7359375 0.4984375 0.7359375 0.4765625 0.7421875 0.4703125 0.74375 0.465625 0.746875 0.4671875 0.746875 0.4875 0.74375 0.49375 0.74375 0.509375 0.746875 0.5234375 0.74375 0.5234375 0.7421875 0.5140625 0.7390625 0.5109375 0.73125 0.5125 0.725 0.5171875 0.721875 0.515625 0.7234375 0.5109375
1 0.234375 0.440625 0.234375 0.43125 0.2375 0.4234375 0.2375 0.4 0.2421875 0.3890625 0.24375 0.3890625 0.246875 0.403125 0.2484375 0.434375 0.2515625 0.4390625 0.246875 0.440625 0.24375 0.434375 0.240625 0.4328125 0.2359375 0.440625
1 0.084375 0.3875 0.0875 0.3875 0.0890625 0.3984375 0.0875 0.409375 0.090625 0.425 0.090625 0.4421875 0.0875 0.4421875 0.0875 0.434375 0.084375 0.428125 0.075 0.4328125 0.0734375 0.43125 0.078125 0.4203125 0.0796875 0.403125 0.084375 0.3890625
1 0.49375 0.4734375 0.4953125 0.4515625 0.5015625 0.4390625 0.5046875 0.44375 0.50625 0.45625 0.5046875 0.4625 0.5015625 0.4609375 0.5 0.4625 0.4953125 0.4734375
1 0.2890625 0.5265625 0.2921875 0.5296875 0.2921875 0.5578125 0.2890625 0.575 0.290625 0.5875 0.284375 0.5859375 0.2859375 0.575 0.2765625 0.5671875 0.2828125 0.5609375 0.284375 0.5390625 0.2890625 0.528125
1 0.7140625 0.34375 0.7171875 0.34375 0.715625 0.3734375 0.7203125 0.39375 0.7171875 0.3921875 0.7125 0.38125 0.70625 0.3796875 0.7 0.384375 0.6984375 0.3828125 0.7 0.3765625 0.7078125 0.371875 0.7078125 0.35625 0.7140625 0.3453125
2 0.35 0.428125 0.353125 0.4359375 0.353125 0.4640625 0.3578125 0.478125 0.3578125 0.4859375 0.3546875 0.484375 0.353125 0.475 0.3484375 0.4671875 0.34375 0.4703125 0.3375 0.4703125 0.334375 0.4671875 0.3421875 0.4609375 0.34375 0.453125 0.3421875 0.4453125 0.3484375 0.4296875