0 0.5984375 0.51875 0.603125 0.528125 0.6015625 0.5328125 0.596875 0.5328125 0.5953125 0.5296875 0.5953125 0.5203125 0.596875 0.5203125
1 0.41640625 0.5375 0.025 0.06953125
1 0.5734375 0.40625 0.575 0.3640625 0.578125 0.35625 0.58125 0.3578125 0.584375 0.3671875 0.5859375 0.3828125 0.5828125 0.3875 0.58125 0.396875 0.578125 0.4 0.578125 0.4046875 0.575 0.40625
1 0.5875 0.3796875 0.5953125 0.3921875 0.5984375 0.403125 0.596875 0.4078125 0.5984375 0.4390625 0.590625 0.43125 0.58125 0.403125 0.58125 0.396875 0.5875 0.38125
1 0.5984375 0.3984375 0.6 0.421875 0.5984375 0.4234375 0.596875 0.4171875 0.596875 0.4
1 0.515625 0.3484375 0.51875 0.3484375 0.525 0.3578125 0.525 0.3859375 0.5265625 0.3875 0.525 0.3890625 0.5265625 0.4125 0.525 0.4140625 0.521875 0.4015625 0.51875 0.40625 0.515625 0.40625 0.515625 0.3875 0.5140625 0.3765625 0.5109375 0.371875 0.5109375 0.3625 0.515625 0.35
1 0.5671875 0.415625 0.5734375 0.4265625 0.5734375 0.4515625 0.578125 0.4625 0.578125 0.4828125 0.5765625 0.4828125 0.5734375 0.46875 0.5671875 0.4609375 0.5625 0.4671875 0.5609375 0.484375 0.559375 0.484375 0.5609375 0.4484375 0.5578125 0.4359375 0.559375 0.428125 0.5671875 0.4171875
1 0.5078125 0.375 0.5109375 0.3765625 0.5109375 0.3890625 0.5140625 0.4 0.5125 0.4234375 0.515625 0.4484375 0.5109375 0.4453125 0.5046875 0.4328125 0.5 0.4453125 0.4984375 0.446875 0.496875 0.44375 0.5 0.4265625 0.496875 0.4 0.5078125 0.3765625
1 0.5140625 0.4296875 0.5125 0.4234375 0.5140625 0.3984375 0.509375 0.3890625 0.5046875 0.3859375 0.5046875 0.378125 0.5109375 0.371875 0.5171875 0.390625 0.515625 0.3984375 0.5171875 0.409375 0.5140625 0.428125
1 0.45 0.33203125 0.01328125 0.053125
1 0.528125 0.371875 0.5265625 0.3390625 0.53125 0.33125 0.5375 0.3390625 0.5390625 0.3734375 0.5359375 0.3796875 0.534375 0.371875 0.5328125 0.3703125 0.5296875 0.371875
1 0.571875 0.4 0.5734375 0.4 0.575 0.4109375 0.5734375 0.4171875 0.5765625 0.425 0.5765625 0.4546875 0.578125 0.45625 0.578125 0.4671875 0.5734375 0.4578125 0.571875 0.434375 0.56875 0.425 0.565625 0.4234375 0.565625 0.415625 0.571875 0.4015625
1 0.459375 0.3171875 0.4640625 0.3328125 0.45625 0.371875 0.4515625 0.36875 0.453125 0.3609375 0.4515625 0.325 0.4546875 0.31875 0.4578125 0.3171875
1 0.196875 0.521875 0.2 0.5421875 0.2 0.5984375 0.196875 0.60625 0.1953125 0.60625 0.1921875 0.59375 0.1875 0.55625 0.1875 0.5375 0.1921875 0.5296875 0.1921875 0.5234375 0.1953125 0.521875
1 0.4484375 0.375 0.4515625 0.3734375 0.45625 0.375 0.45625 0.40625 0.453125 0.434375 0.4546875 0.446875 0.4515625 0.446875 0.446875 0.4375 0.4421875 0.44375 0.440625 0.4421875 0.4421875 0.4359375 0.440625 0.4234375 0.44375 0.4125 0.44375 0.3875 0.4484375 0.3765625
1 0.2328125 0.325 0.2359375 0.325 0.2375 0.33125 0.2375 0.3515625 0.240625 0.365625 0.240625 0.378125 0.24375 0.384375 0.24375 0.3875 0.2390625 0.3859375 0.2390625 0.38125 0.234375 0.3734375 0.2328125 0.3859375 0.2296875 0.3875 0.2296875 0.3390625 0.2328125 0.3265625
1 0.7671875 0.8078125 0.7703125 0.809375 0.771875 0.8234375 0.7765625 0.8296875 0.778125 0.8375 0.771875 0.871875 0.775 0.9171875 0.7734375 0.91875 0.771875 0.915625 0.76875 0.8828125 0.7609375 0.8734375 0.75625 0.8765625 0.7546875 0.88125 0.753125 0.9046875 0.7515625 0.90625 0.746875 0.9046875 0.7515625 0.8875 0.7515625 0.8703125 0.7609375 0.8546875 0.7609375 0.8453125 0.7578125 0.8421875 0.753125 0.8421875 0.753125 0.8375 0.75625 0.8375 0.7609375 0.8328125 0.765625 0.821875 0.7671875 0.809375
1 0.465625 0.4171875 0.465625 0.4140625 0.4703125 0.409375 0.4671875 0.390625 0.46875 0.375 0.4765625 0.3578125 0.478125 0.3578125 0.48125 0.3703125 0.4796875 0.3828125 0.48125 0.4296875 0.4796875 0.4328125 0.4765625 0.4328125 0.4734375 0.41875 0.4671875 0.4171875
1 0.5390625 0.3734375 0.54375 0.3734375 0.5515625 0.3890625 0.5515625 0.4140625 0.5578125 0.4328125 0.55625 0.4375 0.553125 0.434375 0.5515625 0.425 0.54375 0.4171875 0.5390625 0.421875 0.5375 0.434375 0.5359375 0.4390625 0.534375 0.4375 0.534375 0.425 0.5390625 0.3984375 0.5359375 0.3921875 0.528125 0.39375 0.528125 0.3890625 0.5375 0.38125 0.5390625 0.375
2 0.2234375 0.3875 0.221875 0.4609375 0.2171875 0.4609375 0.2140625 0.4640625 0.2125 0.4625 0.215625 0.446875 0.2140625 0.434375 0.215625 0.4015625 0.221875 0.3890625