1 0.365625 0.6390625 0.371875 0.6484375 0.3734375 0.684375 0.384375 0.7 0.384375 0.70625 0.375 0.696875 0.371875 0.6890625 0.3640625 0.6828125 0.359375 0.6890625 0.3578125 0.7046875 0.3546875 0.7078125 0.35 0.70625 0.3546875 0.696875 0.359375 0.6765625 0.3640625 0.6703125 0.3609375 0.6453125 0.3609375 0.640625 0.3640625 0.6390625
1 0.6328125 0.709375 0.6375 0.7109375 0.6390625 0.7203125 0.64375 0.7296875 0.64375 0.746875 0.640625 0.753125 0.6390625 0.7671875 0.6421875 0.8078125 0.6375 0.80625 0.634375 0.79375 0.634375 0.7828125 0.63125 0.775 0.6296875 0.75 0.625 0.74375 0.625 0.7375 0.6328125 0.7203125 0.6328125 0.7109375
1 0.9640625 0.4765625 0.96875 0.4984375 0.96875 0.51875 0.9671875 0.5203125 0.9703125 0.540625 0.96875 0.5453125 0.965625 0.546875 0.9640625 0.5453125 0.9625 0.534375 0.9640625 0.5296875 0.9609375 0.5203125 0.9609375 0.48125 0.9625 0.478125
1 0.3359375 0.396875 0.3390625 0.396875 0.3453125 0.4109375 0.35 0.440625 0.3546875 0.446875 0.353125 0.45625 0.35 0.446875 0.3484375 0.4453125 0.3421875 0.4484375 0.3390625 0.4421875 0.3359375 0.3984375
1 0.6125 0.5953125 0.6125 0.5640625 0.6140625 0.5625 0.6125 0.53125 0.6140625 0.5296875 0.6171875 0.53125 0.6171875 0.5359375 0.621875 0.5421875 0.6234375 0.5484375 0.621875 0.55 0.621875 0.56875 0.6296875 0.5890625 0.628125 0.5953125 0.625 0.59375 0.6234375 0.584375 0.61875 0.5765625 0.615625 0.584375 0.6171875 0.590625 0.6125 0.596875
1 0.3703125 0.38125 0.378125 0.390625 0.38125 0.415625 0.3875 0.4375 0.384375 0.4390625 0.38125 0.434375 0.378125 0.434375 0.3703125 0.4203125 0.3703125 0.4 0.36875 0.3984375 0.3703125 0.3828125
1 0.665625 0.8734375 0.66875 0.8765625 0.66875 0.8828125 0.6734375 0.8921875 0.671875 0.9296875 0.66875 0.9390625 0.6703125 0.953125 0.66875 0.9765625 0.6640625 0.9765625 0.6546875 0.96875 0.6546875 0.9515625 0.653125 0.95 0.653125 0.934375 0.659375 0.9109375 0.659375 0.890625 0.6640625 0.8859375 0.6625 0.8828125 0.6640625 0.875
1 0.23125 0.60625 0.2328125 0.609375 0.2296875 0.625 0.23125 0.65 0.2265625 0.65625 0.2265625 0.6625 0.221875 0.675 0.221875 0.6875 0.2203125 0.6890625 0.2171875 0.6875 0.21875 0.6359375 0.2265625 0.6109375 0.2296875 0.6078125
1 0.5453125 0.91875 0.5390625 0.8453125 0.54375 0.8375 0.54375 0.828125 0.546875 0.8234375 0.55 0.825 0.55 0.8328125 0.5578125 0.8515625 0.5578125 0.859375 0.5546875 0.8640625 0.553125 0.8796875 0.55 0.8859375 0.55 0.896875 0.553125 0.9 0.5546875 0.9125 0.55 0.91875 0.546875 0.91875
1 0.8515625 0.5875 0.8578125 0.5890625 0.8625 0.6015625 0.8640625 0.6203125 0.8609375 0.6421875 0.8671875 0.653125 0.8671875 0.6578125 0.8640625 0.6625 0.859375 0.6515625 0.8546875 0.653125 0.85625 0.659375 0.853125 0.6640625 0.8484375 0.6609375 0.8515625 0.6515625 0.8515625 0.6296875 0.853125 0.628125 0.8515625 0.5890625
1 0.209375 0.509375 0.2140625 0.5125 0.2234375 0.5265625 0.225 0.546875 0.2328125 0.5625 0.2375 0.5671875 0.2375 0.5765625 0.2359375 0.5765625 0.23125 0.565625 0.2234375 0.5578125 0.2203125 0.5609375 0.221875 0.5703125 0.2171875 0.575 0.2171875 0.565625 0.2140625 0.5609375 0.2140625 0.5375 0.209375 0.53125 0.20625 0.53125 0.209375 0.5109375
1 0.33125 0.671875 0.334375 0.66875 0.3390625 0.66875 0.3421875 0.6640625 0.340625 0.6203125 0.3453125 0.6171875 0.3546875 0.6359375 0.3546875 0.6515625 0.35 0.66875 0.35 0.684375 0.353125 0.69375 0.3484375 0.6984375 0.3453125 0.684375 0.340625 0.6796875 0.334375 0.6796875 0.3328125 0.6734375
1 0.1609375 0.5640625 0.1640625 0.5671875 0.1703125 0.5890625 0.1671875 0.5953125 0.165625 0.6109375 0.165625 0.6421875 0.1625 0.64375 0.1609375 0.634375 0.15625 0.625 0.1546875 0.6 0.1484375 0.59375 0.1484375 0.5890625 0.159375 0.5703125 0.159375 0.565625
1 0.4375 0.29375 0.4421875 0.29375 0.446875 0.321875 0.45625 0.3328125 0.45625 0.3375 0.453125 0.3375 0.45 0.3328125 0.44375 0.33125 0.440625 0.340625 0.4375 0.3421875 0.4359375 0.340625 0.4375 0.3390625 0.4375 0.2953125
1 0.034375 0.33125 0.0328125 0.3125 0.028125 0.2984375 0.028125 0.28125 0.0328125 0.2734375 0.0375 0.2796875 0.0390625 0.2875 0.040625 0.3265625 0.0421875 0.328125 0.0421875 0.33125 0.034375 0.3328125
1 0.6203125 0.3 0.625 0.3015625 0.6234375 0.303125 0.6265625 0.3125 0.6265625 0.3234375 0.628125 0.33125 0.63125 0.334375 0.63125 0.340625 0.6265625 0.34375 0.625 0.3484375 0.621875 0.3453125 0.6203125 0.3015625
2 0.6046875 0.3671875 0.6109375 0.3734375 0.6125 0.3796875 0.6140625 0.3875 0.6125 0.409375 0.615625 0.4140625 0.615625 0.41875 0.609375 0.4203125 0.603125 0.409375 0.6046875 0.403125 0.603125 0.3890625 0.6046875 0.3734375 0.603125 0.371875 0.6046875 0.36875