0 0.9280555555555555 0.714849537037037 0.010104166666666714 0.01654513888888882
1 0.596875 0.5203125 0.6140625 0.553125 0.6171875 0.5625 0.6171875 0.5828125 0.625 0.596875 0.6265625 0.6078125 0.61875 0.6046875 0.60625 0.5890625 0.6046875 0.584375 0.60625 0.559375 0.6015625 0.553125 0.6 0.540625 0.5953125 0.53125 0.5953125 0.521875
1 0.596875 0.6703125 0.603125 0.678125 0.6 0.6921875 0.6046875 0.7265625 0.6109375 0.734375 0.6140625 0.7453125 0.61875 0.7515625 0.6203125 0.75625 0.61875 0.765625 0.615625 0.7640625 0.615625 0.7546875 0.6109375 0.7453125 0.6 0.734375 0.5953125 0.7390625 0.584375 0.7265625 0.5828125 0.721875 0.584375 0.7140625 0.5875 0.7109375 0.5875 0.703125 0.58125 0.69375 0.5859375 0.6765625 0.584375 0.6609375 0.5875 0.659375 0.5953125 0.6703125
1 0.5671875 0.5703125 0.56875 0.58125 0.5765625 0.5953125 0.5765625 0.621875 0.578125 0.6234375 0.5765625 0.6375 0.5796875 0.6484375 0.5796875 0.659375 0.5765625 0.6578125 0.5734375 0.6609375 0.5734375 0.671875 0.56875 0.671875 0.5703125 0.659375 0.5671875 0.65625 0.565625 0.6125 0.5546875 0.596875 0.55625 0.5921875 0.559375 0.59375 0.5625 0.590625 0.5609375 0.575 0.565625 0.5703125
1 0.834375 0.528125 0.8375 0.5296875 0.8375 0.534375 0.840625 0.5375 0.8453125 0.5578125 0.84375 0.565625 0.8453125 0.6234375 0.840625 0.621875 0.840625 0.5984375 0.8375 0.5953125 0.83125 0.5984375 0.821875 0.5921875 0.821875 0.5890625 0.8296875 0.58125 0.8296875 0.5625 0.8265625 0.55625 0.8265625 0.55 0.834375 0.5296875
1 0.4265625 0.4421875 0.4328125 0.446875 0.4390625 0.4671875 0.4390625 0.4765625 0.44375 0.4859375 0.44375 0.4921875 0.4546875 0.5015625 0.4546875 0.5078125 0.4390625 0.5 0.4359375 0.50625 0.4375 0.521875 0.4359375 0.5234375 0.43125 0.521875 0.43125 0.48125 0.428125 0.478125 0.428125 0.453125 0.425 0.44375
1 0.5875 0.5390625 0.596875 0.559375 0.596875 0.5875 0.5984375 0.5890625 0.596875 0.5984375 0.6015625 0.6234375 0.6015625 0.6359375 0.5921875 0.6375 0.5890625 0.6359375 0.590625 0.625 0.5875 0.621875 0.5859375 0.6109375 0.5875 0.559375 0.5828125 0.54375 0.5828125 0.540625 0.5859375 0.5390625
2 0.1203125 0.5515625 0.125 0.5515625 0.1265625 0.5578125 0.1484375 0.575 0.1484375 0.5765625 0.1328125 0.575 0.1296875 0.5796875 0.1328125 0.58125 0.13125 0.5890625 0.1328125 0.596875 0.1296875 0.615625 0.13125 0.6171875 0.13125 0.6453125 0.134375 0.6515625 0.134375 0.6546875 0.13125 0.65625 0.1265625 0.646875 0.125 0.6203125 0.121875 0.6171875 0.11875 0.603125 0.1171875 0.6015625 0.115625 0.603125 0.115625 0.609375 0.1125 0.6109375 0.1125 0.5890625 0.1140625 0.5875 0.1125 0.5734375 0.11875 0.5625 0.1203125 0.553125
1 0.215625 0.534375 0.225 0.5484375 0.221875 0.56875 0.225 0.5828125 0.221875 0.6125 0.225 0.61875 0.221875 0.6265625 0.21875 0.625 0.215625 0.6171875 0.209375 0.5515625 0.203125 0.54375 0.209375 0.5359375 0.2140625 0.534375
1 0.290625 0.496875 0.29375 0.4984375 0.303125 0.5140625 0.30625 0.528125 0.30625 0.5390625 0.3015625 0.54375 0.303125 0.5578125 0.3 0.565625 0.3015625 0.596875 0.2984375 0.596875 0.2875 0.5328125 0.284375 0.53125 0.2828125 0.5359375 0.278125 0.5390625 0.284375 0.51875 0.284375 0.5125 0.290625 0.4984375
1 0.309375 0.5390625 0.3125 0.5390625 0.321875 0.5546875 0.3234375 0.61875 0.325 0.6203125 0.3234375 0.63125 0.3203125 0.628125 0.31875 0.6140625 0.3125 0.6015625 0.3125 0.5953125 0.3078125 0.584375 0.30625 0.553125 0.309375 0.540625
1 0.2390625 0.6890625 0.24375 0.7015625 0.24375 0.7171875 0.2421875 0.71875 0.240625 0.7046875 0.234375 0.690625 0.225 0.6828125 0.221875 0.6859375 0.2234375 0.709375 0.228125 0.7234375 0.2265625 0.7296875 0.221875 0.73125 0.2203125 0.709375 0.215625 0.6875 0.215625 0.659375 0.2109375 0.6453125 0.2109375 0.628125 0.215625 0.625 0.2203125 0.6296875 0.23125 0.65625 0.2328125 0.6796875 0.2375 0.6890625
1 0.5640625 0.5203125 0.56875 0.521875 0.5734375 0.5328125 0.5796875 0.5609375 0.578125 0.5703125 0.5796875 0.6 0.5765625 0.596875 0.575 0.5890625 0.5703125 0.58125 0.5703125 0.571875 0.5640625 0.565625 0.5640625 0.5546875 0.559375 0.546875 0.559375 0.5390625 0.5640625 0.521875
1 0.721875 0.68125 0.7171875 0.6640625 0.7140625 0.6609375 0.7171875 0.6359375 0.715625 0.6265625 0.7125 0.6234375 0.709375 0.6015625 0.7109375 0.59375 0.715625 0.5984375 0.7234375 0.6234375 0.7265625 0.6265625 0.7296875 0.653125 0.740625 0.675 0.740625 0.68125 0.7390625 0.6828125 0.7359375 0.68125 0.73125 0.6640625 0.7234375 0.6546875 0.7203125 0.6578125 0.7265625 0.6734375 0.7265625 0.678125 0.7234375 0.68125
1 0.359375 0.5734375 0.3625 0.5734375 0.365625 0.578125 0.3671875 0.609375 0.378125 0.6203125 0.3765625 0.628125 0.36875 0.6203125 0.3640625 0.625 0.3640625 0.659375 0.3609375 0.66875 0.3640625 0.68125 0.3609375 0.6828125 0.35625 0.68125 0.35625 0.646875 0.3515625 0.63125 0.35 0.609375 0.353125 0.6015625 0.353125 0.59375 0.3578125 0.5875 0.359375 0.575
1 0.1515625 0.6421875 0.1515625 0.6015625 0.159375 0.58125 0.1625 0.5828125 0.1671875 0.5953125 0.16875 0.609375 0.171875 0.6171875 0.1734375 0.628125 0.171875 0.6515625 0.175 0.6546875 0.1765625 0.675 0.1734375 0.6765625 0.171875 0.6609375 0.165625 0.65625 0.1640625 0.6578125 0.165625 0.68125 0.1640625 0.6859375 0.1609375 0.6859375 0.159375 0.6546875 0.15625 0.6515625 0.15625 0.64375 0.153125 0.6421875
1 0.5296875 0.46875 0.5328125 0.4703125 0.5328125 0.478125 0.5375 0.484375 0.5375 0.503125 0.540625 0.5171875 0.540625 0.5390625 0.54375 0.5625 0.5390625 0.5609375 0.5375 0.5515625 0.5328125 0.5546875 0.528125 0.5515625 0.5265625 0.5359375 0.5265625 0.5046875 0.528125 0.503125 0.5265625 0.475 0.528125 0.4703125