0 0.5734375 0.28125 0.00546875 0.0078125
1 0.7375 0.35 0.740625 0.3515625 0.740625 0.35625 0.7453125 0.3640625 0.7453125 0.38125 0.7421875 0.3890625 0.7390625 0.428125 0.7375 0.4296875 0.734375 0.428125 0.73125 0.3875 0.7375 0.3515625
1 0.521875 0.184375 0.5234375 0.1875 0.5234375 0.2359375 0.521875 0.2375 0.515625 0.228125 0.51875 0.2203125 0.5171875 0.19375 0.5203125 0.1859375
1 0.7546875 0.225 0.7625 0.2234375 0.765625 0.2265625 0.765625 0.2421875 0.7609375 0.25625 0.7609375 0.2671875 0.7546875 0.2640625 0.75625 0.2375 0.7546875 0.2359375 0.75 0.2375 0.7546875 0.2265625
1 0.43125 0.2515625 0.4328125 0.253125 0.4328125 0.2734375 0.4296875 0.28125 0.43125 0.2921875 0.428125 0.303125 0.425 0.30625 0.4203125 0.3 0.41875 0.3015625 0.4140625 0.3015625 0.4140625 0.3 0.4203125 0.2890625 0.41875 0.26875 0.4296875 0.253125
1 0.5765625 0.2390625 0.5796875 0.240625 0.58125 0.25 0.5796875 0.2609375 0.5828125 0.2796875 0.5828125 0.3 0.58125 0.3015625 0.578125 0.2921875 0.5734375 0.2953125 0.571875 0.284375 0.5734375 0.2734375 0.5703125 0.253125 0.5765625 0.240625
1 0.28984375 0.33046875 0.0140625 0.06640625
1 0.2640625 0.2640625 0.01484375 0.06953125
1 0.3484375 0.290625 0.35 0.290625 0.3515625 0.2984375 0.3515625 0.340625 0.346875 0.3515625 0.3484375 0.3578125 0.346875 0.3609375 0.34375 0.3609375 0.3390625 0.3484375 0.3390625 0.34375 0.3453125 0.3359375 0.34375 0.303125 0.3484375 0.2921875
1 0.1265625 0.4796875 0.13125 0.48125 0.1359375 0.5265625 0.1359375 0.5421875 0.1328125 0.5546875 0.1265625 0.5703125 0.1234375 0.56875 0.1234375 0.534375 0.121875 0.5328125 0.1203125 0.5 0.1265625 0.48125
1 0.590625 0.359375 0.5921875 0.3703125 0.5953125 0.375 0.5953125 0.3875 0.59375 0.3890625 0.5921875 0.4234375 0.5875 0.434375 0.584375 0.4359375 0.5875 0.40625 0.5828125 0.378125 0.5875 0.3703125 0.5890625 0.3609375
1 0.434375 0.6578125 0.4328125 0.653125 0.4359375 0.64375 0.4359375 0.615625 0.4375 0.6140625 0.440625 0.615625 0.4515625 0.64375 0.45 0.6453125 0.45 0.671875 0.4640625 0.690625 0.4640625 0.7 0.4625 0.7 0.4578125 0.690625 0.45 0.6859375 0.4453125 0.6765625 0.4421875 0.6859375 0.4421875 0.6953125 0.4453125 0.70625 0.4421875 0.709375 0.4390625 0.709375 0.4375 0.70625 0.4390625 0.6734375 0.4359375 0.6578125
1 0.278125 0.3984375 0.28125 0.3984375 0.28125 0.4078125 0.284375 0.4125 0.284375 0.4671875 0.28125 0.4671875 0.28125 0.459375 0.278125 0.45625 0.2734375 0.4625 0.2734375 0.471875 0.271875 0.4734375 0.2703125 0.4703125 0.2703125 0.459375 0.2734375 0.4515625 0.271875 0.4171875 0.2765625 0.409375 0.278125 0.4
1 0.10859375 0.334375 0.0140625 0.078125
1 0.3140625 0.2296875 0.3171875 0.25 0.3171875 0.2765625 0.3140625 0.2828125 0.3140625 0.290625 0.309375 0.2890625 0.3078125 0.2859375 0.3109375 0.2765625 0.309375 0.24375 0.3125 0.23125
1 0.103125 0.421875 0.096875 0.4125 0.1 0.390625 0.0953125 0.3765625 0.0953125 0.3671875 0.1015625 0.346875 0.1046875 0.3484375 0.1046875 0.35625 0.109375 0.3734375 0.1078125 0.4078125 0.10625 0.421875 0.1046875 0.421875
1 0.4734375 0.19375 0.478125 0.20625 0.478125 0.228125 0.48125 0.240625 0.478125 0.24375 0.475 0.2390625 0.475 0.23125 0.4703125 0.2171875 0.4703125 0.2015625 0.4734375 0.1953125
1 0.8265625 0.5265625 0.83125 0.53125 0.83125 0.5375 0.8375 0.55 0.8375 0.565625 0.834375 0.571875 0.834375 0.5921875 0.8390625 0.60625 0.8375 0.6171875 0.834375 0.6125 0.8328125 0.5984375 0.828125 0.596875 0.8265625 0.5984375 0.8265625 0.6171875 0.825 0.6203125 0.821875 0.6171875 0.821875 0.553125 0.8234375 0.54375 0.8265625 0.5390625 0.825 0.5328125 0.8265625 0.528125
1 0.678125 0.225 0.6859375 0.240625 0.6859375 0.253125 0.68125 0.2625 0.68125 0.275 0.678125 0.2765625 0.6734375 0.265625 0.6765625 0.253125 0.6765625 0.2265625
1 0.54375 0.2296875 0.546875 0.253125 0.5453125 0.2765625 0.5421875 0.2734375 0.540625 0.265625 0.5328125 0.265625 0.5328125 0.2625 0.5359375 0.2609375 0.5390625 0.2375 0.5421875 0.23125
1 0.6296875 0.203125 0.6328125 0.20625 0.634375 0.215625 0.6375 0.2609375 0.634375 0.2578125 0.634375 0.25 0.6296875 0.2453125 0.625 0.2484375 0.6203125 0.2625 0.6203125 0.2515625 0.625 0.2359375 0.625 0.215625 0.628125 0.2046875
2 0.428125 0.3375 0.434375 0.3609375 0.4328125 0.375 0.434375 0.4140625 0.43125 0.409375 0.43125 0.3953125 0.428125 0.3875 0.425 0.3953125 0.425 0.409375 0.421875 0.4078125 0.421875 0.36875 0.41875 0.3578125 0.4203125 0.35 0.425 0.3453125 0.4265625 0.3390625