0 0.5982638888888889 0.7884606481481482 0.011313657407407352 0.016226851851851888
1 0.68125 0.2375 0.684375 0.2375 0.690625 0.2484375 0.6890625 0.290625 0.6859375 0.2921875 0.684375 0.275 0.6796875 0.2671875 0.68125 0.2390625
1 0.653125 0.2875 0.65625 0.2875 0.6578125 0.290625 0.6625 0.3109375 0.6609375 0.3234375 0.6625 0.34375 0.6609375 0.3453125 0.659375 0.34375 0.659375 0.3375 0.6515625 0.3109375 0.6515625 0.2984375 0.6546875 0.2921875 0.653125 0.2890625
1 0.6171875 0.690625 0.621875 0.70625 0.621875 0.7140625 0.625 0.7171875 0.6234375 0.7359375 0.6265625 0.74375 0.6265625 0.7546875 0.6296875 0.7578125 0.6296875 0.7671875 0.6265625 0.7734375 0.6234375 0.771875 0.6234375 0.7625 0.609375 0.734375 0.6125 0.7171875 0.6109375 0.7078125 0.6078125 0.703125 0.6046875 0.6828125 0.609375 0.6796875 0.615625 0.690625
1 0.4046875 0.215625 0.409375 0.2265625 0.4109375 0.240625 0.409375 0.2515625 0.4125 0.2625 0.409375 0.2625 0.40625 0.2578125 0.403125 0.240625 0.403125 0.2203125 0.4015625 0.21875 0.403125 0.2171875
1 0.2390625 0.225 0.2421875 0.2328125 0.2421875 0.25 0.246875 0.25625 0.246875 0.2625 0.240625 0.26875 0.2375 0.2671875 0.2375 0.2546875 0.234375 0.25 0.234375 0.240625 0.23125 0.2296875 0.2328125 0.2171875 0.2375 0.225
1 0.34375 0.5796875 0.346875 0.5796875 0.3546875 0.596875 0.35625 0.6234375 0.3609375 0.6375 0.3609375 0.6453125 0.3640625 0.6484375 0.3640625 0.6578125 0.3609375 0.65625 0.3578125 0.65 0.3546875 0.65 0.3546875 0.646875 0.346875 0.6375 0.34375 0.6265625 0.340625 0.6234375 0.3390625 0.59375 0.34375 0.58125
1 0.40625 0.625 0.409375 0.6265625 0.409375 0.6421875 0.4125 0.646875 0.4109375 0.659375 0.4140625 0.6640625 0.4125 0.690625 0.4078125 0.703125 0.409375 0.709375 0.40625 0.7109375 0.403125 0.70625 0.40625 0.6890625 0.40625 0.6734375 0.403125 0.6640625 0.403125 0.6375 0.40625 0.6265625
1 0.09479166666666668 0.4534201388888889 0.02407407407407409 0.07298611111111111
1 0.515625 0.796875 0.51875 0.809375 0.521875 0.8109375 0.525 0.825 0.528125 0.828125 0.528125 0.840625 0.5328125 0.8515625 0.540625 0.8859375 0.5390625 0.8875 0.5359375 0.8859375 0.5328125 0.871875 0.528125 0.8640625 0.5203125 0.8578125 0.5125 0.865625 0.5109375 0.890625 0.5078125 0.890625 0.509375 0.88125 0.5078125 0.8625 0.5109375 0.85 0.50625 0.8203125 0.509375 0.8109375 0.5125 0.809375 0.5109375 0.7984375 0.5140625 0.796875
1 0.565625 0.6765625 0.5625 0.6828125 0.5578125 0.6828125 0.553125 0.6875 0.5546875 0.6953125 0.559375 0.7 0.5609375 0.70625 0.56875 0.7125 0.56875 0.71875 0.5671875 0.7203125 0.5640625 0.71875 0.5625 0.721875 0.5671875 0.7296875 0.571875 0.7328125 0.5734375 0.7390625 0.571875 0.74375 0.56875 0.74375 0.5671875 0.7375 0.5578125 0.7296875 0.5546875 0.721875 0.5484375 0.715625 0.540625 0.6984375 0.540625 0.678125 0.5640625 0.6765625
1 0.765625 0.6 0.7703125 0.6015625 0.771875 0.609375 0.775 0.6109375 0.7765625 0.6171875 0.78125 0.621875 0.7796875 0.659375 0.7828125 0.6640625 0.7859375 0.684375 0.7859375 0.6875 0.7828125 0.6875 0.78125 0.6828125 0.775 0.678125 0.7765625 0.665625 0.771875 0.6578125 0.771875 0.64375 0.765625 0.63125 0.7671875 0.625 0.765625 0.6015625
1 0.5234375 0.4703125 0.5171875 0.4609375 0.5171875 0.446875 0.5109375 0.4359375 0.509375 0.425 0.5109375 0.415625 0.515625 0.409375 0.5203125 0.409375 0.5234375 0.4140625 0.525 0.4625 0.5296875 0.471875 0.528125 0.475 0.525 0.4703125
1 0.359375 0.3609375 0.359375 0.365625 0.3625 0.3703125 0.3625 0.390625 0.3671875 0.4125 0.353125 0.3875 0.3515625 0.36875 0.3546875 0.3625 0.3578125 0.3609375
1 0.0734375 0.40625 0.0796875 0.4171875 0.0828125 0.4296875 0.0859375 0.478125 0.084375 0.4796875 0.08125 0.478125 0.0796875 0.459375 0.075 0.446875 0.06875 0.4453125 0.0671875 0.4234375 0.071875 0.4078125
1 0.7359375 0.3328125 0.7390625 0.334375 0.7421875 0.3484375 0.7421875 0.3859375 0.7453125 0.390625 0.7453125 0.39375 0.7359375 0.4 0.7359375 0.3703125 0.73125 0.3484375 0.7359375 0.334375
2 0.3109375 0.284375 0.3171875 0.290625 0.3203125 0.2984375 0.3234375 0.33125 0.3234375 0.3453125 0.3171875 0.34375 0.315625 0.340625 0.3109375 0.3109375 0.3078125 0.30625 0.3078125 0.296875 0.3109375 0.2859375