0 0.890625 0.6890625 0.8953125 0.6921875 0.896875 0.703125 0.8921875 0.703125 0.8890625 0.7 0.8890625 0.690625
1 0.265625 0.425 0.271875 0.4203125 0.2765625 0.4203125 0.2796875 0.425 0.275 0.4375 0.2765625 0.446875 0.2640625 0.453125 0.2546875 0.465625 0.2546875 0.4609375 0.2625 0.4484375 0.2625 0.43125 0.265625 0.4265625
1 0.265625 0.384375 0.26875 0.384375 0.2734375 0.3921875 0.271875 0.421875 0.26875 0.428125 0.271875 0.434375 0.271875 0.440625 0.26875 0.45 0.2546875 0.4640625 0.2625 0.434375 0.2609375 0.396875 0.265625 0.3859375
1 0.334375 0.4484375 0.3359375 0.446875 0.334375 0.4453125 0.334375 0.4140625 0.3375 0.4 0.3421875 0.3953125 0.346875 0.4046875 0.3484375 0.4265625 0.3390625 0.4609375 0.3359375 0.4609375 0.3359375 0.45
1 0.365625 0.4046875 0.36875 0.4078125 0.375 0.425 0.3734375 0.4484375 0.3765625 0.4671875 0.3734375 0.46875 0.371875 0.4578125 0.36875 0.4546875 0.365625 0.459375 0.365625 0.4140625 0.3640625 0.4125 0.365625 0.40625
1 0.2203125 0.3984375 0.2234375 0.415625 0.221875 0.4484375 0.21875 0.4515625 0.215625 0.45 0.2140625 0.4375 0.2140625 0.409375 0.21875 0.4
1 0.2859375 0.409375 0.2890625 0.409375 0.290625 0.4125 0.290625 0.4359375 0.2953125 0.4609375 0.2890625 0.459375 0.278125 0.4640625 0.275 0.446875 0.275 0.4359375 0.278125 0.428125 0.275 0.41875 0.2828125 0.4171875 0.2859375 0.4109375
1 0.2796875 0.384375 0.284375 0.3875 0.2875 0.4046875 0.2828125 0.41875 0.278125 0.41875 0.2734375 0.415625 0.2734375 0.390625 0.275 0.3859375 0.278125 0.384375
1 0.14375 0.5 0.1390625 0.496875 0.1375 0.4875 0.1421875 0.4796875 0.146875 0.45 0.1546875 0.4453125 0.15625 0.459375 0.153125 0.465625 0.1546875 0.4921875 0.15 0.490625 0.1453125 0.4984375
1 0.3625 0.490625 0.359375 0.4828125 0.35625 0.490625 0.353125 0.4921875 0.3546875 0.4484375 0.359375 0.4390625 0.3625 0.4375 0.3640625 0.446875 0.3640625 0.4890625
1 0.275 0.4171875 0.2859375 0.41875 0.2875 0.425 0.284375 0.44375 0.2859375 0.4609375 0.2828125 0.459375 0.278125 0.4640625 0.275 0.45 0.275 0.4328125 0.2765625 0.43125 0.275 0.41875
2 0.053125 0.465625 0.0578125 0.5046875 0.05625 0.5375 0.0484375 0.5359375 0.046875 0.4828125 0.0515625 0.4671875
1 0.3203125 0.403125 0.3234375 0.4046875 0.325 0.409375 0.328125 0.428125 0.3265625 0.43125 0.3265625 0.4609375 0.328125 0.4625 0.3265625 0.4671875 0.328125 0.4703125 0.325 0.471875 0.3203125 0.4546875 0.3140625 0.4703125 0.3109375 0.4703125 0.3140625 0.4515625 0.3140625 0.415625 0.3203125 0.4046875
1 0.14375 0.4390625 0.146875 0.440625 0.1484375 0.446875 0.1421875 0.4671875 0.1421875 0.4796875 0.1375 0.4890625 0.134375 0.4875 0.140625 0.4640625 0.1375 0.453125 0.14375 0.440625
1 0.2859375 0.4046875 0.290625 0.4078125 0.2921875 0.4125 0.2921875 0.4390625 0.296875 0.4609375 0.29375 0.4625 0.2890625 0.4578125 0.2859375 0.4609375 0.2875 0.446875 0.284375 0.44375 0.2828125 0.434375 0.2828125 0.41875 0.2859375 0.40625
1 0.3625 0.4046875 0.365625 0.4046875 0.3625 0.4109375 0.3640625 0.425 0.3625 0.446875 0.359375 0.4453125 0.3578125 0.446875 0.3546875 0.4625 0.353125 0.465625 0.35 0.465625 0.353125 0.4515625 0.3546875 0.421875 0.3625 0.40625
1 0.9 0.646875 0.9046875 0.65 0.9046875 0.6546875 0.9109375 0.6640625 0.909375 0.6921875 0.9125 0.7015625 0.9109375 0.725 0.9078125 0.7234375 0.9046875 0.7140625 0.896875 0.703125 0.896875 0.678125 0.89375 0.6734375 0.89375 0.6625 0.9 0.6484375