0 0.2609375 0.75 0.2671875 0.7515625 0.265625 0.7609375 0.2609375 0.7609375 0.2609375 0.7515625
1 0.34375 0.4328125 0.346875 0.4328125 0.353125 0.4390625 0.3578125 0.453125 0.359375 0.46875 0.3671875 0.4828125 0.3671875 0.4921875 0.3625 0.4953125 0.359375 0.4890625 0.3421875 0.4734375 0.3421875 0.4578125 0.3390625 0.4515625 0.3421875 0.4484375 0.34375 0.434375
1 0.709375 0.2484375 0.715625 0.25 0.7203125 0.2734375 0.728125 0.2796875 0.7265625 0.284375 0.7203125 0.2859375 0.7125 0.2953125 0.709375 0.2953125 0.7078125 0.290625 0.709375 0.25
1 0.7515625 0.4046875 0.759375 0.4140625 0.7625 0.4265625 0.7625 0.440625 0.765625 0.44375 0.765625 0.4515625 0.759375 0.4515625 0.75625 0.4609375 0.75 0.4609375 0.7484375 0.41875 0.7515625 0.40625
1 0.7515625 0.484375 0.75625 0.484375 0.7640625 0.5015625 0.765625 0.5265625 0.76875 0.5296875 0.76875 0.5359375 0.765625 0.5375 0.7671875 0.55 0.7640625 0.553125 0.759375 0.553125 0.7546875 0.528125 0.7515625 0.4859375
1 0.5375 0.275 0.54375 0.2828125 0.5453125 0.3 0.553125 0.3140625 0.55 0.31875 0.5453125 0.3171875 0.534375 0.31875 0.5328125 0.315625 0.53125 0.29375 0.528125 0.2875 0.53125 0.275 0.5328125 0.2734375 0.5359375 0.275
1 0.49375 0.65 0.4984375 0.65 0.5078125 0.665625 0.5125 0.6953125 0.5140625 0.696875 0.5203125 0.6953125 0.5234375 0.7 0.521875 0.70625 0.515625 0.7078125 0.5109375 0.7125 0.5109375 0.7171875 0.5078125 0.7203125 0.5015625 0.7171875 0.5015625 0.6953125 0.496875 0.6796875 0.4921875 0.6734375 0.49375 0.6515625
1 0.9421875 0.328125 0.946875 0.328125 0.95 0.3328125 0.9546875 0.3484375 0.95625 0.3671875 0.9609375 0.3734375 0.9609375 0.38125 0.953125 0.3796875 0.946875 0.3859375 0.9390625 0.3859375 0.9421875 0.3296875
1 0.63125 0.5203125 0.640625 0.525 0.6390625 0.534375 0.634375 0.534375 0.6328125 0.5296875 0.6265625 0.5234375 0.6203125 0.5234375 0.61875 0.5359375 0.6125 0.5375 0.6109375 0.48125 0.6140625 0.4765625 0.61875 0.4765625 0.6234375 0.4828125 0.6234375 0.4921875 0.6296875 0.5203125
1 0.28125 0.6125 0.2921875 0.6125 0.296875 0.615625 0.30625 0.6484375 0.31875 0.665625 0.31875 0.671875 0.3140625 0.675 0.3109375 0.6734375 0.30625 0.6625 0.3 0.65625 0.296875 0.65625 0.2953125 0.6578125 0.296875 0.66875 0.2953125 0.6734375 0.290625 0.675 0.290625 0.6671875 0.284375 0.659375 0.2859375 0.6375 0.28125 0.6265625 0.28125 0.6140625
1 0.5109375 0.3375 0.5140625 0.3375 0.51875 0.3453125 0.521875 0.3578125 0.521875 0.3734375 0.528125 0.384375 0.528125 0.390625 0.521875 0.3921875 0.51875 0.38125 0.5109375 0.3734375 0.5125 0.3671875 0.509375 0.3421875 0.5109375 0.3390625
1 0.2296875 0.8 0.23125 0.8109375 0.2265625 0.8140625 0.2234375 0.8046875 0.209375 0.7921875 0.2078125 0.79375 0.2078125 0.8125 0.2015625 0.8140625 0.203125 0.765625 0.2 0.7625 0.1984375 0.75 0.2046875 0.728125 0.2078125 0.7296875 0.215625 0.75 0.215625 0.7828125 0.228125 0.8
1 0.7015625 0.72265625 0.02578125 0.08203125
1 0.928125 0.575 0.934375 0.5765625 0.9390625 0.596875 0.9375 0.634375 0.9453125 0.6453125 0.9421875 0.653125 0.94375 0.6640625 0.9421875 0.665625 0.9328125 0.6640625 0.9328125 0.65 0.9265625 0.6359375 0.9265625 0.578125 0.928125 0.5765625
1 0.4328125 0.34375 0.4390625 0.3515625 0.4390625 0.359375 0.44375 0.3765625 0.4515625 0.3875 0.45 0.396875 0.446875 0.396875 0.4390625 0.3859375 0.4359375 0.3875 0.4328125 0.3953125 0.428125 0.3953125 0.4265625 0.346875 0.43125 0.34375
1 0.490625 0.490625 0.5046875 0.50625 0.5078125 0.51875 0.5078125 0.5359375 0.5109375 0.5484375 0.515625 0.5546875 0.515625 0.5609375 0.5140625 0.5625 0.509375 0.5625 0.5046875 0.559375 0.5015625 0.5609375 0.4984375 0.5546875 0.4984375 0.5484375 0.4921875 0.5421875 0.49375 0.51875 0.4859375 0.515625 0.4890625 0.509375 0.4875 0.5015625 0.4890625 0.4921875
1 0.8640625 0.4546875 0.8671875 0.45625 0.871875 0.4671875 0.8734375 0.4984375 0.878125 0.5109375 0.88125 0.5125 0.884375 0.51875 0.884375 0.5234375 0.8765625 0.5234375 0.871875 0.5140625 0.8671875 0.5125 0.8625 0.5296875 0.8546875 0.5296875 0.853125 0.5265625 0.85625 0.521875 0.859375 0.50625 0.8609375 0.4875 0.8578125 0.4828125 0.8578125 0.4734375 0.859375 0.471875 0.859375 0.45625 0.8625 0.4546875
1 0.98125 0.8203125 0.9859375 0.825 0.990625 0.8359375 0.99375 0.89375 0.9984375 0.9015625 0.9984375 0.9140625 0.99375 0.9125 0.9875 0.90625 0.984375 0.91875 0.9765625 0.91875 0.971875 0.9140625 0.975 0.909375 0.975 0.89375 0.9734375 0.8921875 0.975 0.865625 0.96875 0.85625 0.975 0.8421875 0.975 0.8234375 0.9796875 0.8203125
1 0.7859375 0.5734375 0.7890625 0.575 0.8 0.590625 0.803125 0.6265625 0.809375 0.640625 0.80625 0.646875 0.8 0.6453125 0.796875 0.634375 0.7859375 0.625 0.7875 0.6046875 0.7828125 0.6015625 0.784375 0.590625 0.78125 0.58125 0.78125 0.575 0.784375 0.5734375
2 0.6296875 0.409375 0.634375 0.409375 0.64375 0.4203125 0.6453125 0.425 0.64375 0.4484375 0.6484375 0.459375 0.6484375 0.4625 0.64375 0.4640625 0.640625 0.4578125 0.628125 0.446875 0.6328125 0.4390625 0.6296875 0.4265625 0.6296875 0.4109375