0 0.5453125 0.3890625 0.5484375 0.39375 0.5484375 0.3984375 0.5453125 0.4 0.54375 0.3984375 0.5453125 0.390625
1 0.2265625 0.4640625 0.225 0.4625 0.221875 0.4640625 0.221875 0.5078125 0.21875 0.5078125 0.21875 0.4921875 0.2171875 0.490625 0.21875 0.484375 0.215625 0.4765625 0.2109375 0.484375 0.209375 0.503125 0.2078125 0.50625 0.20625 0.5046875 0.20625 0.4890625 0.209375 0.4765625 0.2078125 0.43125 0.2125 0.425 0.2125 0.41875 0.215625 0.4140625 0.21875 0.415625 0.21875 0.425 0.2234375 0.4359375 0.2234375 0.45 0.2265625 0.4625
1 0.33125 0.384375 0.33125 0.3484375 0.3328125 0.3390625 0.3390625 0.3328125 0.3421875 0.3359375 0.340625 0.346875 0.3421875 0.3890625 0.3390625 0.3921875 0.3390625 0.375 0.3359375 0.371875 0.3328125 0.384375
1 0.434375 0.534375 0.4484375 0.5625 0.4453125 0.56875 0.446875 0.6015625 0.45625 0.6109375 0.45625 0.6140625 0.453125 0.615625 0.446875 0.6140625 0.4421875 0.6078125 0.440625 0.609375 0.4390625 0.6125 0.440625 0.63125 0.4390625 0.6328125 0.434375 0.63125 0.434375 0.6 0.4328125 0.5984375 0.4328125 0.58125 0.434375 0.5796875 0.4296875 0.571875 0.43125 0.5671875 0.4296875 0.5578125 0.4328125 0.55 0.43125 0.5375 0.4328125 0.5359375
1 0.3734375 0.325 0.371875 0.33125 0.3734375 0.3703125 0.371875 0.384375 0.36875 0.3859375 0.365625 0.3375 0.3671875 0.3296875 0.371875 0.325
1 0.7859375 0.46875 0.7890625 0.4703125 0.7921875 0.4796875 0.8 0.490625 0.7984375 0.5 0.790625 0.496875 0.784375 0.5015625 0.7859375 0.4703125
1 0.5984375 0.3640625 0.609375 0.384375 0.6078125 0.3875 0.603125 0.3890625 0.603125 0.4109375 0.609375 0.41875 0.609375 0.425 0.596875 0.4140625 0.59375 0.421875 0.5921875 0.41875 0.5953125 0.4 0.59375 0.3796875 0.5984375 0.365625
1 0.3625 0.4 0.365625 0.4046875 0.365625 0.409375 0.371875 0.4171875 0.3703125 0.45 0.378125 0.475 0.378125 0.4859375 0.36875 0.45625 0.365625 0.453125 0.3625 0.4546875 0.3609375 0.459375 0.3625 0.4609375 0.3625 0.4796875 0.3609375 0.484375 0.3578125 0.484375 0.3578125 0.459375 0.359375 0.4578125 0.3578125 0.4125 0.3609375 0.409375 0.3609375 0.4015625
1 0.3203125 0.3515625 0.3234375 0.353125 0.325 0.38125 0.33125 0.3875 0.3296875 0.3890625 0.3265625 0.384375 0.3234375 0.390625 0.3265625 0.4296875 0.3171875 0.425 0.315625 0.421875 0.315625 0.39375 0.3125 0.3625 0.3203125 0.353125
1 0.8859375 0.378125 0.8921875 0.3765625 0.89375 0.3796875 0.8953125 0.4203125 0.9046875 0.4390625 0.903125 0.44375 0.9 0.434375 0.8953125 0.43125 0.8921875 0.425 0.8890625 0.4296875 0.8875 0.44375 0.8828125 0.4453125 0.8875 0.41875 0.8875 0.3796875
1 0.7359375 0.5984375 0.740625 0.6015625 0.7421875 0.615625 0.746875 0.625 0.746875 0.6375 0.7484375 0.646875 0.7515625 0.6515625 0.753125 0.671875 0.765625 0.703125 0.765625 0.709375 0.7625 0.715625 0.759375 0.7015625 0.746875 0.6734375 0.7421875 0.671875 0.7390625 0.6734375 0.7453125 0.696875 0.74375 0.7046875 0.740625 0.7015625 0.734375 0.684375 0.734375 0.665625 0.7375 0.659375 0.7375 0.6375 0.7359375 0.6359375 0.7375 0.615625 0.734375 0.6078125 0.7359375 0.6
1 0.10625 0.5140625 0.1078125 0.5265625 0.1140625 0.5328125 0.1171875 0.54375 0.1171875 0.55 0.1140625 0.55625 0.1140625 0.56875 0.115625 0.5703125 0.115625 0.590625 0.11875 0.596875 0.1203125 0.609375 0.11875 0.625 0.115625 0.6203125 0.1171875 0.6140625 0.1109375 0.5890625 0.10625 0.584375 0.1046875 0.5859375 0.1046875 0.59375 0.109375 0.60625 0.10625 0.609375 0.1 0.5953125 0.1 0.55625 0.096875 0.534375 0.1015625 0.528125 0.1015625 0.515625 0.1046875 0.5140625
1 0.971875 0.4421875 0.975 0.44375 0.9765625 0.453125 0.9828125 0.4609375 0.9796875 0.5046875 0.984375 0.5171875 0.984375 0.5265625 0.978125 0.525 0.978125 0.5140625 0.9703125 0.5015625 0.971875 0.4765625 0.9671875 0.4734375 0.9671875 0.4703125 0.971875 0.4640625 0.9703125 0.453125 0.971875 0.44375
1 0.54375 0.3484375 0.546875 0.3515625 0.5453125 0.3609375 0.5453125 0.38125 0.5484375 0.39375 0.546875 0.3984375 0.540625 0.3921875 0.5375 0.3921875 0.5359375 0.3859375 0.5359375 0.3703125 0.5375 0.36875 0.5359375 0.35 0.5421875 0.3484375
2 0.5328125 0.4109375 0.5359375 0.4109375 0.5359375 0.415625 0.540625 0.425 0.540625 0.44375 0.5375 0.4578125 0.5375 0.4921875 0.534375 0.4953125 0.5328125 0.4828125 0.528125 0.471875 0.528125 0.4296875 0.5328125 0.4125
1 0.6859375 0.68125 0.6890625 0.6828125 0.6890625 0.69375 0.6953125 0.7015625 0.6984375 0.7140625 0.6984375 0.73125 0.7015625 0.746875 0.696875 0.76875 0.7 0.775 0.709375 0.784375 0.709375 0.7921875 0.7046875 0.796875 0.703125 0.8078125 0.6984375 0.80625 0.7 0.7984375 0.69375 0.7828125 0.6875 0.7796875 0.6859375 0.7765625 0.6875 0.74375 0.684375 0.7390625 0.684375 0.6953125 0.68125 0.6875 0.68125 0.6828125 0.684375 0.68125
1 0.5234375 0.35 0.5265625 0.3515625 0.5296875 0.3609375 0.5296875 0.39375 0.528125 0.3953125 0.5296875 0.4109375 0.528125 0.4140625 0.5265625 0.4015625 0.5234375 0.3984375 0.5203125 0.415625 0.51875 0.415625 0.5171875 0.39375 0.5203125 0.378125 0.5125 0.3765625 0.5125 0.3734375 0.5171875 0.371875 0.5203125 0.3671875 0.5234375 0.3515625
1 0.7921875 0.4953125 0.796875 0.4984375 0.7984375 0.503125 0.796875 0.5765625 0.79375 0.575 0.7921875 0.565625 0.7890625 0.5765625 0.7859375 0.5734375 0.7875 0.565625 0.7828125 0.55625 0.784375 0.5546875 0.7828125 0.5421875 0.7859375 0.528125 0.784375 0.5015625 0.7875 0.496875 0.790625 0.496875