0 0.5921875 0.3046875 0.5953125 0.309375 0.5921875 0.3140625 0.5890625 0.3140625 0.5875 0.3078125 0.590625 0.3046875
1 0.6421875 0.440625 0.646875 0.440625 0.646875 0.453125 0.653125 0.4609375 0.653125 0.484375 0.6546875 0.4859375 0.65 0.5453125 0.6421875 0.5453125 0.640625 0.51875 0.6375 0.5140625 0.6375 0.4875 0.634375 0.4796875 0.634375 0.465625 0.6375 0.4578125 0.6359375 0.45625 0.640625 0.4515625 0.6421875 0.4421875
1 0.55 0.8921875 0.5625 0.9046875 0.5625 0.915625 0.55625 0.9328125 0.5578125 0.9453125 0.5546875 0.965625 0.5390625 0.965625 0.5375 0.93125 0.5265625 0.9171875 0.5265625 0.9109375 0.53125 0.903125 0.5421875 0.8921875 0.5453125 0.890625 0.5484375 0.8921875
1 0.484375 0.6265625 0.4859375 0.640625 0.4921875 0.6484375 0.49375 0.6578125 0.4890625 0.7046875 0.490625 0.7078125 0.490625 0.7453125 0.4890625 0.75 0.4859375 0.7515625 0.48125 0.734375 0.48125 0.715625 0.4765625 0.70625 0.4765625 0.6921875 0.4703125 0.6796875 0.4734375 0.646875 0.4796875 0.6390625 0.4796875 0.628125 0.4828125 0.6265625
1 0.4421875 0.36875 0.4484375 0.3796875 0.45 0.4046875 0.4484375 0.4078125 0.4453125 0.4078125 0.446875 0.4046875 0.4453125 0.396875 0.4421875 0.3953125 0.4328125 0.4109375 0.4265625 0.415625 0.4203125 0.409375 0.4203125 0.4 0.43125 0.3828125 0.4296875 0.378125 0.4328125 0.36875 0.434375 0.3671875 0.440625 0.36875
1 0.515625 0.4703125 0.5203125 0.475 0.5203125 0.490625 0.51875 0.4921875 0.5203125 0.5046875 0.5171875 0.5171875 0.5171875 0.5296875 0.5109375 0.5421875 0.509375 0.5515625 0.5109375 0.55625 0.5078125 0.565625 0.503125 0.553125 0.503125 0.528125 0.5046875 0.5265625 0.503125 0.5203125 0.50625 0.5140625 0.50625 0.496875 0.503125 0.49375 0.5015625 0.48125 0.503125 0.4765625 0.509375 0.4703125 0.5140625 0.4703125
1 0.8984375 0.3921875 0.9046875 0.39375 0.9046875 0.4015625 0.9140625 0.4125 0.9171875 0.4375 0.915625 0.446875 0.9078125 0.4578125 0.90625 0.465625 0.9078125 0.46875 0.9 0.4734375 0.9 0.478125 0.896875 0.4828125 0.89375 0.46875 0.8953125 0.465625 0.89375 0.41875 0.8953125 0.409375 0.8984375 0.4046875 0.8984375 0.39375
1 0.215625 0.4375 0.2203125 0.4375 0.221875 0.465625 0.2265625 0.484375 0.2234375 0.490625 0.2234375 0.503125 0.2171875 0.525 0.2203125 0.5359375 0.2140625 0.5375 0.209375 0.5265625 0.2125 0.5171875 0.209375 0.4609375 0.215625 0.4390625
1 0.25625 0.4046875 0.259375 0.40625 0.259375 0.4171875 0.2640625 0.4265625 0.2640625 0.45 0.265625 0.4515625 0.265625 0.4640625 0.2625 0.4765625 0.2640625 0.484375 0.2578125 0.5109375 0.2546875 0.5078125 0.25625 0.50625 0.2546875 0.4609375 0.2484375 0.44375 0.2484375 0.428125 0.2546875 0.40625
1 0.29375 0.40625 0.2953125 0.4421875 0.3 0.453125 0.3 0.4609375 0.2953125 0.4734375 0.2953125 0.4953125 0.29375 0.496875 0.29375 0.5078125 0.296875 0.5109375 0.2953125 0.515625 0.290625 0.515625 0.2875 0.509375 0.290625 0.48125 0.2875 0.475 0.2859375 0.4515625 0.2828125 0.446875 0.2828125 0.428125 0.2859375 0.4109375 0.2875 0.4078125 0.2921875 0.40625
1 0.0671875 0.5390625 0.071875 0.540625 0.0734375 0.546875 0.071875 0.553125 0.078125 0.5640625 0.078125 0.578125 0.084375 0.5921875 0.084375 0.6 0.0796875 0.603125 0.078125 0.6125 0.0796875 0.621875 0.075 0.65 0.0765625 0.6640625 0.0703125 0.665625 0.0640625 0.659375 0.06875 0.6203125 0.065625 0.615625 0.0640625 0.5984375 0.059375 0.5859375 0.059375 0.565625 0.0640625 0.5578125 0.0671875 0.540625
1 0.4484375 0.38125 0.4453125 0.375 0.44375 0.353125 0.440625 0.346875 0.446875 0.321875 0.4578125 0.3078125 0.4609375 0.309375 0.4625 0.3171875 0.4609375 0.3390625 0.45625 0.3484375 0.4546875 0.36875 0.45 0.3765625 0.4515625 0.378125 0.45 0.38125
1 0.496875 0.425 0.5015625 0.421875 0.503125 0.4171875 0.4984375 0.396875 0.5 0.3734375 0.5078125 0.365625 0.5078125 0.3625 0.5125 0.359375 0.5140625 0.371875 0.5171875 0.3765625 0.5125 0.4015625 0.5140625 0.4046875 0.5078125 0.4171875 0.50625 0.4265625 0.5078125 0.4390625 0.5046875 0.44375 0.5046875 0.4359375 0.5 0.4328125 0.4953125 0.440625 0.49375 0.4296875 0.496875 0.4265625
1 0.3015625 0.478125 0.303125 0.4640625 0.3078125 0.453125 0.30625 0.4390625 0.3109375 0.4234375 0.315625 0.4171875 0.3234375 0.415625 0.3265625 0.41875 0.328125 0.4265625 0.3265625 0.4296875 0.328125 0.45 0.3234375 0.45625 0.321875 0.4671875 0.325 0.478125 0.31875 0.475 0.31875 0.459375 0.3203125 0.4578125 0.315625 0.4546875 0.309375 0.459375 0.3046875 0.4765625 0.30625 0.48125 0.3015625 0.4828125 0.303125 0.4796875
2 0.759375 0.5078125 0.7625 0.503125 0.765625 0.5046875 0.7671875 0.515625 0.7734375 0.525 0.7734375 0.5328125 0.7765625 0.5375 0.7765625 0.5453125 0.771875 0.55 0.7703125 0.5640625 0.771875 0.56875 0.76875 0.584375 0.7703125 0.615625 0.76875 0.6234375 0.765625 0.625 0.7625 0.6203125 0.7640625 0.60625 0.7578125 0.596875 0.75625 0.5859375 0.7578125 0.575 0.75625 0.5265625 0.7609375 0.5171875 0.7609375 0.509375