1 0.6984375 0.2953125 0.7 0.2984375 0.6984375 0.321875 0.7015625 0.3390625 0.7 0.3453125 0.696875 0.34375 0.6921875 0.33125 0.6921875 0.3140625 0.6890625 0.3109375 0.6890625 0.3046875 0.696875 0.2953125
1 0.5 0.6328125 0.503125 0.634375 0.509375 0.65 0.50625 0.7203125 0.503125 0.7203125 0.5 0.7109375 0.49375 0.7109375 0.49375 0.7015625 0.4984375 0.6953125 0.49375 0.6515625 0.5 0.634375
1 0.6265625 0.39375 0.6328125 0.40625 0.63125 0.43125 0.634375 0.446875 0.6328125 0.453125 0.6265625 0.4390625 0.625 0.45 0.6234375 0.453125 0.621875 0.4515625 0.621875 0.409375 0.625 0.4046875 0.6265625 0.3953125
1 0.4390625 0.425 0.4421875 0.4265625 0.44375 0.4359375 0.4484375 0.44375 0.446875 0.4703125 0.4546875 0.4875 0.4515625 0.49375 0.4515625 0.4875 0.4453125 0.475 0.4390625 0.4703125 0.434375 0.475 0.434375 0.4875 0.43125 0.490625 0.43125 0.478125 0.4359375 0.46875 0.4359375 0.4375 0.4390625 0.4328125 0.4390625 0.4265625
1 0.328125 0.4796875 0.33125 0.4796875 0.334375 0.4921875 0.334375 0.5171875 0.328125 0.5421875 0.328125 0.55 0.325 0.5484375 0.3234375 0.4984375 0.328125 0.48125
1 0.36875 0.4125 0.371875 0.4125 0.3703125 0.421875 0.371875 0.4359375 0.3671875 0.4421875 0.3640625 0.453125 0.3625 0.4546875 0.3609375 0.4515625 0.3609375 0.425 0.36875 0.4140625
1 0.265625 0.5640625 0.2625 0.5046875 0.26875 0.4875 0.271875 0.490625 0.271875 0.5109375 0.2703125 0.5125 0.271875 0.5484375 0.26875 0.55625 0.26875 0.5640625 0.2671875 0.5640625
1 0.609375 0.3171875 0.6125 0.3171875 0.6125 0.3234375 0.615625 0.3296875 0.615625 0.35 0.60625 0.3484375 0.60625 0.328125 0.609375 0.3234375 0.609375 0.31875
1 0.615625 0.35 0.6171875 0.3546875 0.615625 0.3640625 0.6171875 0.40625 0.6125 0.403125 0.6109375 0.3984375 0.6109375 0.3875 0.6078125 0.3796875 0.60625 0.365625 0.6078125 0.3515625 0.6140625 0.35
1 0.2875 0.475 0.290625 0.475 0.290625 0.490625 0.2890625 0.4921875 0.290625 0.546875 0.2859375 0.546875 0.2859375 0.540625 0.28125 0.5328125 0.2828125 0.528125 0.28125 0.5046875 0.2875 0.4765625
1 0.3703125 0.4375 0.3734375 0.4390625 0.3765625 0.45 0.3765625 0.46875 0.3828125 0.496875 0.3828125 0.503125 0.3796875 0.503125 0.378125 0.4890625 0.3671875 0.48125 0.365625 0.4515625 0.36875 0.4484375 0.3703125 0.4390625
1 0.453125 0.390625 0.45625 0.403125 0.45625 0.428125 0.465625 0.4546875 0.4640625 0.45625 0.4609375 0.4546875 0.45625 0.4421875 0.453125 0.4453125 0.4515625 0.434375 0.446875 0.4234375 0.446875 0.4015625 0.4515625 0.3921875
1 0.1921875 0.621875 0.203125 0.65 0.2 0.65625 0.2015625 0.7 0.1984375 0.7 0.1953125 0.6921875 0.1921875 0.7 0.19375 0.70625 0.1921875 0.709375 0.1890625 0.709375 0.1875 0.653125 0.1828125 0.646875 0.178125 0.6453125 0.1765625 0.6265625 0.1796875 0.625 0.18125 0.634375 0.1859375 0.6375 0.1890625 0.6328125 0.190625 0.6234375
1 0.8546875 0.5875 0.859375 0.5890625 0.859375 0.596875 0.865625 0.60625 0.8640625 0.6453125 0.8671875 0.65625 0.8671875 0.665625 0.865625 0.665625 0.859375 0.6484375 0.8578125 0.6640625 0.85625 0.6671875 0.853125 0.6640625 0.8515625 0.603125 0.8546875 0.596875 0.8546875 0.5890625
1 0.2171875 0.428125 0.0140625 0.06953125
1 0.33125 0.4296875 0.334375 0.43125 0.3359375 0.4484375 0.3453125 0.4609375 0.3453125 0.4640625 0.334375 0.45625 0.33125 0.459375 0.33125 0.4796875 0.3296875 0.48125 0.325 0.4796875 0.321875 0.45 0.33125 0.43125
1 0.7828125 0.5796875 0.7859375 0.5859375 0.7859375 0.5921875 0.790625 0.6 0.7953125 0.6296875 0.7953125 0.6359375 0.7890625 0.6359375 0.7859375 0.6421875 0.784375 0.65 0.7859375 0.671875 0.7828125 0.6734375 0.7796875 0.665625 0.775 0.61875 0.775 0.6046875 0.7796875 0.59375 0.78125 0.58125
1 0.41875 0.503125 0.41875 0.475 0.415625 0.4671875 0.415625 0.45625 0.4203125 0.4484375 0.4203125 0.44375 0.421875 0.4421875 0.425 0.44375 0.4296875 0.484375 0.428125 0.509375 0.425 0.5078125 0.421875 0.5 0.41875 0.5078125 0.41875 0.5046875
1 0.359375 0.453125 0.3625 0.4546875 0.365625 0.46875 0.3671875 0.48125 0.365625 0.4953125 0.371875 0.515625 0.3765625 0.5234375 0.3765625 0.5265625 0.371875 0.5265625 0.36875 0.5125 0.359375 0.503125 0.3546875 0.509375 0.3546875 0.528125 0.353125 0.528125 0.353125 0.496875 0.3546875 0.4953125 0.353125 0.475 0.359375 0.4546875
1 0.3734375 0.5578125 0.3765625 0.5578125 0.384375 0.5734375 0.384375 0.6109375 0.390625 0.6171875 0.390625 0.6234375 0.3875 0.6234375 0.3828125 0.61875 0.378125 0.6203125 0.3796875 0.634375 0.3765625 0.6359375 0.3734375 0.61875 0.375 0.5921875 0.3703125 0.5875 0.3734375 0.559375
2 0.60625 0.54375 0.6046875 0.525 0.6015625 0.5234375 0.5984375 0.5296875 0.596875 0.54375 0.59375 0.546875 0.596875 0.5234375 0.59375 0.490625 0.6 0.4734375 0.6046875 0.4796875 0.609375 0.49375 0.60625 0.5234375 0.6078125 0.525 0.6078125 0.540625 0.60625 0.5421875