1 0.7125 0.4546875 0.715625 0.45625 0.715625 0.4609375 0.721875 0.475 0.71875 0.484375 0.71875 0.509375 0.7234375 0.521875 0.7203125 0.525 0.7171875 0.5234375 0.7125 0.5109375 0.7109375 0.4875 0.7078125 0.4796875 0.7078125 0.46875 0.7125 0.45625
1 0.5046875 0.4109375 0.5140625 0.4125 0.5234375 0.4265625 0.525 0.4453125 0.53125 0.45625 0.53125 0.4640625 0.5296875 0.4640625 0.5265625 0.45625 0.521875 0.4515625 0.51875 0.4546875 0.5203125 0.4625 0.51875 0.46875 0.515625 0.4671875 0.515625 0.4578125 0.5109375 0.4484375 0.5109375 0.43125 0.50625 0.4234375 0.5046875 0.4125
1 0.8171875 0.340625 0.821875 0.35 0.821875 0.39375 0.8234375 0.3953125 0.8234375 0.409375 0.8203125 0.409375 0.8171875 0.4046875 0.8140625 0.4078125 0.8109375 0.3953125 0.8109375 0.378125 0.8140625 0.36875 0.8140625 0.353125 0.8171875 0.3421875
1 0.640625 0.3484375 0.640625 0.3421875 0.6484375 0.3234375 0.6515625 0.325 0.6546875 0.3375 0.653125 0.3609375 0.65625 0.3640625 0.6578125 0.3734375 0.65 0.371875 0.64375 0.378125 0.6453125 0.3484375 0.64375 0.346875 0.6421875 0.3484375
1 0.2515625 0.4421875 0.2546875 0.4453125 0.2609375 0.465625 0.259375 0.509375 0.2625 0.5203125 0.2609375 0.521875 0.2578125 0.5203125 0.25625 0.5125 0.2515625 0.509375 0.2484375 0.496875 0.2484375 0.4765625 0.2453125 0.4703125 0.2453125 0.4640625 0.2484375 0.4578125 0.25 0.44375
1 0.3140625 0.3625 0.3140625 0.3671875 0.31875 0.3765625 0.3203125 0.409375 0.325 0.4203125 0.325 0.425 0.3234375 0.425 0.321875 0.4203125 0.3171875 0.4171875 0.3140625 0.428125 0.3109375 0.41875 0.309375 0.39375 0.30625 0.3796875 0.309375 0.3640625 0.3125 0.3625
1 0.38125 0.31875 0.384375 0.3203125 0.3859375 0.325 0.3859375 0.38125 0.378125 0.371875 0.378125 0.353125 0.375 0.340625 0.3765625 0.3296875 0.38125 0.3203125
1 0.584375 0.38125 0.5796875 0.34375 0.5796875 0.3328125 0.584375 0.3265625 0.5890625 0.3296875 0.5921875 0.3359375 0.590625 0.3515625 0.5921875 0.3828125 0.5890625 0.3796875 0.5859375 0.38125
1 0.43125 0.35625 0.4359375 0.36875 0.4375 0.3984375 0.4453125 0.4203125 0.4421875 0.4203125 0.4375 0.4109375 0.4375 0.40625 0.4328125 0.4 0.43125 0.415625 0.428125 0.4125 0.425 0.3640625 0.4265625 0.3578125 0.4296875 0.35625
1 0.346875 0.49375 0.35 0.4953125 0.3578125 0.5125 0.35625 0.5546875 0.3625 0.571875 0.3625 0.578125 0.359375 0.578125 0.3578125 0.56875 0.3546875 0.565625 0.3515625 0.56875 0.3515625 0.5734375 0.3484375 0.5734375 0.35 0.553125 0.3453125 0.528125 0.3421875 0.5234375 0.3421875 0.5109375 0.346875 0.4953125
1 0.2171875 0.628125 0.2203125 0.6296875 0.2203125 0.640625 0.2265625 0.65 0.228125 0.659375 0.2234375 0.6734375 0.2234375 0.703125 0.228125 0.7140625 0.228125 0.7234375 0.21875 0.7140625 0.2140625 0.675 0.209375 0.6625 0.209375 0.65 0.2140625 0.64375 0.215625 0.6296875
1 0.7921875 0.44375 0.7984375 0.45625 0.7984375 0.4984375 0.8 0.5 0.8 0.5234375 0.790625 0.5203125 0.7875 0.503125 0.7875 0.4625 0.7921875 0.4453125
1 0.40625 0.346875 0.4140625 0.3609375 0.4140625 0.3921875 0.4171875 0.403125 0.4140625 0.4078125 0.4125 0.4 0.4109375 0.3984375 0.4078125 0.4 0.4046875 0.396875 0.4046875 0.3890625 0.4015625 0.3828125 0.4 0.3625 0.40625 0.3484375
1 0.871875 0.740625 0.8796875 0.7625 0.8796875 0.7984375 0.88125 0.8109375 0.8890625 0.8328125 0.8890625 0.8484375 0.884375 0.846875 0.88125 0.8265625 0.878125 0.8171875 0.8734375 0.8125 0.86875 0.8140625 0.8703125 0.840625 0.86875 0.8421875 0.8671875 0.840625 0.8625 0.8234375 0.8609375 0.803125 0.8640625 0.7828125 0.8640625 0.7625 0.8671875 0.75625 0.8671875 0.7421875 0.8703125 0.740625
1 0.5671875 0.34375 0.5703125 0.34375 0.575 0.3546875 0.5734375 0.3953125 0.5703125 0.4 0.5671875 0.4 0.565625 0.365625 0.5640625 0.3640625 0.5671875 0.3453125
1 0.8 0.2984375 0.803125 0.3 0.80625 0.31875 0.80625 0.35625 0.8046875 0.3578125 0.8015625 0.35 0.796875 0.3484375 0.7953125 0.3328125 0.8 0.3
2 0.571875 0.590625 0.571875 0.584375 0.5640625 0.5671875 0.5625 0.521875 0.565625 0.509375 0.5734375 0.51875 0.5765625 0.528125 0.575 0.5375 0.5765625 0.590625 0.5734375 0.590625