1 0.653125 0.49375 0.653125 0.5359375 0.65 0.5421875 0.65 0.5515625 0.6453125 0.553125 0.6421875 0.5484375 0.6390625 0.5484375 0.6390625 0.54375 0.6453125 0.53125 0.646875 0.5046875 0.6515625 0.4953125
1 0.3015625 0.8171875 0.303125 0.8234375 0.3 0.83125 0.3 0.859375 0.303125 0.8671875 0.303125 0.89375 0.3 0.8984375 0.3 0.9140625 0.303125 0.9171875 0.3046875 0.921875 0.303125 0.9234375 0.296875 0.921875 0.296875 0.9 0.29375 0.8953125 0.2875 0.9015625 0.2859375 0.9078125 0.284375 0.909375 0.2828125 0.9078125 0.2828125 0.9 0.2921875 0.884375 0.290625 0.8484375 0.29375 0.821875 0.3 0.8171875
1 0.4328125 0.45625 0.43125 0.521875 0.428125 0.521875 0.428125 0.515625 0.425 0.5125 0.4203125 0.5171875 0.421875 0.4765625 0.4265625 0.4609375 0.43125 0.4578125
2 0.471875 0.584375 0.475 0.5859375 0.4734375 0.609375 0.4765625 0.6171875 0.4734375 0.621875 0.4734375 0.6390625 0.475 0.640625 0.4734375 0.6671875 0.4703125 0.665625 0.4703125 0.65 0.46875 0.6484375 0.4640625 0.65625 0.4640625 0.665625 0.4609375 0.6640625 0.4640625 0.6453125 0.465625 0.596875 0.4703125 0.5859375
1 0.584375 0.346875 0.5875 0.3578125 0.5875 0.39375 0.5828125 0.4 0.58125 0.4 0.58125 0.3828125 0.578125 0.365625 0.578125 0.353125 0.5796875 0.3484375 0.5828125 0.346875
1 0.521875 0.4046875 0.5265625 0.409375 0.5265625 0.4203125 0.5234375 0.43125 0.5203125 0.4671875 0.5171875 0.4640625 0.515625 0.43125 0.5125 0.421875 0.5140625 0.4125 0.5203125 0.40625
1 0.528125 0.365625 0.53125 0.3671875 0.5328125 0.3734375 0.53125 0.4109375 0.528125 0.4140625 0.5265625 0.421875 0.525 0.4109375 0.5203125 0.403125 0.5203125 0.3859375 0.528125 0.3671875
1 0.6515625 0.7421875 0.65625 0.7421875 0.65625 0.7546875 0.659375 0.765625 0.6578125 0.7765625 0.6609375 0.8 0.6609375 0.8234375 0.6578125 0.8234375 0.65625 0.8078125 0.6515625 0.8015625 0.6453125 0.8078125 0.64375 0.8296875 0.6390625 0.8328125 0.6453125 0.7890625 0.64375 0.7671875 0.6453125 0.759375 0.6515625 0.7515625 0.6515625 0.74375
1 0.2984375 0.5625 0.3015625 0.5640625 0.3015625 0.56875 0.3046875 0.5734375 0.30625 0.6375 0.3 0.640625 0.2984375 0.6375 0.296875 0.6203125 0.29375 0.6109375 0.2953125 0.60625 0.2921875 0.59375 0.2921875 0.58125 0.296875 0.5703125 0.296875 0.5640625
1 0.5015625 0.38125 0.50625 0.3859375 0.50625 0.3984375 0.5 0.403125 0.4984375 0.39375 0.5015625 0.3828125
1 0.4265625 0.546875 0.4296875 0.5484375 0.4296875 0.58125 0.4328125 0.5921875 0.4328125 0.6109375 0.434375 0.6125 0.4328125 0.615625 0.4296875 0.6125 0.4296875 0.60625 0.4265625 0.6015625 0.4234375 0.60625 0.4234375 0.6171875 0.421875 0.6203125 0.41875 0.6203125 0.4203125 0.615625 0.4203125 0.5625 0.4140625 0.5578125 0.4140625 0.5546875 0.4234375 0.5546875 0.4265625 0.5484375
1 0.2962673611111111 0.3924479166666667 0.014513888888888892 0.056059027777777756
1 0.5015625 0.4 0.5046875 0.4 0.509375 0.4078125 0.50625 0.4578125 0.5046875 0.4578125 0.5015625 0.446875 0.5015625 0.434375 0.496875 0.43125 0.4953125 0.4265625 0.496875 0.4109375 0.5015625 0.4015625
1 0.453125 0.4140625 0.45625 0.415625 0.459375 0.425 0.459375 0.45 0.4640625 0.4671875 0.4640625 0.4765625 0.4625 0.4765625 0.459375 0.46875 0.459375 0.4609375 0.4546875 0.459375 0.446875 0.475 0.446875 0.4609375 0.45 0.45 0.4484375 0.425 0.453125 0.415625
1 0.48125 0.8234375 0.4796875 0.8203125 0.4765625 0.8203125 0.471875 0.828125 0.4703125 0.8203125 0.48125 0.7921875 0.48125 0.7765625 0.4828125 0.775 0.48125 0.759375 0.4921875 0.7453125 0.49375 0.7375 0.4984375 0.740625 0.496875 0.7640625 0.5015625 0.76875 0.5015625 0.7734375 0.4953125 0.771875 0.490625 0.778125 0.49375 0.7921875 0.49375 0.8046875 0.4828125 0.8234375
1 0.9203125 0.546875 0.9265625 0.5640625 0.9265625 0.5765625 0.9234375 0.58125 0.9234375 0.6015625 0.928125 0.6078125 0.9296875 0.6171875 0.9265625 0.6203125 0.9203125 0.6 0.915625 0.5953125 0.909375 0.603125 0.9078125 0.6140625 0.90625 0.615625 0.903125 0.6140625 0.909375 0.59375 0.909375 0.5765625 0.915625 0.5640625 0.91875 0.5484375
1 0.1375347222222222 0.7787499999999999 0.015503472222222236 0.10059027777777771
1 0.4875 0.44375 0.490625 0.453125 0.4890625 0.4828125 0.4921875 0.503125 0.4890625 0.5046875 0.4890625 0.4984375 0.484375 0.490625 0.478125 0.4984375 0.478125 0.50625 0.475 0.5046875 0.478125 0.4796875 0.48125 0.4765625 0.48125 0.4515625 0.4828125 0.446875 0.4859375 0.4453125
1 0.4953125 0.425 0.5015625 0.434375 0.5015625 0.45625 0.4984375 0.48125 0.5 0.49375 0.4953125 0.4921875 0.4890625 0.4453125 0.4890625 0.4390625 0.4953125 0.4265625
1 0.4328125 0.453125 0.4359375 0.4546875 0.4390625 0.4625 0.4390625 0.4765625 0.4359375 0.4796875 0.4359375 0.4984375 0.4328125 0.5046875 0.4296875 0.484375 0.43125 0.475 0.4296875 0.4609375 0.4328125 0.4546875
1 0.6 0.5671875 0.603125 0.5828125 0.6015625 0.5875 0.603125 0.625 0.6 0.65 0.596875 0.6484375 0.596875 0.6265625 0.5953125 0.625 0.5921875 0.625 0.5875 0.6296875 0.584375 0.6484375 0.58125 0.64375 0.584375 0.6265625 0.5875 0.625 0.590625 0.6171875 0.5890625 0.5921875 0.5984375 0.56875
1 0.784375 0.3546875 0.7828125 0.353125 0.775 0.3546875 0.78125 0.340625 0.7828125 0.3125 0.7859375 0.3109375 0.7875 0.3265625 0.7859375 0.353125