1 0.59375 0.51875 0.6015625 0.5265625 0.60625 0.528125 0.60625 0.5453125 0.6078125 0.546875 0.6078125 0.55625 0.6046875 0.5625 0.6046875 0.56875 0.6078125 0.5734375 0.60625 0.5796875 0.6078125 0.5921875 0.6015625 0.59375 0.603125 0.5875 0.5984375 0.575 0.5953125 0.5375 0.5921875 0.528125 0.59375 0.5203125
1 0.5125 0.4359375 0.0171875 0.06640625
1 0.559375 0.621875 0.559375 0.6125 0.5640625 0.6078125 0.5703125 0.5921875 0.571875 0.5609375 0.575 0.5484375 0.578125 0.55 0.5796875 0.578125 0.5890625 0.6234375 0.584375 0.6234375 0.5828125 0.6203125 0.5828125 0.6109375 0.578125 0.5984375 0.575 0.5984375 0.571875 0.6046875 0.5625 0.6140625 0.5609375 0.621875
1 0.5171875 0.5546875 0.51875 0.5296875 0.525 0.5171875 0.5296875 0.5203125 0.5328125 0.5265625 0.5359375 0.54375 0.521875 0.55 0.51875 0.5546875
1 0.5328125 0.54375 0.5359375 0.5453125 0.5390625 0.5515625 0.540625 0.5609375 0.5390625 0.5640625 0.540625 0.565625 0.5390625 0.60625 0.5359375 0.6046875 0.5359375 0.6 0.5265625 0.590625 0.525 0.559375 0.5265625 0.55 0.53125 0.5453125
1 0.371875 0.3484375 0.3765625 0.3328125 0.3796875 0.33125 0.3828125 0.3375 0.384375 0.35625 0.3828125 0.3578125 0.38125 0.390625 0.378125 0.3921875 0.3765625 0.3625 0.3734375 0.35
1 0.51875 0.55625 0.5171875 0.5421875 0.51875 0.5296875 0.5234375 0.51875 0.5265625 0.5171875 0.5296875 0.5203125 0.534375 0.5375 0.534375 0.5421875 0.525 0.55 0.521875 0.55 0.51875 0.5546875
1 0.071875 0.5109375 0.0703125 0.509375 0.071875 0.5015625 0.0796875 0.49375 0.08125 0.4859375 0.078125 0.4625 0.0828125 0.446875 0.0859375 0.4453125 0.0890625 0.4546875 0.0921875 0.4953125 0.1 0.515625 0.0953125 0.515625 0.0875 0.4984375 0.08125 0.4984375 0.0734375 0.509375
1 0.1890625 0.4453125 0.1921875 0.4453125 0.19375 0.45 0.1953125 0.4859375 0.196875 0.4875 0.196875 0.4984375 0.1953125 0.5 0.1890625 0.4984375 0.184375 0.503125 0.184375 0.509375 0.18125 0.5109375 0.18125 0.5015625 0.1875 0.484375 0.1859375 0.45625 0.1890625 0.446875
1 0.2578125 0.375 0.2640625 0.3953125 0.2640625 0.4078125 0.26875 0.421875 0.26875 0.4328125 0.2640625 0.4328125 0.2640625 0.421875 0.2609375 0.415625 0.2578125 0.415625 0.253125 0.4234375 0.2453125 0.428125 0.2453125 0.4234375 0.2546875 0.409375 0.253125 0.384375 0.25625 0.3765625
1 0.5703125 0.453125 0.575 0.4609375 0.575 0.4734375 0.571875 0.4859375 0.571875 0.4984375 0.5671875 0.515625 0.5640625 0.51875 0.5625 0.515625 0.565625 0.4984375 0.5625 0.4859375 0.5625 0.4671875 0.56875 0.4546875
1 0.771875 0.4 0.7734375 0.39375 0.771875 0.3578125 0.7734375 0.35625 0.7828125 0.365625 0.78125 0.403125 0.7796875 0.4078125 0.7765625 0.4015625 0.7734375 0.4
1 0.115625 0.78125 0.11875 0.7828125 0.11875 0.790625 0.1234375 0.803125 0.121875 0.8125 0.1234375 0.871875 0.11875 0.8703125 0.11875 0.859375 0.115625 0.8546875 0.1109375 0.8578125 0.1109375 0.8703125 0.109375 0.871875 0.1046875 0.8703125 0.1078125 0.8375 0.1078125 0.825 0.1046875 0.8203125 0.1046875 0.8140625 0.10625 0.8046875 0.1125 0.796875 0.1140625 0.7828125
1 0.5046875 0.4484375 0.509375 0.4609375 0.5078125 0.4625 0.50625 0.4984375 0.5046875 0.5 0.5015625 0.496875 0.5015625 0.490625 0.4984375 0.4875 0.490625 0.4875 0.4984375 0.4796875 0.4984375 0.4578125 0.503125 0.45
2 0.3078125 0.4703125 0.3109375 0.475 0.3109375 0.4828125 0.3140625 0.490625 0.3140625 0.5125 0.321875 0.5359375 0.3203125 0.5390625 0.3140625 0.5296875 0.30625 0.540625 0.30625 0.5328125 0.309375 0.5265625 0.309375 0.5171875 0.303125 0.5 0.303125 0.48125 0.30625 0.4765625 0.30625 0.471875