1 0.659375 0.4328125 0.665625 0.4484375 0.6625 0.4625 0.6609375 0.503125 0.6578125 0.5015625 0.65625 0.4921875 0.6578125 0.48125 0.6546875 0.475 0.6546875 0.4578125 0.653125 0.45625 0.653125 0.4484375 0.6578125 0.434375
1 0.6359375 0.4421875 0.6359375 0.48125 0.634375 0.4890625 0.6296875 0.49375 0.6296875 0.4984375 0.6265625 0.5015625 0.6234375 0.4984375 0.6234375 0.4921875 0.6265625 0.4890625 0.625 0.4484375 0.6296875 0.4421875 0.634375 0.4421875
1 0.440625 0.53125 0.4421875 0.5296875 0.4375 0.5234375 0.4390625 0.4984375 0.440625 0.496875 0.44375 0.4984375 0.44375 0.503125 0.45 0.515625 0.45 0.53125 0.446875 0.5375 0.446875 0.5484375 0.4515625 0.5703125 0.45 0.5734375 0.4453125 0.575 0.4421875 0.5328125
1 0.4652777777777778 0.5192129629629629 0.016724537037037024 0.07197916666666666
1 0.33125 0.528125 0.3296875 0.53125 0.3328125 0.540625 0.3328125 0.571875 0.3296875 0.578125 0.328125 0.590625 0.328125 0.6015625 0.33125 0.6078125 0.328125 0.6109375 0.325 0.609375 0.3234375 0.6015625 0.3234375 0.571875 0.325 0.5703125 0.3234375 0.540625 0.325 0.5328125 0.3296875 0.528125
1 0.2140625 0.64375 0.2171875 0.65625 0.215625 0.659375 0.221875 0.684375 0.2171875 0.6921875 0.2078125 0.7359375 0.2046875 0.734375 0.2046875 0.7203125 0.209375 0.7078125 0.2078125 0.6578125 0.2109375 0.6546875 0.2125 0.6453125
1 0.5265914351851851 0.5939062500000001 0.01620370370370372 0.07900462962962962
2 0.51875 0.6015625 0.5234375 0.6140625 0.5234375 0.625 0.5203125 0.6375 0.5203125 0.6546875 0.5171875 0.659375 0.5171875 0.6828125 0.515625 0.684375 0.5140625 0.684375 0.5109375 0.6703125 0.5078125 0.6796875 0.5046875 0.6828125 0.5046875 0.6796875 0.509375 0.65625 0.5078125 0.6171875 0.5109375 0.6140625 0.5140625 0.603125 0.5171875 0.6015625
1 0.8068287037037036 0.5811342592592592 0.01793981481481479 0.0837037037037037
1 0.8421875 0.565625 0.8453125 0.5703125 0.8453125 0.58125 0.8484375 0.590625 0.8453125 0.6125 0.8421875 0.6203125 0.8421875 0.6328125 0.8453125 0.6390625 0.84375 0.646875 0.8421875 0.6484375 0.834375 0.64375 0.8375 0.6359375 0.8359375 0.61875 0.8390625 0.609375 0.8390625 0.5953125 0.83125 0.590625 0.8375 0.58125 0.840625 0.5671875
1 0.0008318865740740728 0.9521976273148148 0.0016637731481481456 0.09560474537037038
1 0.4625 0.459375 0.4671875 0.465625 0.46875 0.475 0.46875 0.484375 0.459375 0.4921875 0.459375 0.496875 0.4578125 0.471875 0.4625 0.4609375
1 0.5140625 0.5078125 0.5171875 0.5078125 0.5203125 0.5203125 0.51875 0.5375 0.521875 0.55 0.521875 0.5546875 0.5140625 0.565625 0.5125 0.578125 0.509375 0.575 0.5109375 0.571875 0.5109375 0.5390625 0.509375 0.5359375 0.5140625 0.528125 0.5140625 0.509375
1 0.4671875 0.5515625 0.4671875 0.53125 0.46875 0.5296875 0.4671875 0.5140625 0.471875 0.490625 0.478125 0.5015625 0.4796875 0.521875 0.4765625 0.5328125 0.4765625 0.5640625 0.4734375 0.5625 0.46875 0.5515625
1 0.2203125 0.6109375 0.2234375 0.6125 0.221875 0.615625 0.2296875 0.6328125 0.228125 0.65625 0.225 0.659375 0.2265625 0.6859375 0.225 0.6875 0.221875 0.6859375 0.2171875 0.6484375 0.2140625 0.640625 0.2140625 0.625 0.2203125 0.6125
1 0.4203125 0.5078125 0.4265625 0.515625 0.428125 0.5265625 0.425 0.5734375 0.4203125 0.5765625 0.421875 0.5625 0.415625 0.5359375 0.4171875 0.5296875 0.415625 0.509375 0.41875 0.5078125
1 0.6859375 0.6875 0.684375 0.6703125 0.6890625 0.6578125 0.6875 0.6265625 0.6890625 0.61875 0.6953125 0.6125 0.696875 0.603125 0.7 0.60625 0.703125 0.6296875 0.6984375 0.659375 0.6953125 0.6640625 0.6921875 0.6796875 0.6875 0.6875
1 0.16875 0.4515625 0.175 0.4578125 0.1828125 0.4859375 0.1765625 0.4953125 0.1765625 0.5234375 0.175 0.5234375 0.1734375 0.5046875 0.1671875 0.490625 0.16875 0.484375 0.1671875 0.453125
1 0.440625 0.5171875 0.4421875 0.528125 0.440625 0.5328125 0.44375 0.5453125 0.44375 0.5734375 0.440625 0.584375 0.4421875 0.5984375 0.4375 0.6 0.434375 0.5953125 0.4359375 0.565625 0.4328125 0.5515625 0.4328125 0.534375 0.440625 0.51875