0 0.4109375 0.465625 0.4140625 0.465625 0.4125 0.4734375 0.4109375 0.4734375 0.4109375 0.4671875
1 0.2765625 0.7859375 0.278125 0.7875 0.278125 0.8046875 0.275 0.8234375 0.278125 0.8359375 0.278125 0.846875 0.284375 0.865625 0.28125 0.8671875 0.278125 0.8640625 0.2765625 0.8515625 0.271875 0.84375 0.2640625 0.85 0.2515625 0.84375 0.253125 0.8375 0.2609375 0.8375 0.2640625 0.8328125 0.26875 0.803125 0.2734375 0.7875 0.275 0.7875
1 0.559375 0.434375 0.5640625 0.4484375 0.5703125 0.453125 0.5625 0.4609375 0.565625 0.4953125 0.5640625 0.496875 0.5609375 0.49375 0.5609375 0.484375 0.55625 0.478125 0.553125 0.48125 0.55 0.478125 0.54375 0.48125 0.54375 0.475 0.55 0.4734375 0.553125 0.4671875 0.5515625 0.45 0.5546875 0.4390625 0.5578125 0.4359375
1 0.3984375 0.4125 0.4015625 0.4125 0.40625 0.453125 0.4140625 0.4671875 0.4140625 0.4703125 0.4109375 0.471875 0.4 0.453125 0.39375 0.4578125 0.3859375 0.45625 0.3859375 0.45 0.39375 0.4484375 0.3953125 0.4375 0.3921875 0.425 0.3984375 0.4140625
1 0.5328125 0.575 0.5359375 0.5734375 0.5390625 0.5625 0.54375 0.56875 0.540625 0.6109375 0.5421875 0.6265625 0.5453125 0.634375 0.5453125 0.6359375 0.5390625 0.634375 0.5375 0.621875 0.521875 0.6078125 0.525 0.6015625 0.5296875 0.60625 0.5328125 0.6015625 0.53125 0.5953125 0.5328125 0.5765625
1 0.39375 0.6578125 0.396875 0.6578125 0.396875 0.665625 0.4 0.6703125 0.4015625 0.6828125 0.4015625 0.690625 0.3984375 0.6953125 0.4 0.7359375 0.396875 0.7359375 0.3953125 0.7234375 0.3875 0.715625 0.3828125 0.7171875 0.3828125 0.7109375 0.3890625 0.7046875 0.390625 0.7 0.3890625 0.6984375 0.3890625 0.671875 0.39375 0.659375
1 0.3671875 0.5234375 0.01875 0.06953125
1 0.9484375 0.4171875 0.9515625 0.41875 0.95625 0.4359375 0.95625 0.4734375 0.9578125 0.475 0.95625 0.484375 0.946875 0.4828125 0.9453125 0.4453125 0.9484375 0.41875
1 0.5578125 0.5078125 0.5609375 0.5609375 0.5546875 0.5734375 0.553125 0.5734375 0.553125 0.5671875 0.55625 0.5640625 0.55625 0.55625 0.5546875 0.5546875 0.5515625 0.55625 0.546875 0.5703125 0.5453125 0.5625 0.55 0.5421875 0.55 0.521875 0.553125 0.515625 0.553125 0.509375 0.55625 0.5078125
1 0.15625 0.665625 0.1546875 0.6609375 0.1453125 0.675 0.1421875 0.675 0.1421875 0.66875 0.15 0.6546875 0.1515625 0.6125 0.15625 0.6078125 0.159375 0.6 0.1609375 0.6 0.1625 0.6109375 0.1625 0.634375 0.165625 0.6484375 0.1625 0.6609375 0.1578125 0.665625
1 0.2859375 0.4171875 0.2890625 0.4171875 0.290625 0.4296875 0.2890625 0.4609375 0.2859375 0.465625 0.2859375 0.4734375 0.2828125 0.475 0.2796875 0.4703125 0.28125 0.4609375 0.278125 0.45625 0.28125 0.428125 0.2859375 0.41875
1 0.1265625 0.6078125 0.13125 0.6046875 0.1296875 0.5734375 0.134375 0.5578125 0.1359375 0.55625 0.1390625 0.5578125 0.1421875 0.5875 0.140625 0.5890625 0.1390625 0.6328125 0.134375 0.63125 0.134375 0.61875 0.13125 0.615625 0.1234375 0.6171875 0.1265625 0.609375
2 0.2765625 0.5109375 0.2796875 0.5328125 0.28125 0.5765625 0.278125 0.575 0.2765625 0.565625 0.2734375 0.5625 0.26875 0.5625 0.2609375 0.5578125 0.2609375 0.553125 0.26875 0.5484375 0.2671875 0.525 0.275 0.5125