1 0.3484375 0.7890625 0.3515625 0.79375 0.35 0.8203125 0.353125 0.83125 0.3546875 0.8640625 0.346875 0.8765625 0.3453125 0.884375 0.3421875 0.8828125 0.340625 0.875 0.3375 0.8734375 0.33125 0.8921875 0.328125 0.8953125 0.328125 0.878125 0.3359375 0.859375 0.3390625 0.8359375 0.3390625 0.8109375 0.3453125 0.8 0.346875 0.790625
1 0.865625 0.415625 0.8734375 0.4296875 0.8734375 0.4453125 0.8703125 0.4515625 0.8703125 0.4609375 0.8671875 0.465625 0.8640625 0.484375 0.8625 0.4859375 0.859375 0.48125 0.8609375 0.478125 0.8609375 0.428125 0.8640625 0.4171875
1 0.4734375 0.7125 0.475 0.703125 0.46875 0.7015625 0.46875 0.6953125 0.475 0.6890625 0.4765625 0.65 0.4796875 0.6390625 0.484375 0.634375 0.484375 0.6640625 0.4859375 0.665625 0.484375 0.696875 0.48125 0.7 0.4796875 0.7109375 0.48125 0.715625 0.475 0.7171875 0.475 0.7140625
1 0.5390625 0.3609375 0.5421875 0.365625 0.540625 0.3796875 0.5421875 0.4140625 0.5375 0.4109375 0.5359375 0.40625 0.534375 0.4109375 0.53125 0.4109375 0.5328125 0.375 0.5375 0.3625
1 0.6125 0.5609375 0.615625 0.5625 0.615625 0.5671875 0.621875 0.58125 0.621875 0.609375 0.625 0.6359375 0.621875 0.634375 0.61875 0.628125 0.615625 0.6140625 0.6078125 0.6078125 0.6078125 0.575 0.6109375 0.571875 0.6109375 0.5625
1 0.5265625 0.453125 0.5296875 0.453125 0.53125 0.45625 0.5328125 0.475 0.53125 0.4796875 0.5234375 0.4875 0.51875 0.4984375 0.51875 0.4875 0.521875 0.48125 0.521875 0.4625 0.5265625 0.4546875
1 0.5390625 0.50625 0.546875 0.51875 0.546875 0.5375 0.553125 0.5625 0.55 0.5640625 0.5484375 0.5546875 0.5421875 0.546875 0.5375 0.553125 0.5375 0.5640625 0.534375 0.5640625 0.5328125 0.5234375 0.5375 0.5078125
1 0.240625 0.4796875 0.2421875 0.48125 0.2421875 0.525 0.24375 0.5265625 0.240625 0.5484375 0.234375 0.546875 0.2359375 0.5359375 0.234375 0.4984375 0.2375 0.48125 0.2390625 0.48125
1 0.7328125 0.5875 0.74375 0.575 0.7453125 0.56875 0.74375 0.55 0.7484375 0.5296875 0.7515625 0.528125 0.7546875 0.54375 0.7609375 0.55625 0.75625 0.5625 0.7578125 0.5859375 0.7625 0.596875 0.7671875 0.6 0.765625 0.6046875 0.7609375 0.60625 0.753125 0.5796875 0.7484375 0.5765625 0.7359375 0.590625 0.734375 0.5953125 0.73125 0.5953125 0.7328125 0.5890625
1 0.45625 0.4296875 0.459375 0.4296875 0.4609375 0.434375 0.4609375 0.45625 0.4625 0.4578125 0.4609375 0.4953125 0.4578125 0.4921875 0.45625 0.475 0.45 0.4609375 0.45 0.440625 0.45625 0.43125
1 0.18046875 0.59375 0.0125 0.08203125
1 0.9015625 0.5359375 0.90625 0.5390625 0.9140625 0.55 0.915625 0.5859375 0.921875 0.596875 0.9234375 0.60625 0.921875 0.6078125 0.91875 0.60625 0.915625 0.5953125 0.9078125 0.5890625 0.9046875 0.5921875 0.90625 0.6109375 0.9046875 0.6140625 0.9 0.6109375 0.9 0.6 0.896875 0.5921875 0.9 0.5375
1 0.10625 0.6875 0.10625 0.69375 0.103125 0.6953125 0.1 0.69375 0.0984375 0.6734375 0.0953125 0.6671875 0.0828125 0.684375 0.08125 0.6953125 0.078125 0.69375 0.078125 0.6828125 0.0828125 0.678125 0.0875 0.6671875 0.0890625 0.634375 0.09375 0.6078125 0.096875 0.603125 0.1 0.6046875 0.1015625 0.68125 0.1046875 0.6875
1 0.484375 0.475 0.4875 0.475 0.4875 0.490625 0.490625 0.496875 0.4890625 0.5140625 0.4828125 0.5234375 0.478125 0.525 0.475 0.5296875 0.4703125 0.5296875 0.475 0.51875 0.478125 0.4890625 0.484375 0.4765625
1 0.4015625 0.50703125 0.01484375 0.071875
1 0.365625 0.4140625 0.36875 0.4171875 0.3703125 0.43125 0.36875 0.4578125 0.365625 0.471875 0.3671875 0.48125 0.3640625 0.48125 0.3625 0.459375 0.359375 0.4484375 0.359375 0.4328125 0.365625 0.415625
1 0.3578125 0.45 0.3609375 0.4515625 0.3625 0.4578125 0.3625 0.4765625 0.3640625 0.478125 0.3625 0.51875 0.359375 0.51875 0.359375 0.5109375 0.35625 0.5046875 0.353125 0.5046875 0.3484375 0.5109375 0.3453125 0.509375 0.3484375 0.5 0.353125 0.4984375 0.353125 0.46875 0.3578125 0.4515625
1 0.8515625 0.7078125 0.8546875 0.7109375 0.85625 0.7203125 0.8625 0.728125 0.8640625 0.74375 0.859375 0.7515625 0.8578125 0.771875 0.853125 0.7828125 0.853125 0.7890625 0.846875 0.809375 0.84375 0.809375 0.8453125 0.7984375 0.84375 0.7828125 0.8484375 0.7671875 0.84375 0.75625 0.84375 0.7359375 0.8453125 0.725 0.8484375 0.7234375 0.85 0.7171875 0.8484375 0.715625 0.8484375 0.709375 0.85 0.709375
1 0.11875 0.40078125 0.015625 0.06796875
1 0.5296875 0.48125 0.5359375 0.4875 0.5390625 0.496875 0.5390625 0.5046875 0.5328125 0.5140625 0.509375 0.51875 0.509375 0.515625 0.51875 0.503125 0.5234375 0.4875 0.528125 0.4828125
2 0.4640625 0.5375 0.46875 0.5390625 0.4671875 0.54375 0.4734375 0.5671875 0.4703125 0.5703125 0.4703125 0.5796875 0.475 0.6140625 0.471875 0.6140625 0.4703125 0.6109375 0.46875 0.59375 0.465625 0.590625 0.4609375 0.5921875 0.459375 0.5984375 0.4515625 0.609375 0.4515625 0.603125 0.459375 0.5859375 0.4578125 0.5515625 0.4640625 0.5390625