0 0.49453125 0.39375 0.00625 0.009375
1 0.303125 0.3640625 0.3046875 0.365625 0.3046875 0.3984375 0.303125 0.4 0.30625 0.4328125 0.303125 0.434375 0.3 0.4140625 0.29375 0.4265625 0.284375 0.43125 0.284375 0.4265625 0.29375 0.4140625 0.2953125 0.3828125 0.3 0.365625 0.3015625 0.365625
1 0.4703125 0.371875 0.478125 0.3875 0.4765625 0.4140625 0.48125 0.446875 0.4765625 0.4453125 0.4765625 0.434375 0.4734375 0.425 0.459375 0.4421875 0.459375 0.4359375 0.4671875 0.4234375 0.465625 0.3828125 0.46875 0.3734375
1 0.6484375 0.4671875 0.65 0.453125 0.65625 0.44375 0.6578125 0.434375 0.6609375 0.4328125 0.6625 0.446875 0.665625 0.45 0.6625 0.496875 0.6546875 0.521875 0.653125 0.5125 0.65625 0.5 0.65625 0.4875 0.653125 0.4796875 0.653125 0.4703125 0.65 0.4671875
1 0.515625 0.3453125 0.521875 0.3578125 0.5234375 0.3703125 0.521875 0.415625 0.51875 0.415625 0.5140625 0.3890625 0.5109375 0.384375 0.5109375 0.3625 0.5140625 0.346875
2 0.0984375 0.3984375 0.0984375 0.4046875 0.1046875 0.425 0.1015625 0.4375 0.10625 0.45 0.103125 0.4640625 0.103125 0.4796875 0.0984375 0.4765625 0.1 0.45625 0.0953125 0.4546875 0.0828125 0.4765625 0.08125 0.4859375 0.0796875 0.475 0.0921875 0.44375 0.0921875 0.4375 0.0859375 0.43125 0.0859375 0.41875 0.0921875 0.4109375 0.09375 0.4 0.096875 0.3984375
1 0.2203125 0.453125 0.2265625 0.44375 0.2265625 0.415625 0.228125 0.40625 0.234375 0.3921875 0.2359375 0.3921875 0.2375 0.403125 0.2375 0.440625 0.23125 0.4609375 0.2328125 0.46875 0.2296875 0.4703125 0.2265625 0.4671875 0.228125 0.4578125 0.221875 0.453125
1 0.1109375 0.5875 0.115625 0.5921875 0.115625 0.6234375 0.121875 0.634375 0.115625 0.6390625 0.115625 0.6484375 0.1203125 0.6671875 0.121875 0.7078125 0.1140625 0.70625 0.115625 0.6984375 0.1140625 0.6765625 0.115625 0.675 0.1125 0.6703125 0.109375 0.678125 0.0953125 0.6921875 0.09375 0.6984375 0.0921875 0.7 0.090625 0.6984375 0.090625 0.6875 0.103125 0.6734375 0.1015625 0.6203125 0.1109375 0.5890625
1 0.3484375 0.4734375 0.353125 0.5421875 0.3484375 0.5609375 0.3453125 0.55625 0.3484375 0.5359375 0.3453125 0.53125 0.3390625 0.5375 0.33125 0.56875 0.3296875 0.55625 0.3375 0.5296875 0.3375 0.49375 0.3421875 0.4859375 0.34375 0.475 0.346875 0.4734375
1 0.81953125 0.53515625 0.0203125 0.084375
1 0.240625 0.3828125 0.2421875 0.4359375 0.2359375 0.434375 0.234375 0.3953125 0.2359375 0.384375 0.2390625 0.3828125
1 0.0375 0.4046875 0.0421875 0.4046875 0.0421875 0.4390625 0.040625 0.440625 0.0421875 0.484375 0.0375 0.4828125 0.0375 0.4625 0.0359375 0.4609375 0.03125 0.465625 0.015625 0.4640625 0.01875 0.459375 0.025 0.459375 0.0296875 0.453125 0.03125 0.428125 0.0375 0.40625
1 0.43125 0.39375 0.4359375 0.4203125 0.4265625 0.4265625 0.4265625 0.4328125 0.4234375 0.4375 0.4234375 0.45 0.41875 0.4609375 0.4125 0.4625 0.4078125 0.46875 0.40625 0.4640625 0.4203125 0.446875 0.4203125 0.4296875 0.421875 0.428125 0.4203125 0.4140625 0.4296875 0.3953125
1 0.4796875 0.3375 0.484375 0.3375 0.4828125 0.3484375 0.4875 0.35625 0.484375 0.3625 0.4875 0.390625 0.4796875 0.3875 0.4765625 0.3828125 0.475 0.3578125 0.4796875 0.3390625
1 0.434375 0.4125 0.4359375 0.4125 0.4359375 0.428125 0.4375 0.4296875 0.4390625 0.4828125 0.4421875 0.4875 0.440625 0.4890625 0.434375 0.4875 0.434375 0.4703125 0.43125 0.4625 0.428125 0.4625 0.41875 0.4734375 0.4125 0.4765625 0.409375 0.4859375 0.40625 0.484375 0.4078125 0.46875 0.4125 0.46875 0.421875 0.459375 0.4234375 0.4375 0.428125 0.425 0.434375 0.41875 0.434375 0.4140625
1 0.7375 0.3546875 0.74375 0.3671875 0.7484375 0.396875 0.7484375 0.4328125 0.7453125 0.4296875 0.74375 0.4171875 0.740625 0.4125 0.7390625 0.4140625 0.7390625 0.434375 0.734375 0.4359375 0.7359375 0.4328125 0.734375 0.390625 0.7359375 0.3890625 0.7359375 0.3578125 0.7375 0.35625