1 0.3375 0.5546875 0.3375 0.546875 0.3421875 0.534375 0.3421875 0.4984375 0.3484375 0.490625 0.35 0.484375 0.353125 0.4875 0.353125 0.5359375 0.35 0.5484375 0.35 0.5609375 0.346875 0.559375 0.346875 0.5421875 0.3453125 0.540625 0.3421875 0.5453125 0.3421875 0.5515625 0.3390625 0.5546875
1 0.4203125 0.434375 0.425 0.434375 0.4265625 0.4453125 0.4296875 0.45 0.428125 0.4609375 0.4171875 0.4703125 0.415625 0.46875 0.415625 0.453125 0.4203125 0.4359375
1 0.09673032407407407 0.4705034722222223 0.016840277777777767 0.07531249999999998
1 0.4625 0.5484375 0.4671875 0.5484375 0.4703125 0.5578125 0.475 0.5625 0.4765625 0.56875 0.471875 0.571875 0.4703125 0.584375 0.48125 0.6078125 0.4875 0.615625 0.4875 0.6203125 0.4828125 0.6203125 0.4796875 0.6109375 0.4703125 0.6 0.4671875 0.6 0.4640625 0.6046875 0.4609375 0.603125 0.459375 0.5734375 0.4546875 0.565625 0.4546875 0.5609375 0.4625 0.5546875 0.4625 0.55
1 0.403125 0.553125 0.4015625 0.603125 0.4 0.60625 0.390625 0.6078125 0.378125 0.6140625 0.378125 0.6078125 0.3890625 0.5984375 0.3890625 0.578125 0.396875 0.565625 0.3984375 0.5546875 0.4015625 0.553125
1 0.8765625 0.4640625 0.8890625 0.4875 0.8890625 0.5046875 0.8875 0.50625 0.890625 0.5203125 0.8890625 0.5296875 0.8875 0.5296875 0.8875 0.521875 0.884375 0.51875 0.88125 0.50625 0.8765625 0.5078125 0.8765625 0.51875 0.8734375 0.5203125 0.8703125 0.51875 0.86875 0.4953125 0.871875 0.4921875 0.871875 0.465625 0.875 0.4640625
1 0.6234375 0.5546875 0.6234375 0.5421875 0.6265625 0.534375 0.6234375 0.503125 0.6328125 0.4828125 0.640625 0.4984375 0.6421875 0.515625 0.6359375 0.51875 0.6359375 0.5390625 0.6328125 0.54375 0.6328125 0.553125 0.6296875 0.55625 0.625 0.5546875
1 0.6 0.4328125 0.603125 0.4375 0.60625 0.4546875 0.6 0.4671875 0.5984375 0.4921875 0.59375 0.503125 0.5953125 0.5109375 0.5921875 0.5125 0.590625 0.5046875 0.5859375 0.5 0.5890625 0.496875 0.5890625 0.45625 0.5984375 0.434375
1 0.3125 0.5703125 0.3109375 0.56875 0.3125 0.509375 0.31875 0.49375 0.3234375 0.4890625 0.3265625 0.490625 0.325 0.49375 0.3265625 0.5 0.325 0.53125 0.3265625 0.534375 0.31875 0.5640625 0.3140625 0.56875
1 0.49375 0.475 0.496875 0.475 0.4984375 0.496875 0.496875 0.503125 0.4890625 0.509375 0.4859375 0.51875 0.484375 0.5375 0.4796875 0.54375 0.48125 0.5296875 0.484375 0.521875 0.484375 0.5 0.4890625 0.4953125 0.49375 0.4765625
1 0.5859375 0.5046875 0.5890625 0.5046875 0.5921875 0.51875 0.5921875 0.540625 0.590625 0.5421875 0.5921875 0.5828125 0.590625 0.5859375 0.5875 0.5828125 0.5890625 0.58125 0.5875 0.5578125 0.584375 0.5546875 0.5765625 0.55625 0.56875 0.565625 0.5640625 0.5765625 0.5609375 0.5765625 0.5625 0.565625 0.5734375 0.55 0.5734375 0.5453125 0.578125 0.5359375 0.578125 0.5265625 0.5859375 0.50625
1 0.4921875 0.5046875 0.4953125 0.5046875 0.496875 0.509375 0.496875 0.55 0.5015625 0.58125 0.5 0.584375 0.4953125 0.584375 0.496875 0.56875 0.4953125 0.5609375 0.490625 0.55625 0.4765625 0.56875 0.478125 0.553125 0.4859375 0.53125 0.4859375 0.5203125 0.4890625 0.509375 0.4921875 0.50625
1 0.646875 0.56875 0.6515625 0.571875 0.65625 0.58125 0.6609375 0.6 0.6578125 0.628125 0.6609375 0.646875 0.659375 0.6515625 0.653125 0.6484375 0.653125 0.6375 0.65 0.63125 0.6515625 0.603125 0.646875 0.584375 0.6484375 0.5828125 0.646875 0.5703125
1 0.45625 0.5640625 0.459375 0.5671875 0.4578125 0.58125 0.459375 0.5828125 0.459375 0.5984375 0.4640625 0.6109375 0.4625 0.6265625 0.465625 0.6375 0.4625 0.6390625 0.45625 0.63125 0.45625 0.6234375 0.453125 0.61875 0.4375 0.6140625 0.4390625 0.5984375 0.4484375 0.5796875 0.4546875 0.571875 0.4546875 0.565625
1 0.0421875 0.5890625 0.0453125 0.5875 0.0484375 0.5890625 0.0484375 0.5984375 0.0453125 0.603125 0.04375 0.6140625 0.0453125 0.621875 0.040625 0.6265625 0.0421875 0.65 0.0375 0.665625 0.0390625 0.68125 0.034375 0.6828125 0.03125 0.6765625 0.034375 0.6625 0.034375 0.65625 0.03125 0.653125 0.0203125 0.6640625 0.0171875 0.6703125 0.015625 0.6640625 0.0171875 0.65625 0.028125 0.6453125 0.028125 0.628125 0.03125 0.6203125 0.03125 0.6125 0.0421875 0.590625
1 0.4796875 0.39375 0.4859375 0.40625 0.484375 0.4140625 0.4859375 0.425 0.48125 0.4421875 0.48125 0.4515625 0.4765625 0.459375 0.4734375 0.459375 0.475 0.453125 0.4734375 0.4125 0.478125 0.3953125
1 0.4265625 0.4609375 0.428125 0.48125 0.425 0.496875 0.425 0.53125 0.4234375 0.5328125 0.4203125 0.528125 0.421875 0.5265625 0.4203125 0.515625 0.4171875 0.5125 0.4125 0.515625 0.40625 0.5328125 0.403125 0.5328125 0.403125 0.525 0.4125 0.50625 0.4125 0.496875 0.415625 0.49375 0.4171875 0.46875 0.425 0.4609375
1 0.2171875 0.50625 0.2203125 0.5078125 0.221875 0.5203125 0.2171875 0.571875 0.2125 0.58125 0.2140625 0.590625 0.2109375 0.5921875 0.20625 0.5875 0.20625 0.5796875 0.209375 0.5734375 0.209375 0.5515625 0.20625 0.5328125 0.2078125 0.5234375 0.2109375 0.5171875 0.215625 0.5140625 0.2171875 0.5078125
2 0.40425347222222224 0.6540451388888889 0.02578125 0.10595486111111115