1 0.1984375 0.6796875 0.203125 0.68125 0.203125 0.690625 0.209375 0.7 0.209375 0.7125 0.20625 0.7203125 0.20625 0.7390625 0.209375 0.75 0.209375 0.759375 0.20625 0.75625 0.203125 0.7421875 0.1984375 0.7375 0.190625 0.7421875 0.190625 0.7609375 0.1890625 0.7625 0.1859375 0.759375 0.184375 0.7484375 0.184375 0.7390625 0.1890625 0.7234375 0.190625 0.7 0.196875 0.6890625 0.1984375 0.68125
1 0.6640625 0.659375 0.6703125 0.671875 0.6703125 0.7078125 0.6671875 0.73125 0.671875 0.7421875 0.671875 0.7484375 0.66875 0.7515625 0.6609375 0.7484375 0.6625 0.7359375 0.659375 0.7265625 0.659375 0.7078125 0.6578125 0.70625 0.6609375 0.6875 0.659375 0.6609375 0.6625 0.659375
1 0.5640625 0.725 0.5671875 0.725 0.571875 0.740625 0.5703125 0.8171875 0.5671875 0.8265625 0.5640625 0.825 0.5640625 0.8171875 0.559375 0.809375 0.5578125 0.8 0.5578125 0.784375 0.5609375 0.775 0.5625 0.728125 0.5640625 0.7265625
1 0.51875 0.65625 0.515625 0.653125 0.5171875 0.6375 0.5140625 0.6359375 0.509375 0.6453125 0.509375 0.65625 0.50625 0.6578125 0.50625 0.6453125 0.509375 0.6359375 0.5078125 0.596875 0.5140625 0.58125 0.5171875 0.5828125 0.5203125 0.6015625 0.51875 0.6125 0.5203125 0.653125 0.51875 0.6546875
1 0.7921875 0.440625 0.796875 0.440625 0.8 0.44375 0.8046875 0.4625 0.8046875 0.46875 0.7984375 0.471875 0.79375 0.478125 0.7921875 0.4984375 0.790625 0.503125 0.7875 0.5046875 0.7890625 0.49375 0.7875 0.4578125 0.7921875 0.4421875
1 0.3859375 0.6296875 0.390625 0.63125 0.39375 0.65 0.3875 0.6578125 0.3859375 0.675 0.3734375 0.68125 0.3734375 0.675 0.3796875 0.66875 0.378125 0.65625 0.3734375 0.6453125 0.375 0.646875 0.378125 0.6453125 0.38125 0.640625 0.38125 0.634375 0.3859375 0.63125
1 0.3578125 0.5734375 0.359375 0.596875 0.35625 0.6296875 0.3546875 0.63125 0.3515625 0.625 0.3390625 0.6453125 0.3375 0.6453125 0.3375 0.6390625 0.3453125 0.625 0.34375 0.615625 0.346875 0.5875 0.353125 0.575 0.35625 0.5734375
1 0.2375 0.6359375 0.240625 0.6375 0.2453125 0.6578125 0.25 0.6671875 0.25 0.671875 0.2453125 0.675 0.25 0.69375 0.25 0.709375 0.246875 0.7109375 0.24375 0.7046875 0.240625 0.709375 0.2375 0.7109375 0.2359375 0.709375 0.2390625 0.69375 0.234375 0.6828125 0.23125 0.6609375 0.2328125 0.6453125 0.234375 0.6375 0.2359375 0.6375
1 0.23125 0.578125 0.2328125 0.5796875 0.23125 0.6234375 0.228125 0.6296875 0.2265625 0.6421875 0.2234375 0.6453125 0.21875 0.64375 0.221875 0.628125 0.215625 0.615625 0.215625 0.6015625 0.2234375 0.5890625 0.228125 0.5859375 0.2296875 0.5796875
1 0.16875 0.7953125 0.165625 0.7703125 0.1625 0.7671875 0.1578125 0.7703125 0.1546875 0.8 0.153125 0.8 0.153125 0.7796875 0.1515625 0.778125 0.153125 0.759375 0.15625 0.75 0.1546875 0.728125 0.165625 0.703125 0.16875 0.70625 0.16875 0.7140625 0.1765625 0.734375 0.1703125 0.75 0.16875 0.7609375 0.1703125 0.7640625 0.1703125 0.7953125
1 0.30625 0.621875 0.30625 0.6390625 0.3109375 0.6609375 0.3109375 0.665625 0.3078125 0.66875 0.3078125 0.7 0.303125 0.696875 0.3046875 0.68125 0.3015625 0.6765625 0.2984375 0.678125 0.296875 0.6859375 0.2984375 0.690625 0.296875 0.69375 0.29375 0.6921875 0.2953125 0.678125 0.29375 0.6375 0.296875 0.6359375 0.3015625 0.6234375 0.3046875 0.621875
1 0.765625 0.565625 0.76875 0.565625 0.7734375 0.58125 0.76875 0.61875 0.771875 0.640625 0.765625 0.6484375 0.759375 0.6484375 0.7609375 0.5890625 0.765625 0.5671875
1 0.415625 0.58359375 0.0125 0.071875
1 0.321875 0.5875 0.328125 0.5875 0.3265625 0.5984375 0.3328125 0.6109375 0.3390625 0.615625 0.3390625 0.61875 0.33125 0.6171875 0.328125 0.6203125 0.3328125 0.6578125 0.3296875 0.6734375 0.3265625 0.671875 0.3171875 0.6375 0.315625 0.615625 0.3125 0.6109375 0.315625 0.6015625 0.321875 0.59375 0.321875 0.5890625
1 0.221875 0.6453125 0.225 0.6484375 0.221875 0.653125 0.221875 0.659375 0.2171875 0.6640625 0.2171875 0.6734375 0.2125 0.690625 0.2109375 0.6890625 0.2125 0.6609375 0.215625 0.65 0.2203125 0.6453125
1 0.4 0.5875 0.403125 0.5875 0.403125 0.5953125 0.409375 0.6109375 0.41875 0.6234375 0.4171875 0.6265625 0.4125 0.6234375 0.409375 0.625 0.4109375 0.6359375 0.409375 0.6609375 0.4046875 0.659375 0.403125 0.6421875 0.396875 0.634375 0.3921875 0.621875 0.3921875 0.609375 0.4 0.5890625
1 0.625 0.471875 0.6296875 0.4765625 0.6296875 0.525 0.6265625 0.5375 0.628125 0.546875 0.6265625 0.5484375 0.61875 0.54375 0.621875 0.525 0.6203125 0.490625 0.625 0.4734375
1 0.2265625 0.646875 0.23125 0.6515625 0.23125 0.6671875 0.2328125 0.66875 0.2328125 0.678125 0.2296875 0.684375 0.2328125 0.70625 0.23125 0.7359375 0.225 0.73125 0.221875 0.7328125 0.221875 0.7359375 0.21875 0.7359375 0.215625 0.709375 0.215625 0.675 0.2171875 0.665625 0.2234375 0.65625 0.225 0.6484375
1 0.365625 0.6125 0.371875 0.6125 0.371875 0.6234375 0.3796875 0.634375 0.3796875 0.640625 0.3765625 0.6421875 0.36875 0.640625 0.3640625 0.64375 0.3640625 0.6640625 0.3625 0.665625 0.3640625 0.6859375 0.3546875 0.68125 0.3484375 0.68125 0.3484375 0.671875 0.3546875 0.6640625 0.353125 0.6359375 0.365625 0.6140625
2 0.703125 0.60625 0.7078125 0.609375 0.7078125 0.615625 0.7125 0.625 0.7140625 0.6375 0.7125 0.6703125 0.715625 0.68125 0.715625 0.6984375 0.7109375 0.696875 0.7125 0.6890625 0.709375 0.678125 0.70625 0.6828125 0.70625 0.6953125 0.703125 0.6984375 0.7015625 0.696875 0.703125 0.690625 0.7015625 0.6859375 0.703125 0.6125 0.7015625 0.609375 0.703125 0.6078125