1 0.5609375 0.4265625 0.5640625 0.428125 0.5640625 0.4328125 0.5703125 0.446875 0.56875 0.46875 0.5796875 0.4703125 0.578125 0.4734375 0.5625 0.484375 0.5578125 0.496875 0.553125 0.4953125 0.5578125 0.4859375 0.5578125 0.475 0.5609375 0.465625 0.559375 0.4609375 0.5609375 0.428125
1 0.553125 0.6078125 0.5640625 0.6375 0.5640625 0.6796875 0.56875 0.69375 0.571875 0.715625 0.5703125 0.7171875 0.5625 0.715625 0.5640625 0.7109375 0.5625 0.6890625 0.5578125 0.6828125 0.553125 0.6875 0.546875 0.7109375 0.5421875 0.7109375 0.5390625 0.70625 0.5390625 0.703125 0.5453125 0.6984375 0.553125 0.6671875 0.553125 0.659375 0.55 0.65625 0.546875 0.6578125 0.546875 0.6515625 0.55 0.646875 0.55 0.6265625 0.5515625 0.625 0.55 0.609375 0.5515625 0.609375
1 0.9984375 0.378125 0.9984375 0.4328125 0.99375 0.4484375 0.9890625 0.4484375 0.9875 0.44375 0.9921875 0.4359375 0.99375 0.428125 0.996875 0.3796875
1 0.4296875 0.41875 0.4359375 0.409375 0.4359375 0.39375 0.4390625 0.3921875 0.4421875 0.4 0.4421875 0.4234375 0.4453125 0.4296875 0.4515625 0.43125 0.45 0.4375 0.44375 0.4375 0.4359375 0.4421875 0.4328125 0.4515625 0.4296875 0.45 0.434375 0.4296875 0.434375 0.421875 0.43125 0.41875
1 0.0921875 0.4890625 0.0953125 0.4890625 0.103125 0.5078125 0.1 0.54375 0.1046875 0.553125 0.1046875 0.5609375 0.1015625 0.5640625 0.1015625 0.56875 0.0984375 0.56875 0.0984375 0.5625 0.0921875 0.5484375 0.090625 0.5296875 0.0859375 0.5125 0.0875 0.5015625 0.0921875 0.490625
1 0.5671875 0.48125 0.571875 0.4796875 0.5765625 0.4875 0.5765625 0.496875 0.5734375 0.5046875 0.5734375 0.5203125 0.584375 0.5359375 0.584375 0.5453125 0.58125 0.5453125 0.5796875 0.5375 0.5703125 0.5296875 0.565625 0.5375 0.565625 0.546875 0.5640625 0.5484375 0.559375 0.546875 0.5640625 0.5359375 0.5640625 0.5125 0.565625 0.5109375 0.5640625 0.4875 0.5671875 0.4828125
1 0.69375 0.46875 0.696875 0.46875 0.703125 0.4875 0.70625 0.521875 0.7171875 0.53125 0.7171875 0.5390625 0.7125 0.534375 0.7046875 0.5328125 0.7 0.5265625 0.696875 0.5296875 0.6953125 0.5484375 0.6921875 0.5515625 0.6890625 0.55 0.6921875 0.54375 0.6953125 0.5203125 0.69375 0.4703125
1 0.0703125 0.75 0.0765625 0.7515625 0.0765625 0.759375 0.084375 0.7703125 0.0859375 0.8375 0.0921875 0.8640625 0.0921875 0.871875 0.0875 0.871875 0.0828125 0.85625 0.08125 0.840625 0.078125 0.8375 0.0734375 0.8375 0.0703125 0.840625 0.06875 0.8703125 0.0640625 0.871875 0.0640625 0.834375 0.06875 0.815625 0.065625 0.78125 0.0703125 0.7703125 0.06875 0.759375 0.0703125 0.7515625
1 0.9515625 0.671875 0.9546875 0.675 0.9609375 0.675 0.9625 0.6859375 0.959375 0.6859375 0.95625 0.68125 0.9390625 0.6765625 0.9359375 0.6859375 0.9390625 0.7 0.9359375 0.703125 0.93125 0.703125 0.928125 0.7 0.9328125 0.6921875 0.93125 0.6859375 0.9328125 0.6453125 0.9296875 0.640625 0.9296875 0.603125 0.93125 0.6015625 0.9359375 0.6015625 0.9375 0.60625 0.9375 0.6171875 0.94375 0.6390625 0.9453125 0.665625 0.95 0.671875
1 0.1296875 0.3984375 0.1328125 0.4125 0.1296875 0.4609375 0.121875 0.4609375 0.1234375 0.4515625 0.121875 0.4125 0.125 0.4 0.128125 0.3984375
1 0.3484375 0.625 0.353125 0.625 0.3546875 0.634375 0.359375 0.6390625 0.3640625 0.65 0.3640625 0.6703125 0.365625 0.671875 0.3640625 0.690625 0.3703125 0.7015625 0.3703125 0.7203125 0.371875 0.721875 0.371875 0.7265625 0.36875 0.7296875 0.3640625 0.728125 0.365625 0.71875 0.359375 0.7046875 0.3515625 0.6984375 0.3546875 0.6703125 0.34375 0.665625 0.34375 0.6625 0.3484375 0.6578125 0.35 0.646875 0.3484375 0.6265625
1 0.15 0.4703125 0.153125 0.4703125 0.1609375 0.490625 0.1609375 0.4984375 0.1578125 0.50625 0.1609375 0.55 0.1578125 0.553125 0.1546875 0.5484375 0.15 0.546875 0.15 0.540625 0.14375 0.525 0.146875 0.5109375 0.1453125 0.4859375 0.1484375 0.48125 0.15 0.471875
1 0.0328125 0.3765625 0.0390625 0.3640625 0.0421875 0.365625 0.0453125 0.375 0.046875 0.3859375 0.0453125 0.4109375 0.040625 0.4109375 0.0390625 0.39375 0.034375 0.378125
2 0.5078125 0.5046875 0.5109375 0.5046875 0.51875 0.521875 0.51875 0.55 0.525 0.553125 0.5265625 0.5578125 0.5265625 0.5640625 0.5203125 0.5609375 0.5140625 0.565625 0.515625 0.584375 0.5140625 0.5859375 0.5109375 0.584375 0.5078125 0.5484375 0.503125 0.54375 0.50625 0.5328125 0.5078125 0.50625