0 0.1984375 0.659375 0.2 0.66875 0.196875 0.671875 0.1921875 0.6671875 0.1921875 0.6625 0.196875 0.659375
1 0.73125 0.4578125 0.740625 0.475 0.74375 0.503125 0.753125 0.5234375 0.7515625 0.528125 0.74375 0.5125 0.7375 0.5078125 0.7328125 0.5125 0.73125 0.525 0.7296875 0.5265625 0.728125 0.5234375 0.728125 0.515625 0.7328125 0.4984375 0.7296875 0.4875 0.73125 0.4859375 0.7296875 0.4703125 0.73125 0.459375
1 0.6625 0.428125 0.665625 0.428125 0.671875 0.440625 0.68125 0.475 0.678125 0.4796875 0.671875 0.4828125 0.6625 0.453125 0.6625 0.4375 0.6609375 0.4359375 0.6625 0.4296875
2 0.615625 0.7 0.6203125 0.7 0.621875 0.7078125 0.628125 0.7140625 0.6328125 0.7265625 0.63125 0.7484375 0.6265625 0.771875 0.634375 0.790625 0.6328125 0.8015625 0.6296875 0.7875 0.6234375 0.78125 0.621875 0.7828125 0.621875 0.8015625 0.6203125 0.803125 0.61875 0.7984375 0.615625 0.775 0.6171875 0.7734375 0.615625 0.7015625
1 0.5703125 0.5265625 0.5734375 0.5265625 0.5765625 0.5328125 0.58125 0.5609375 0.58125 0.58125 0.5828125 0.5890625 0.5890625 0.5984375 0.5890625 0.6046875 0.5875 0.6046875 0.5734375 0.5890625 0.5703125 0.5953125 0.5703125 0.6203125 0.5671875 0.621875 0.5640625 0.6203125 0.5640625 0.615625 0.5671875 0.6109375 0.5671875 0.5828125 0.5703125 0.5671875 0.5703125 0.528125
1 0.5390625 0.64609375 0.01640625 0.10546875
1 0.5484375 0.5 0.553125 0.5015625 0.5578125 0.5125 0.5609375 0.528125 0.5609375 0.5546875 0.5625 0.55625 0.5625 0.578125 0.5609375 0.5796875 0.5578125 0.578125 0.5578125 0.56875 0.55 0.55625 0.5484375 0.5015625
1 0.6921875 0.48046875 0.01484375 0.071875
1 0.371875 0.5390625 0.375 0.5390625 0.38125 0.5609375 0.38125 0.584375 0.3765625 0.6 0.3796875 0.6109375 0.3765625 0.6171875 0.3703125 0.6125 0.365625 0.6171875 0.3625 0.6171875 0.365625 0.5859375 0.3703125 0.5734375 0.3703125 0.5421875 0.371875 0.540625
1 0.184375 0.590625 0.1859375 0.5921875 0.1859375 0.665625 0.1828125 0.66875 0.18125 0.65 0.1765625 0.646875 0.1703125 0.6515625 0.1609375 0.6703125 0.1578125 0.671875 0.1578125 0.665625 0.1703125 0.6453125 0.1734375 0.609375 0.178125 0.6 0.178125 0.5953125 0.1828125 0.590625
1 0.615625 0.5875 0.615625 0.5921875 0.6078125 0.5921875 0.6 0.6 0.596875 0.6 0.5984375 0.5796875 0.59375 0.54375 0.59375 0.5265625 0.5953125 0.525 0.5984375 0.5265625 0.6046875 0.5421875 0.60625 0.578125 0.6140625 0.5875
1 0.846875 0.496875 0.85 0.496875 0.8515625 0.5 0.8625 0.53125 0.8625 0.5390625 0.85625 0.534375 0.8546875 0.5359375 0.853125 0.5484375 0.853125 0.5609375 0.8578125 0.5671875 0.8578125 0.571875 0.853125 0.575 0.8515625 0.5828125 0.85 0.584375 0.846875 0.5828125 0.8484375 0.5671875 0.84375 0.5546875 0.84375 0.534375 0.8390625 0.5328125 0.846875 0.4984375
1 0.1328125 0.6015625 0.134375 0.6015625 0.1375 0.6140625 0.146875 0.6265625 0.14375 0.628125 0.1375 0.625 0.13125 0.6328125 0.128125 0.665625 0.1234375 0.6890625 0.1203125 0.6875 0.121875 0.6640625 0.11875 0.6609375 0.109375 0.665625 0.1109375 0.653125 0.1203125 0.63125 0.1171875 0.6171875 0.1328125 0.603125
1 0.4109375 0.484375 0.415625 0.4875 0.421875 0.5 0.425 0.5125 0.425 0.5234375 0.421875 0.5296875 0.4234375 0.559375 0.4203125 0.55625 0.415625 0.5359375 0.4125 0.5375 0.4125 0.54375 0.4078125 0.55625 0.40625 0.553125 0.409375 0.5265625 0.4078125 0.5125 0.4109375 0.4859375
1 0.75 0.6375 0.753125 0.6375 0.75625 0.6421875 0.75625 0.653125 0.7625 0.678125 0.7625 0.703125 0.76875 0.73125 0.76875 0.734375 0.765625 0.7375 0.7640625 0.7359375 0.7625 0.7171875 0.7578125 0.709375 0.753125 0.7125 0.7484375 0.740625 0.746875 0.7421875 0.740625 0.740625 0.740625 0.7375 0.7453125 0.7328125 0.7515625 0.6875 0.746875 0.678125 0.7515625 0.6671875 0.75 0.6390625
1 0.715625 0.4984375 0.7203125 0.5015625 0.725 0.5125 0.725 0.521875 0.728125 0.528125 0.7234375 0.5359375 0.7234375 0.5625 0.728125 0.5859375 0.725 0.5875 0.7203125 0.5734375 0.71875 0.5859375 0.7125 0.5859375 0.7140625 0.5578125 0.7109375 0.5296875 0.715625 0.5
1 0.6609375 0.4578125 0.6671875 0.4671875 0.671875 0.4828125 0.671875 0.49375 0.6671875 0.503125 0.6671875 0.5125 0.6734375 0.525 0.6734375 0.5296875 0.671875 0.534375 0.6671875 0.5359375 0.6625 0.5359375 0.6625 0.521875 0.6578125 0.5046875 0.6578125 0.4890625 0.65625 0.484375 0.6515625 0.48125 0.653125 0.46875 0.65625 0.459375 0.659375 0.4578125