1 0.575 0.728125 0.571875 0.7234375 0.5703125 0.703125 0.5671875 0.696875 0.5671875 0.6703125 0.5625 0.6421875 0.5640625 0.640625 0.5671875 0.6421875 0.5734375 0.65625 0.575 0.7 0.578125 0.7125 0.5765625 0.7265625
1 0.8546875 0.4171875 0.8609375 0.4359375 0.859375 0.4578125 0.865625 0.475 0.865625 0.484375 0.8625 0.4828125 0.8625 0.4765625 0.85625 0.4609375 0.853125 0.4609375 0.8484375 0.465625 0.8453125 0.48125 0.8421875 0.478125 0.8484375 0.4578125 0.846875 0.434375 0.853125 0.41875
1 0.35625 0.30625 0.3609375 0.31875 0.3609375 0.328125 0.3578125 0.3359375 0.3578125 0.3484375 0.3609375 0.359375 0.353125 0.3515625 0.3484375 0.35625 0.3484375 0.346875 0.3515625 0.3390625 0.35 0.3375 0.35 0.31875 0.3546875 0.3078125
1 0.6125 0.384375 0.61875 0.396875 0.61875 0.40625 0.6140625 0.4171875 0.615625 0.4359375 0.609375 0.4234375 0.6015625 0.43125 0.6015625 0.425 0.60625 0.4171875 0.6046875 0.4 0.6125 0.3859375
1 0.26875 0.434375 0.271875 0.4359375 0.2734375 0.440625 0.28125 0.49375 0.28125 0.4984375 0.278125 0.4984375 0.2765625 0.484375 0.2734375 0.4796875 0.2703125 0.48125 0.265625 0.4953125 0.2640625 0.4921875 0.2671875 0.4765625 0.265625 0.4453125 0.26875 0.4359375
1 0.2625 0.51875 0.2578125 0.5015625 0.253125 0.5046875 0.25 0.525 0.246875 0.5234375 0.25 0.50625 0.2484375 0.4703125 0.2546875 0.4546875 0.2578125 0.4578125 0.2609375 0.471875 0.2640625 0.49375 0.2640625 0.51875
1 0.29375 0.3625 0.2984375 0.375 0.296875 0.390625 0.2984375 0.4171875 0.296875 0.41875 0.2921875 0.409375 0.2859375 0.415625 0.2859375 0.4078125 0.2890625 0.403125 0.2875 0.3796875 0.29375 0.3640625
1 0.415625 0.33125 0.4171875 0.33125 0.4203125 0.3484375 0.41875 0.38125 0.4171875 0.3828125 0.4140625 0.3734375 0.409375 0.3765625 0.4078125 0.38125 0.415625 0.3328125
1 0.4625 0.6125 0.465625 0.6125 0.4671875 0.61875 0.4734375 0.6265625 0.471875 0.6484375 0.4671875 0.6609375 0.46875 0.678125 0.4671875 0.68125 0.4640625 0.68125 0.4625 0.659375 0.4578125 0.653125 0.459375 0.6453125 0.459375 0.625 0.4578125 0.6234375 0.4625 0.6140625
1 0.340625 0.83359375 0.0140625 0.103125
1 0.84375 0.6015625 0.8484375 0.6046875 0.8484375 0.6109375 0.853125 0.6171875 0.85625 0.6375 0.8546875 0.6515625 0.85625 0.69375 0.85 0.69375 0.8515625 0.6859375 0.85 0.684375 0.85 0.6671875 0.8453125 0.6453125 0.8453125 0.6234375 0.8421875 0.615625 0.84375 0.603125
1 0.246875 0.3625 0.2515625 0.3765625 0.25 0.390625 0.25 0.4203125 0.2515625 0.421875 0.24375 0.421875 0.2453125 0.4046875 0.2421875 0.3734375 0.2453125 0.3640625
1 0.15390625 0.6 0.009375 0.08046875
1 0.4109375 0.228125 0.4140625 0.234375 0.4140625 0.2703125 0.4109375 0.271875 0.40625 0.26875 0.409375 0.2296875
1 0.40625 0.4671875 0.4078125 0.459375 0.4140625 0.45 0.4171875 0.4515625 0.41875 0.4578125 0.41875 0.4859375 0.4203125 0.4875 0.41875 0.5109375 0.4140625 0.5015625 0.4125 0.50625 0.409375 0.5078125 0.4078125 0.46875
1 0.675 0.534375 0.6859375 0.55 0.6890625 0.5625 0.6890625 0.571875 0.6859375 0.575 0.6859375 0.6125 0.68125 0.6078125 0.675 0.5703125 0.6703125 0.5609375 0.6734375 0.5484375 0.6734375 0.5359375
1 0.4953125 0.596875 0.4984375 0.5984375 0.50625 0.6125 0.50625 0.640625 0.5140625 0.6609375 0.5140625 0.6640625 0.5109375 0.6640625 0.50625 0.6578125 0.496875 0.634375 0.496875 0.628125 0.4921875 0.6234375 0.4953125 0.5984375
1 0.43125 0.7046875 0.4234375 0.684375 0.4234375 0.675 0.4171875 0.6578125 0.4171875 0.6515625 0.4234375 0.634375 0.4328125 0.65 0.43125 0.6859375 0.4359375 0.6953125 0.4359375 0.7015625 0.4328125 0.7046875
1 0.65 0.2875 0.653125 0.303125 0.65 0.3375 0.646875 0.3390625 0.6453125 0.3265625 0.6453125 0.296875 0.6484375 0.2890625
1 0.4515625 0.6125 0.45625 0.6140625 0.459375 0.63125 0.4578125 0.6484375 0.45 0.659375 0.45 0.68125 0.4484375 0.68125 0.4453125 0.63125 0.4515625 0.6140625
2 0.36875 0.471875 0.3734375 0.5078125 0.371875 0.5375 0.3703125 0.5390625 0.365625 0.534375 0.3671875 0.515625 0.3640625 0.5046875 0.3640625 0.48125 0.3671875 0.4734375