0 0.58125 0.6263888890625 0.58046875 0.6375 0.5859375 0.6375 0.58671875 0.6291666671875 0.58125 0.6263888890625
1 0.6125 0.525 0.6234375 0.5421875 0.6265625 0.5734375 0.6359375 0.5796875 0.6359375 0.5859375 0.634375 0.5875 0.63125 0.5828125 0.6234375 0.58125 0.6203125 0.584375 0.621875 0.596875 0.6171875 0.5984375 0.6171875 0.5859375 0.6140625 0.575 0.6140625 0.553125 0.609375 0.540625 0.6109375 0.5265625
1 0.6046875 0.659375 0.609375 0.6625 0.6171875 0.6765625 0.61875 0.684375 0.625 0.6953125 0.628125 0.715625 0.6390625 0.7328125 0.6375 0.7390625 0.6265625 0.7265625 0.6234375 0.7265625 0.6203125 0.7328125 0.615625 0.7328125 0.6109375 0.7234375 0.6109375 0.6875 0.60625 0.678125 0.6046875 0.6609375
1 0.45625 0.3875 0.4609375 0.4 0.4640625 0.4484375 0.4609375 0.4484375 0.459375 0.4359375 0.45625 0.4328125 0.45 0.4390625 0.4421875 0.4421875 0.4421875 0.434375 0.45 0.4296875 0.4484375 0.403125 0.4546875 0.3890625
1 0.603125 0.5546875 0.6109375 0.5671875 0.6140625 0.5859375 0.6125 0.596875 0.60625 0.6109375 0.609375 0.6390625 0.60625 0.640625 0.6046875 0.6375 0.60625 0.63125 0.5984375 0.6078125 0.5953125 0.6078125 0.590625 0.615625 0.5859375 0.6296875 0.5859375 0.6375 0.584375 0.6390625 0.58125 0.6375 0.58125 0.625 0.5984375 0.590625 0.6015625 0.55625
1 0.6515625 0.65 0.65625 0.6578125 0.6578125 0.6671875 0.65625 0.7296875 0.6546875 0.73125 0.6453125 0.721875 0.6453125 0.69375 0.6421875 0.6734375 0.6421875 0.65625 0.646875 0.6484375 0.65 0.65
1 0.484375 0.378125 0.490625 0.3875 0.4921875 0.4203125 0.490625 0.421875 0.4875 0.4203125 0.48125 0.4265625 0.4796875 0.434375 0.478125 0.4328125 0.48125 0.421875 0.4796875 0.3890625 0.4828125 0.3796875
1 0.11875 0.5578125 0.1234375 0.559375 0.125 0.6484375 0.1265625 0.6515625 0.1234375 0.653125 0.1203125 0.65 0.1203125 0.63125 0.1171875 0.6234375 0.1140625 0.625 0.1109375 0.634375 0.109375 0.6359375 0.1078125 0.634375 0.1125 0.6171875 0.1109375 0.5796875 0.11875 0.559375
1 0.515625 0.4703125 0.521875 0.484375 0.521875 0.5015625 0.51875 0.5109375 0.5171875 0.540625 0.515625 0.5421875 0.5125 0.5359375 0.5109375 0.515625 0.5078125 0.5078125 0.5078125 0.4859375 0.5140625 0.471875
1 0.5296875 0.4125 0.5328125 0.4171875 0.5359375 0.4703125 0.5328125 0.4625 0.53125 0.446875 0.528125 0.4421875 0.5234375 0.4453125 0.51875 0.465625 0.5171875 0.4625 0.5203125 0.44375 0.51875 0.4125 0.521875 0.4046875 0.525 0.40625 0.528125 0.4125
1 0.6453125 0.6 0.65 0.6 0.65625 0.6109375 0.65625 0.6328125 0.6578125 0.634375 0.65625 0.6578125 0.65 0.6484375 0.6453125 0.6484375 0.6421875 0.653125 0.640625 0.6703125 0.6359375 0.66875 0.6390625 0.659375 0.6390625 0.64375 0.64375 0.634375 0.6453125 0.6234375 0.6453125 0.6015625
1 0.0859375 0.4921875 0.0890625 0.4921875 0.090625 0.4953125 0.0890625 0.5359375 0.0984375 0.578125 0.09375 0.578125 0.0921875 0.575 0.0921875 0.5625 0.0875 0.5484375 0.084375 0.5484375 0.078125 0.5546875 0.0671875 0.5578125 0.0671875 0.5515625 0.0765625 0.5484375 0.0796875 0.5125 0.0859375 0.49375
1 0.40625 0.5109375 0.4046875 0.5015625 0.3984375 0.4921875 0.3953125 0.471875 0.3953125 0.459375 0.4 0.4484375 0.403125 0.45 0.4078125 0.4625 0.4078125 0.5109375
1 0.496875 0.4109375 0.5 0.4109375 0.5046875 0.415625 0.50625 0.421875 0.50625 0.446875 0.5046875 0.4484375 0.50625 0.478125 0.5046875 0.478125 0.496875 0.45625 0.4921875 0.428125 0.4921875 0.421875 0.496875 0.4125
1 0.04375 0.353125 0.046875 0.3609375 0.0484375 0.38125 0.0515625 0.390625 0.0515625 0.4171875 0.05 0.41875 0.046875 0.4171875 0.04375 0.4234375 0.040625 0.421875 0.0390625 0.3625 0.0421875 0.3546875
1 0.46875 0.490625 0.4703125 0.490625 0.4765625 0.509375 0.478125 0.5234375 0.4734375 0.521875 0.4703125 0.525 0.4625 0.5484375 0.459375 0.55 0.45625 0.5578125 0.453125 0.55625 0.453125 0.55 0.459375 0.5390625 0.4609375 0.5078125 0.46875 0.4921875
1 0.7 0.3984375 0.7109375 0.4171875 0.7078125 0.4296875 0.7078125 0.4671875 0.70625 0.46875 0.7046875 0.4671875 0.703125 0.4546875 0.6984375 0.4625 0.6953125 0.4625 0.696875 0.4578125 0.6953125 0.4125 0.6984375 0.4
2 0.2875 0.5546875 0.2859375 0.553125 0.2875 0.5484375 0.2859375 0.4875 0.2921875 0.4765625 0.29375 0.475 0.296875 0.4765625 0.296875 0.4828125 0.3 0.4890625 0.3 0.5546875 0.296875 0.553125 0.29375 0.5390625 0.290625 0.5421875 0.2890625 0.553125