0 0.7203125 0.584375 0.725 0.5890625 0.7234375 0.596875 0.721875 0.5984375 0.7171875 0.596875 0.715625 0.590625 0.71875 0.5859375
1 0.7 0.5859375 0.6984375 0.5765625 0.703125 0.5671875 0.703125 0.5265625 0.709375 0.5125 0.7171875 0.5125 0.7171875 0.5421875 0.7234375 0.55625 0.7234375 0.5859375 0.71875 0.584375 0.7140625 0.56875 0.7078125 0.5734375 0.7046875 0.5796875 0.7046875 0.5859375 0.7015625 0.5859375
1 0.396875 0.35 0.4015625 0.35 0.4015625 0.3578125 0.40625 0.3671875 0.4078125 0.3796875 0.4078125 0.396875 0.4046875 0.4015625 0.4 0.4359375 0.4015625 0.44375 0.4 0.446875 0.3890625 0.4484375 0.3921875 0.4203125 0.390625 0.36875 0.396875 0.35625 0.396875 0.3515625
1 0.5484375 0.65 0.55625 0.64375 0.55625 0.6359375 0.5609375 0.63125 0.5625 0.646875 0.56875 0.6609375 0.56875 0.671875 0.5609375 0.678125 0.5578125 0.6875 0.55625 0.7078125 0.540625 0.7296875 0.5359375 0.7421875 0.5328125 0.7390625 0.5328125 0.73125 0.546875 0.709375 0.546875 0.671875 0.54375 0.66875 0.5390625 0.675 0.5359375 0.671875 0.5390625 0.6640625 0.5484375 0.6515625
1 0.4421875 0.453125 0.4453125 0.453125 0.446875 0.45625 0.4453125 0.4734375 0.45 0.48125 0.45 0.484375 0.4453125 0.4890625 0.446875 0.5203125 0.44375 0.5296875 0.4375 0.5375 0.4375 0.546875 0.43125 0.546875 0.4296875 0.54375 0.4296875 0.5375 0.4359375 0.51875 0.434375 0.5171875 0.434375 0.478125 0.4390625 0.46875 0.4390625 0.4609375 0.4421875 0.4546875
1 0.1953125 0.5125 0.19375 0.4765625 0.190625 0.46875 0.184375 0.4671875 0.184375 0.4625 0.1890625 0.434375 0.1953125 0.4234375 0.196875 0.415625 0.2 0.4171875 0.2046875 0.4296875 0.209375 0.45 0.209375 0.459375 0.2046875 0.4625 0.2015625 0.5078125 0.196875 0.5125
1 0.359375 0.4 0.3625 0.3984375 0.3640625 0.3890625 0.365625 0.3875 0.36875 0.3890625 0.3765625 0.41875 0.3765625 0.4421875 0.3734375 0.4484375 0.371875 0.4609375 0.371875 0.4859375 0.3625 0.4875 0.3609375 0.45 0.3546875 0.4328125 0.3546875 0.415625 0.359375 0.4015625
1 0.0984375 0.33125 0.1015625 0.3328125 0.103125 0.353125 0.10625 0.3546875 0.1078125 0.35 0.1125 0.35 0.1140625 0.3609375 0.1171875 0.3640625 0.1203125 0.3859375 0.1171875 0.3921875 0.1203125 0.43125 0.125 0.4375 0.125 0.4421875 0.121875 0.4421875 0.1171875 0.4359375 0.1171875 0.4203125 0.1125 0.4109375 0.1109375 0.4125 0.1109375 0.44375 0.1078125 0.4453125 0.1046875 0.375 0.103125 0.3640625 0.0984375 0.3546875 0.0984375 0.3328125
1 0.2671875 0.5875 0.271875 0.5875 0.2734375 0.590625 0.271875 0.6078125 0.278125 0.6296875 0.2765625 0.6328125 0.278125 0.6453125 0.2671875 0.6640625 0.2671875 0.6734375 0.2609375 0.6734375 0.259375 0.66875 0.2625 0.659375 0.2625 0.6375 0.2609375 0.6359375 0.2625 0.60625 0.2671875 0.5890625
1 0.3234375 0.5125 0.328125 0.5125 0.3296875 0.51875 0.33125 0.6078125 0.334375 0.6140625 0.33125 0.615625 0.3265625 0.6125 0.3265625 0.5890625 0.3234375 0.5859375 0.315625 0.5875 0.3078125 0.5921875 0.3046875 0.5875 0.30625 0.5828125 0.3171875 0.5796875 0.3203125 0.575 0.3203125 0.5609375 0.315625 0.54375 0.3234375 0.5140625
1 0.0875 0.3421875 0.0890625 0.3515625 0.09375 0.359375 0.0953125 0.3859375 0.0984375 0.39375 0.0984375 0.4296875 0.0953125 0.43125 0.090625 0.4234375 0.090625 0.4109375 0.0796875 0.3734375 0.0796875 0.359375 0.0828125 0.3515625 0.0828125 0.34375 0.0859375 0.3421875
1 0.67578125 0.59609375 0.0359375 0.0390625
1 0.3453125 0.446875 0.3484375 0.446875 0.35625 0.4625 0.3546875 0.503125 0.353125 0.5046875 0.353125 0.5265625 0.35625 0.5390625 0.3515625 0.5359375 0.3484375 0.528125 0.3484375 0.5140625 0.3421875 0.4984375 0.3390625 0.4796875 0.3390625 0.4671875 0.34375 0.4578125 0.3453125 0.4484375
1 0.3859375 0.5875 0.3890625 0.590625 0.3875 0.59375 0.3828125 0.5921875 0.378125 0.59375 0.378125 0.6109375 0.3859375 0.6390625 0.3953125 0.6484375 0.390625 0.653125 0.384375 0.646875 0.378125 0.628125 0.3734375 0.625 0.3671875 0.6375 0.36875 0.65 0.3625 0.6515625 0.3625 0.6390625 0.365625 0.628125 0.365625 0.5828125 0.371875 0.565625 0.3734375 0.5515625 0.3765625 0.55 0.3796875 0.553125 0.3796875 0.5640625 0.3765625 0.5765625 0.378125 0.58125 0.384375 0.5875