0 0.9109375 0.6296875 0.915625 0.6328125 0.9171875 0.64375 0.9125 0.64375 0.909375 0.640625 0.909375 0.63125
1 0.278125 0.4078125 0.284375 0.4015625 0.2890625 0.4015625 0.2921875 0.40625 0.2875 0.41875 0.2890625 0.4296875 0.284375 0.4296875 0.28125 0.434375 0.2765625 0.4359375 0.26875 0.4484375 0.26875 0.44375 0.275 0.43125 0.275 0.4140625 0.278125 0.409375
1 0.2765625 0.3671875 0.2796875 0.3671875 0.2859375 0.3765625 0.284375 0.403125 0.28125 0.4109375 0.284375 0.415625 0.2828125 0.43125 0.26875 0.446875 0.2734375 0.434375 0.271875 0.43125 0.275 0.4171875 0.2734375 0.375 0.2765625 0.36875
1 0.353125 0.371875 0.3578125 0.3765625 0.3609375 0.390625 0.3609375 0.403125 0.35625 0.4171875 0.3578125 0.425 0.353125 0.4375 0.35 0.4390625 0.35 0.428125 0.346875 0.421875 0.346875 0.3921875 0.3515625 0.3734375
1 0.378125 0.38125 0.38125 0.3828125 0.3875 0.4 0.3859375 0.421875 0.3890625 0.425 0.3890625 0.440625 0.390625 0.4421875 0.3875 0.44375 0.384375 0.43125 0.3796875 0.434375 0.378125 0.390625 0.3765625 0.3890625 0.378125 0.3828125
1 0.23125 0.4375 0.228125 0.434375 0.2265625 0.4234375 0.2265625 0.3953125 0.2296875 0.390625 0.2296875 0.3859375 0.23125 0.384375 0.234375 0.3859375 0.2359375 0.4015625 0.2359375 0.4265625 0.234375 0.428125 0.2359375 0.4328125 0.2328125 0.4359375
1 0.2984375 0.390625 0.3015625 0.390625 0.303125 0.39375 0.303125 0.415625 0.309375 0.4390625 0.30625 0.4421875 0.303125 0.440625 0.29375 0.4453125 0.290625 0.44375 0.290625 0.43125 0.2875 0.428125 0.2875 0.4171875 0.290625 0.40625 0.2875 0.4 0.2953125 0.3984375 0.2984375 0.3921875
1 0.2875 0.365625 0.2953125 0.36875 0.2953125 0.375 0.2984375 0.378125 0.3 0.3859375 0.2953125 0.4 0.290625 0.4 0.2859375 0.396875 0.284375 0.3734375 0.2875 0.3671875
1 0.1671875 0.434375 0.1703125 0.4375 0.1703125 0.4484375 0.1671875 0.4546875 0.16875 0.48125 0.1640625 0.48125 0.159375 0.4890625 0.1546875 0.4890625 0.1515625 0.48125 0.15625 0.4703125 0.159375 0.4421875 0.165625 0.4359375
1 0.3671875 0.425 0.3734375 0.4140625 0.378125 0.4234375 0.378125 0.465625 0.3734375 0.459375 0.3703125 0.4671875 0.3671875 0.46875 0.36875 0.4265625
1 0.2875 0.3984375 0.2984375 0.4 0.3 0.40625 0.296875 0.425 0.3 0.4421875 0.296875 0.440625 0.2921875 0.4453125 0.290625 0.434375 0.2875 0.4296875 0.2875 0.4140625 0.2890625 0.4125 0.2875 0.4
2 0.0671875 0.4625 0.0703125 0.4953125 0.0734375 0.5015625 0.071875 0.5328125 0.0640625 0.5328125 0.0640625 0.5 0.0609375 0.4984375 0.0609375 0.4796875 0.065625 0.4640625
1 0.3328125 0.38125 0.3359375 0.3828125 0.3390625 0.39375 0.340625 0.40625 0.3390625 0.425 0.3421875 0.440625 0.340625 0.44375 0.3421875 0.4484375 0.3390625 0.45 0.334375 0.434375 0.33125 0.4375 0.328125 0.45 0.325 0.45 0.328125 0.4296875 0.3265625 0.428125 0.3265625 0.3953125 0.3328125 0.3828125
1 0.15625 0.4296875 0.159375 0.4296875 0.1609375 0.4359375 0.15625 0.4578125 0.15625 0.4703125 0.1515625 0.4796875 0.1484375 0.478125 0.1546875 0.4546875 0.1515625 0.44375 0.1546875 0.440625 0.153125 0.4375 0.15625 0.43125
1 0.2984375 0.3859375 0.303125 0.3890625 0.3046875 0.39375 0.3046875 0.41875 0.309375 0.43125 0.309375 0.4421875 0.3046875 0.4421875 0.303125 0.4390625 0.3 0.4421875 0.3015625 0.43125 0.3 0.4265625 0.296875 0.425 0.2953125 0.415625 0.2953125 0.4 0.2984375 0.3875
1 0.375 0.3796875 0.3765625 0.3796875 0.375 0.4234375 0.3734375 0.421875 0.3703125 0.4234375 0.36875 0.4390625 0.3671875 0.4421875 0.3640625 0.4421875 0.3671875 0.428125 0.365625 0.40625 0.36875 0.3921875 0.375 0.38125
1 0.91875 0.5875 0.9234375 0.5890625 0.9234375 0.59375 0.93125 0.603125 0.9296875 0.63125 0.934375 0.6515625 0.9328125 0.6640625 0.93125 0.6640625 0.9171875 0.6421875 0.9171875 0.61875 0.9140625 0.6140625 0.9140625 0.6 0.91875 0.5890625