0 0.571875 0.5609375 0.571875 0.5703125 0.5703125 0.571875 0.5671875 0.5703125 0.5671875 0.565625 0.5703125 0.5625
1 0.5329976851851852 0.7436979166666667 0.02609374999999998 0.08468749999999999
1 0.3625 0.85625 0.3640625 0.8625 0.3609375 0.86875 0.3671875 0.8890625 0.35625 0.934375 0.3578125 0.9375 0.35625 0.953125 0.3625 0.959375 0.3625 0.9625 0.359375 0.9671875 0.3546875 0.9671875 0.3546875 0.9578125 0.35 0.9546875 0.3421875 0.9703125 0.3375 0.96875 0.34375 0.9578125 0.346875 0.9421875 0.3515625 0.934375 0.3484375 0.91875 0.35 0.9015625 0.346875 0.896875 0.346875 0.8890625 0.3546875 0.8703125 0.3546875 0.8640625 0.3578125 0.8578125 0.3609375 0.85625
1 0.4234375 0.58125 0.428125 0.5796875 0.428125 0.6 0.4265625 0.6015625 0.428125 0.6484375 0.425 0.6578125 0.421875 0.65625 0.4234375 0.6390625 0.41875 0.6375 0.4125 0.6515625 0.40625 0.6546875 0.4140625 0.634375 0.4140625 0.6265625 0.4171875 0.621875 0.415625 0.6 0.4234375 0.5828125
2 0.2703125 0.6546875 0.271875 0.659375 0.26875 0.6765625 0.265625 0.6796875 0.2671875 0.6875 0.2625 0.6921875 0.2609375 0.7078125 0.24375 0.7328125 0.2421875 0.734375 0.240625 0.7296875 0.25 0.7140625 0.246875 0.7109375 0.24375 0.7125 0.2421875 0.70625 0.25 0.7015625 0.2515625 0.6828125 0.25625 0.675 0.25625 0.6671875 0.259375 0.6625 0.26875 0.65625
1 0.346875 0.565625 0.3515625 0.5671875 0.3484375 0.575 0.3515625 0.58125 0.353125 0.5953125 0.35 0.6 0.35 0.625 0.34375 0.6421875 0.340625 0.64375 0.3390625 0.6421875 0.3390625 0.63125 0.3421875 0.6234375 0.3390625 0.5859375 0.346875 0.5671875
1 0.196875 0.4921875 0.2 0.46875 0.203125 0.4640625 0.203125 0.459375 0.20625 0.4578125 0.2078125 0.459375 0.2078125 0.4640625 0.2046875 0.46875 0.20625 0.4734375 0.20625 0.490625 0.2046875 0.4921875 0.20625 0.528125 0.203125 0.5265625 0.2015625 0.5171875 0.1984375 0.5140625 0.1875 0.5140625 0.1890625 0.50625 0.1921875 0.50625 0.196875 0.5015625 0.1984375 0.49375
1 0.0640625 0.9640625 0.065625 0.9984375 0.046875 0.9984375 0.046875 0.9921875 0.05625 0.978125 0.0578125 0.965625 0.0625 0.9640625
1 0.609375 0.5171875 0.6125 0.51875 0.615625 0.5265625 0.6171875 0.5375 0.615625 0.5578125 0.6203125 0.5765625 0.61875 0.5828125 0.615625 0.5828125 0.615625 0.571875 0.6078125 0.5578125 0.6015625 0.5578125 0.596875 0.5625 0.59375 0.5734375 0.5890625 0.5765625 0.59375 0.5578125 0.5921875 0.55 0.6 0.540625 0.603125 0.5265625 0.609375 0.51875
1 0.4015625 0.615625 0.4046875 0.6171875 0.403125 0.6296875 0.40625 0.6453125 0.4015625 0.6578125 0.4 0.675 0.3953125 0.68125 0.390625 0.703125 0.3859375 0.7046875 0.3875 0.68125 0.390625 0.678125 0.390625 0.653125 0.3921875 0.6515625 0.3890625 0.6375 0.39375 0.628125 0.3984375 0.625 0.4015625 0.6171875
1 0.004225983796296298 0.8576331018518519 0.008451967592592596 0.11451388888888889
1 0.5015625 0.5078125 0.503125 0.5140625 0.4984375 0.53125 0.5 0.5453125 0.4984375 0.55625 0.5015625 0.565625 0.5 0.5765625 0.5046875 0.5859375 0.503125 0.590625 0.5 0.5890625 0.4984375 0.5796875 0.4953125 0.575 0.4890625 0.578125 0.484375 0.5875 0.48125 0.5828125 0.4828125 0.5765625 0.4921875 0.5671875 0.4921875 0.559375 0.4890625 0.553125 0.490625 0.5234375 0.496875 0.5171875 0.496875 0.509375 0.5 0.5078125
1 0.54375 0.5515625 0.5421875 0.5609375 0.5515625 0.5703125 0.5484375 0.5734375 0.5390625 0.5703125 0.534375 0.5765625 0.540625 0.6125 0.5375 0.615625 0.53125 0.6125 0.5296875 0.6140625 0.53125 0.625 0.5296875 0.628125 0.525 0.625 0.525 0.603125 0.5234375 0.6015625 0.525 0.5953125 0.521875 0.590625 0.521875 0.575 0.5234375 0.5734375 0.521875 0.5703125 0.5296875 0.5578125 0.5421875 0.5515625
1 0.6109375 0.6078125 0.6140625 0.6078125 0.621875 0.6296875 0.615625 0.6390625 0.615625 0.653125 0.6109375 0.6625 0.609375 0.68125 0.596875 0.6828125 0.603125 0.6671875 0.6046875 0.6546875 0.6 0.64375 0.603125 0.6390625 0.603125 0.63125 0.60625 0.628125 0.6109375 0.609375
1 0.5359375 0.5734375 0.5375 0.575 0.5359375 0.5796875 0.5390625 0.584375 0.5390625 0.6015625 0.5375 0.603125 0.540625 0.6078125 0.5390625 0.6140625 0.5359375 0.6125 0.534375 0.60625 0.5359375 0.6 0.5359375 0.5859375 0.5328125 0.58125 0.534375 0.575
1 0.3671875 0.525 0.3703125 0.525 0.371875 0.5390625 0.36875 0.5859375 0.3671875 0.5921875 0.365625 0.59375 0.3640625 0.5921875 0.3625 0.5765625 0.359375 0.5796875 0.3546875 0.596875 0.353125 0.596875 0.353125 0.5828125 0.3546875 0.575 0.3578125 0.571875 0.359375 0.546875 0.3625 0.54375 0.3625 0.5375 0.3671875 0.5265625