0 0.7125 0.48125 0.715625 0.4875 0.7125 0.490625 0.709375 0.4875 0.7109375 0.4828125
1 0.71875 0.484375 0.721875 0.484375 0.7234375 0.4875 0.728125 0.5078125 0.728125 0.5140625 0.725 0.5171875 0.725 0.5265625 0.7203125 0.540625 0.7203125 0.5484375 0.7234375 0.55625 0.721875 0.565625 0.7171875 0.565625 0.71875 0.559375 0.715625 0.55625 0.7109375 0.559375 0.7109375 0.5625 0.7046875 0.5609375 0.7078125 0.55625 0.7078125 0.5515625 0.7125 0.546875 0.7140625 0.5390625 0.715625 0.521875 0.7125 0.51875 0.7125 0.5140625 0.715625 0.5109375 0.71875 0.4859375
1 0.803125 0.4828125 0.7984375 0.478125 0.7921875 0.4921875 0.790625 0.503125 0.7953125 0.5109375 0.7953125 0.515625 0.7921875 0.515625 0.7890625 0.5109375 0.784375 0.5125 0.778125 0.521875 0.775 0.5171875 0.784375 0.4984375 0.7828125 0.4796875 0.7859375 0.4609375 0.7890625 0.45625 0.7890625 0.4484375 0.790625 0.446875 0.79375 0.4484375 0.803125 0.4671875 0.803125 0.48125
1 0.76875 0.546875 0.7734375 0.5515625 0.771875 0.559375 0.7765625 0.56875 0.778125 0.5796875 0.771875 0.590625 0.7703125 0.60625 0.7640625 0.621875 0.7640625 0.6484375 0.7625 0.6515625 0.7546875 0.65 0.759375 0.628125 0.7578125 0.60625 0.7609375 0.59375 0.7609375 0.5859375 0.75625 0.5765625 0.765625 0.5609375 0.765625 0.553125 0.76875 0.5484375
1 0.9875 0.46875 0.9921875 0.478125 0.9921875 0.496875 0.9875 0.515625 0.9875 0.528125 0.9953125 0.5375 0.9953125 0.5484375 0.9921875 0.55 0.9890625 0.5390625 0.9828125 0.5328125 0.978125 0.5359375 0.975 0.546875 0.96875 0.5484375 0.9734375 0.540625 0.9734375 0.534375 0.9765625 0.528125 0.98125 0.496875 0.9859375 0.484375 0.9859375 0.4703125
1 0.7125 0.4234375 0.71875 0.4390625 0.71875 0.453125 0.709375 0.471875 0.70625 0.471875 0.7 0.478125 0.6984375 0.4828125 0.6953125 0.48125 0.70625 0.4515625 0.703125 0.440625 0.7109375 0.425
2 0.6671875 0.4203125 0.671875 0.43125 0.671875 0.4578125 0.66875 0.4703125 0.66875 0.4828125 0.671875 0.4953125 0.66875 0.4953125 0.6671875 0.490625 0.6640625 0.4953125 0.6609375 0.4953125 0.6640625 0.4796875 0.6609375 0.4578125 0.6609375 0.4328125 0.6671875 0.421875
1 0.6105751671874999 0.44078414375 0.6156430046875 0.44236111093749997 0.6219547328125 0.434259259375 0.6280709875 0.45254629687500003 0.6344135796875 0.440277778125 0.6383095421875 0.44181134375 0.641640303125 0.41414930625 0.6501826125 0.42141203593750004 0.6447755921875 0.41287615781250003 0.6433365484375 0.3961516203125 0.6402218359375 0.39464699062499997 0.63154578125 0.40543981406249996 0.627464634375 0.42890625 0.60630915625 0.43645833281249996 0.6062782921875 0.440625 0.61021540625 0.436603009375 0.6105751671874999 0.44078414375
1 0.542626671875 0.48828125 0.547324459375 0.48706597343749997 0.5510558125 0.510821759375 0.5573058125 0.511053240625 0.554355709375 0.48732638906250003 0.5497402265625 0.47743055468750006 0.553893390625 0.4442418984375 0.549997428125 0.4427083328125 0.5436651234375 0.4535879625 0.537260803125 0.47418981562500007 0.5363663843750001 0.48943865625000005 0.529232253125 0.5030671296875 0.5299620625 0.510040509375 0.542626671875 0.48828125
1 0.5180279062500001 0.43318865781250004 0.5175861625 0.3873263890625 0.5096090531249999 0.409259259375 0.5079128093749999 0.42725694374999995 0.5015907921875 0.4367476859375 0.502341178125 0.44094328593750004 0.5109555046875001 0.43848379531250004 0.5124459875 0.44826388906250003 0.5180279062500001 0.43318865781250004
1 0.4219650203125 0.4254629625 0.42158500468750004 0.3712673625 0.4185114453125 0.364207175 0.41291923906249994 0.380671296875 0.41351530312499996 0.40570023125 0.40794367343750004 0.419386575 0.409475309375 0.4236111109375 0.4165374234375 0.4197048609375 0.4219650203125 0.4254629625
1 0.3676067390625 0.37899305625 0.3604726078125 0.392621528125 0.3640084875 0.44276620468749994 0.367143775 0.44149305625 0.37527520625 0.3987268515625 0.3707317390625 0.379108796875 0.3676067390625 0.37899305625
1 0.38718814375 0.5839409718749999 0.390282278125 0.5882233796875 0.39022055 0.5965567125 0.3956995890625 0.5953703703125 0.39048804062500003 0.5604456015625 0.3929758234375 0.5410879625 0.3976941875 0.5370949078125 0.3970158171875 0.5231770828125 0.392390046875 0.5146701390625 0.39168081250000003 0.50491898125 0.3870036015625 0.50335648125 0.379016203125 0.526678240625 0.38431005625000003 0.5504918984375 0.37931391406250003 0.5919849546875 0.38718814375 0.5839409718749999
1 0.3737217078125 0.6084490734375 0.37308449062500004 0.5889756937499999 0.37894418750000003 0.5364004625 0.37282793281250004 0.5181134265625 0.36892168281250004 0.51796875 0.363257459375 0.5441550937499999 0.3620852625 0.596903934375 0.36432613125 0.6108796296875 0.3682015171875 0.6151909718749999 0.3737217078125 0.6084490734375
1 0.277464634375 0.41594328750000004 0.272756559375 0.41854745312499997 0.2671643515625 0.43501157343749997 0.2659201390625 0.4974826390625 0.2706179265625 0.4962673609375 0.27068994375 0.4865451390625 0.2762409984375 0.47563657499999995 0.277464634375 0.41594328750000004
1 0.2228594390625 0.4028067125 0.21656828749999998 0.40813078750000004 0.214738296875 0.444184028125 0.2099479171875 0.45789930625 0.21610532343750002 0.47063078750000004 0.22002186250000003 0.46938657343749995 0.223311471875 0.4472800921875 0.2228594390625 0.4028067125
1 0.18812435624999999 0.4501446765625 0.1842386828125 0.447222221875 0.1827379109375 0.4388310171875 0.18676761875 0.42230902812500004 0.182912809375 0.41521990625000005 0.1726228140625 0.43289930625000006 0.16771926406249998 0.4618923625 0.1613972484375 0.47138310156249996 0.1651903296875 0.48680555625000005 0.177114840625 0.45946180625000005 0.18812435624999999 0.4501446765625
1 0.15295781875 0.45023148125 0.159248971875 0.44490740781250004 0.1538316609375 0.437760415625 0.1539859828125 0.41692708281249996 0.1485172328125 0.41672453750000005 0.1428838734375 0.43874421249999995 0.142626671875 0.47346643593750004 0.139388503125 0.48862847187499997 0.144014275 0.49713541718750004 0.14874292656250002 0.49175347187499996 0.15295781875 0.45023148125
1 0.0793762859375 0.46695601875000003 0.0802809921875 0.4503182859375 0.0874254109375 0.43530092500000006 0.0852359828125 0.4143807875 0.0782047328125 0.4141203703125 0.072550796875 0.43891782343749997 0.070761959375 0.469415509375 0.0651286015625 0.4914351859375 0.06743119843749999 0.49707754531250004 0.0713477359375 0.495833334375 0.0793762859375 0.46695601875000003
1 0.029345421875 0.46927083437499995 0.0238560953125 0.47184606406249996 0.015796682812499997 0.504890046875 0.01309285 0.5534143515625 0.020072659375 0.5606192125 0.0247807359375 0.5580150453125 0.0264666921875 0.54140625 0.029345421875 0.46927083437499995