0 0.4109375 0.5640625 0.4140625 0.565625 0.415625 0.5703125 0.4140625 0.5734375 0.4109375 0.5734375 0.409375 0.571875 0.4109375 0.565625
1 0.371875 0.6203125 0.375 0.6203125 0.3765625 0.63125 0.38125 0.6375 0.3859375 0.6546875 0.38125 0.6703125 0.3859375 0.6875 0.38125 0.690625 0.3796875 0.6984375 0.378125 0.6984375 0.3765625 0.684375 0.371875 0.675 0.3703125 0.6578125 0.3671875 0.65 0.3671875 0.6375 0.371875 0.621875
1 0.61875 0.8921875 0.6234375 0.890625 0.628125 0.9078125 0.634375 0.9203125 0.634375 0.9296875 0.6296875 0.9375 0.63125 0.9421875 0.6296875 0.975 0.6359375 0.9859375 0.6375 0.99375 0.6421875 0.9984375 0.6359375 0.9984375 0.6328125 0.9921875 0.628125 0.9890625 0.625 0.9921875 0.6265625 0.9984375 0.6203125 0.9984375 0.6203125 0.99375 0.6234375 0.990625 0.621875 0.984375 0.6234375 0.9703125 0.6203125 0.9578125 0.6203125 0.946875 0.615625 0.934375 0.615625 0.915625 0.6203125 0.9078125 0.61875 0.89375
1 0.5765625 0.6828125 0.5703125 0.6703125 0.5671875 0.6671875 0.5625 0.6671875 0.5609375 0.66875 0.5609375 0.6875 0.5578125 0.6859375 0.5578125 0.65625 0.559375 0.6546875 0.5578125 0.6078125 0.559375 0.60625 0.5625 0.6078125 0.5640625 0.615625 0.56875 0.6203125 0.5703125 0.65625 0.5734375 0.66875 0.578125 0.675 0.5796875 0.68125 0.578125 0.6828125
2 0.7109375 0.69375 0.7234375 0.6984375 0.728125 0.7046875 0.7296875 0.7296875 0.7328125 0.7375 0.734375 0.753125 0.7375 0.7546875 0.7453125 0.7703125 0.7453125 0.7765625 0.74375 0.7765625 0.7390625 0.7671875 0.7328125 0.7609375 0.73125 0.7546875 0.71875 0.7484375 0.7125 0.6953125
1 0.640625 0.5953125 0.6421875 0.6046875 0.6484375 0.6125 0.65 0.621875 0.646875 0.6359375 0.6484375 0.678125 0.6453125 0.6765625 0.6390625 0.6625 0.6359375 0.6484375 0.6359375 0.6234375 0.6390625 0.6140625 0.6375 0.6015625 0.6390625 0.596875
1 0.7828125 0.5046875 0.7859375 0.5046875 0.7890625 0.5125 0.7921875 0.53125 0.7921875 0.5484375 0.7984375 0.5546875 0.7984375 0.559375 0.796875 0.5609375 0.7921875 0.559375 0.7875 0.565625 0.7875 0.571875 0.784375 0.571875 0.7828125 0.50625
1 0.36875 0.590625 0.375 0.5734375 0.3734375 0.546875 0.378125 0.534375 0.38125 0.5328125 0.3921875 0.55625 0.3984375 0.5640625 0.396875 0.5828125 0.4015625 0.5921875 0.396875 0.5890625 0.3875 0.575 0.3796875 0.58125 0.3734375 0.5953125 0.3703125 0.596875 0.3703125 0.5921875
1 0.5828125 0.6453125 0.5859375 0.64375 0.5890625 0.646875 0.5890625 0.6515625 0.596875 0.665625 0.5921875 0.6859375 0.59375 0.6875 0.59375 0.709375 0.6015625 0.7296875 0.5984375 0.7328125 0.5953125 0.7296875 0.5953125 0.725 0.5890625 0.7109375 0.5890625 0.7046875 0.5796875 0.675 0.584375 0.646875
1 0.9890625 0.8609375 0.9921875 0.8609375 0.99375 0.8640625 0.9953125 0.878125 0.9984375 0.88125 0.9984375 0.9515625 0.9953125 0.953125 0.99375 0.959375 0.9953125 0.9734375 0.99375 0.975 0.9875 0.9734375 0.9859375 0.9703125 0.9890625 0.965625 0.9890625 0.940625 0.9875 0.9265625 0.984375 0.921875 0.984375 0.90625 0.9875 0.9015625 0.9875 0.884375 0.9890625 0.8828125 0.9875 0.8640625 0.9890625 0.8625
1 0.44375 0.56875 0.4484375 0.56875 0.45 0.571875 0.4484375 0.5828125 0.45 0.5921875 0.453125 0.5953125 0.4515625 0.60625 0.453125 0.6359375 0.4484375 0.6359375 0.4484375 0.6234375 0.44375 0.6171875 0.4390625 0.621875 0.4328125 0.6171875 0.4328125 0.6125 0.440625 0.6140625 0.4453125 0.609375 0.446875 0.603125 0.446875 0.6 0.440625 0.596875 0.4390625 0.59375 0.4453125 0.5859375 0.4421875 0.575 0.44375 0.5703125
1 0.4890625 0.53125 0.496875 0.55625 0.496875 0.571875 0.4921875 0.5890625 0.5015625 0.6015625 0.5015625 0.609375 0.5 0.6109375 0.49375 0.5984375 0.4890625 0.596875 0.484375 0.603125 0.4828125 0.6125 0.478125 0.609375 0.478125 0.60625 0.4828125 0.6015625 0.4828125 0.590625 0.4859375 0.5859375 0.4875 0.575 0.4875 0.55625 0.484375 0.5421875 0.484375 0.5328125 0.4875 0.53125
1 0.61875 0.5546875 0.625 0.56875 0.628125 0.6046875 0.6359375 0.621875 0.634375 0.6265625 0.6265625 0.6109375 0.621875 0.609375 0.6171875 0.628125 0.6140625 0.6046875 0.615625 0.6 0.6140625 0.55625 0.6171875 0.5546875
1 0.4515625 0.721875 0.4546875 0.721875 0.45625 0.725 0.45625 0.7328125 0.4609375 0.7390625 0.4640625 0.7515625 0.4625 0.7671875 0.45625 0.7875 0.4546875 0.80625 0.45 0.8046875 0.4484375 0.8015625 0.446875 0.796875 0.4484375 0.765625 0.44375 0.759375 0.44375 0.75 0.446875 0.7390625 0.4515625 0.734375 0.4515625 0.7234375