0 0.546875 0.571875 0.55 0.578125 0.546875 0.58125 0.5453125 0.5734375
1 0.578125 0.3421875 0.584375 0.3265625 0.584375 0.3078125 0.5890625 0.3 0.5921875 0.3015625 0.5921875 0.3359375 0.5890625 0.340625 0.5859375 0.3390625 0.5796875 0.3421875
1 0.2 0.2234375 0.203125 0.234375 0.2 0.2578125 0.1921875 0.25625 0.1953125 0.225 0.1984375 0.2234375
1 0.484375 0.4625 0.490625 0.4625 0.4921875 0.4734375 0.4890625 0.5 0.4859375 0.503125 0.4875 0.515625 0.4859375 0.5171875 0.484375 0.515625 0.4828125 0.50625 0.478125 0.5 0.4734375 0.5015625 0.4671875 0.5078125 0.471875 0.4875 0.484375 0.4640625
1 0.059375 0.4296875 0.0609375 0.43125 0.0609375 0.4484375 0.059375 0.45 0.0609375 0.4734375 0.0515625 0.4921875 0.046875 0.490625 0.046875 0.4796875 0.05 0.471875 0.05 0.4484375 0.0578125 0.43125
1 0.1734375 0.290625 0.178125 0.290625 0.1765625 0.29375 0.1796875 0.303125 0.178125 0.3265625 0.1765625 0.33125 0.171875 0.3328125 0.1703125 0.3234375 0.1734375 0.2921875
1 0.0828125 0.4296875 0.08125 0.421875 0.084375 0.4140625 0.084375 0.3875 0.090625 0.371875 0.09375 0.3765625 0.090625 0.396875 0.090625 0.415625 0.0859375 0.4296875 0.084375 0.4296875
1 0.1078125 0.6234375 0.1109375 0.625 0.1109375 0.6453125 0.1125 0.646875 0.10625 0.6828125 0.1078125 0.696875 0.103125 0.6984375 0.096875 0.6953125 0.096875 0.6859375 0.1 0.6796875 0.0984375 0.659375 0.1015625 0.6546875 0.1015625 0.6390625 0.10625 0.63125 0.10625 0.625
1 0.4375 0.6296875 0.4359375 0.6234375 0.446875 0.61875 0.4484375 0.6078125 0.4515625 0.6046875 0.45625 0.5875 0.4609375 0.584375 0.465625 0.6046875 0.4625 0.6265625 0.4671875 0.640625 0.465625 0.6421875 0.4625 0.640625 0.4609375 0.6328125 0.45625 0.6265625 0.4390625 0.628125
1 0.2734375 0.5015625 0.271875 0.49375 0.26875 0.490625 0.2609375 0.50625 0.2578125 0.5015625 0.2671875 0.484375 0.2703125 0.453125 0.2765625 0.446875 0.278125 0.446875 0.278125 0.4828125 0.2796875 0.484375 0.275 0.5015625
1 0 0.4875 0.003125 0.4875 0.0046875 0.4921875 0.003125 0.503125 0.0046875 0.5515625 0 0.553125 0 0.4890625
1 0.3796875 0.3421875 0.384375 0.3328125 0.3859375 0.3125 0.3890625 0.30625 0.390625 0.30625 0.3921875 0.315625 0.3921875 0.3390625 0.390625 0.3421875 0.3859375 0.340625 0.38125 0.3421875
1 0.4890625 0.4390625 0.4921875 0.44375 0.490625 0.4703125 0.4875 0.46875 0.48125 0.475 0.475 0.4921875 0.4765625 0.4984375 0.46875 0.50625 0.4671875 0.50625 0.4671875 0.5015625 0.4703125 0.4984375 0.4703125 0.4875 0.4734375 0.484375 0.48125 0.4609375 0.48125 0.4515625 0.4859375 0.446875 0.4875 0.440625
1 0.7078125 0.509375 0.7109375 0.5109375 0.7140625 0.509375 0.721875 0.4984375 0.721875 0.4765625 0.728125 0.4703125 0.7296875 0.465625 0.7328125 0.4671875 0.7328125 0.4875 0.728125 0.503125 0.73125 0.5234375 0.728125 0.5234375 0.7265625 0.5140625 0.7234375 0.5109375 0.715625 0.5125 0.709375 0.5171875 0.70625 0.515625 0.7078125 0.5109375
1 0.221875 0.440625 0.221875 0.43125 0.225 0.4234375 0.225 0.4 0.23125 0.3890625 0.234375 0.39375 0.2328125 0.396875 0.234375 0.425 0.2359375 0.434375 0.2390625 0.4390625 0.234375 0.440625 0.23125 0.434375 0.228125 0.4328125 0.2234375 0.440625
1 0.0734375 0.3875 0.0765625 0.3875 0.075 0.409375 0.078125 0.425 0.078125 0.4421875 0.075 0.4421875 0.075 0.434375 0.071875 0.428125 0.0625 0.4328125 0.0609375 0.43125 0.065625 0.4203125 0.06875 0.396875 0.0734375 0.3890625
1 0.4828125 0.4484375 0.4859375 0.446875 0.4890625 0.4390625 0.4921875 0.44375 0.490625 0.4625 0.4875 0.4609375 0.4859375 0.4625 0.48125 0.4734375 0.4796875 0.4734375 0.4796875 0.4625 0.4828125 0.45
1 0.2734375 0.5265625 0.2765625 0.5296875 0.2765625 0.553125 0.2734375 0.559375 0.271875 0.575 0.2734375 0.5875 0.2671875 0.5859375 0.26875 0.575 0.259375 0.5671875 0.265625 0.5609375 0.26875 0.5390625 0.2734375 0.528125
1 0.703125 0.34375 0.70625 0.34375 0.7046875 0.3734375 0.709375 0.39375 0.70625 0.3921875 0.7015625 0.38125 0.6953125 0.3796875 0.6890625 0.384375 0.6875 0.3828125 0.6890625 0.3765625 0.696875 0.371875 0.696875 0.35625 0.703125 0.3453125
2 0.3375 0.428125 0.340625 0.4359375 0.3390625 0.4640625 0.34375 0.478125 0.34375 0.4859375 0.340625 0.484375 0.3390625 0.475 0.334375 0.4671875 0.3296875 0.4703125 0.3234375 0.4703125 0.3203125 0.4671875 0.328125 0.4609375 0.3296875 0.4453125 0.3359375 0.4296875