0 0.271875 0.8140625 0.275 0.80625 0.278125 0.8046875 0.28125 0.809375 0.28125 0.8203125 0.2796875 0.8234375 0.275 0.8234375 0.2734375 0.815625
1 0.3421875 0.4375 0.346875 0.4375 0.3484375 0.446875 0.353125 0.4515625 0.3546875 0.459375 0.3515625 0.4875 0.353125 0.5234375 0.35 0.525 0.346875 0.5234375 0.3484375 0.509375 0.34375 0.4890625 0.34375 0.4796875 0.3375 0.475 0.3421875 0.4390625
1 0.559375 0.325 0.5625 0.3265625 0.5671875 0.3375 0.56875 0.3484375 0.565625 0.390625 0.5640625 0.3921875 0.559375 0.390625 0.559375 0.36875 0.5546875 0.359375 0.5546875 0.3484375 0.559375 0.3265625
1 0.18125 0.5328125 0.1859375 0.5328125 0.1828125 0.578125 0.1875 0.590625 0.1875 0.603125 0.1828125 0.615625 0.1828125 0.6234375 0.178125 0.6265625 0.178125 0.6296875 0.175 0.6296875 0.1734375 0.6265625 0.175 0.6140625 0.178125 0.6078125 0.178125 0.5921875 0.175 0.5875 0.1734375 0.5765625 0.1734375 0.5578125 0.178125 0.5484375 0.18125 0.534375
1 0.5328125 0.6234375 0.5359375 0.6359375 0.540625 0.6390625 0.546875 0.6546875 0.546875 0.659375 0.5421875 0.66875 0.54375 0.6984375 0.546875 0.7046875 0.5609375 0.7171875 0.5609375 0.7328125 0.559375 0.7328125 0.5578125 0.725 0.5421875 0.7109375 0.540625 0.7046875 0.5359375 0.7 0.53125 0.7046875 0.53125 0.7140625 0.525 0.734375 0.5203125 0.7328125 0.5171875 0.7265625 0.525 0.7234375 0.53125 0.675 0.5265625 0.6703125 0.521875 0.671875 0.5203125 0.66875 0.525 0.6609375 0.525 0.6484375 0.5296875 0.6375 0.528125 0.625 0.53125 0.6234375
1 0.428125 0.525 0.4390625 0.546875 0.440625 0.5640625 0.4453125 0.58125 0.45 0.5875 0.4609375 0.5875 0.4640625 0.5984375 0.4578125 0.5953125 0.4484375 0.5953125 0.4390625 0.5859375 0.434375 0.5859375 0.43125 0.5921875 0.43125 0.6015625 0.4265625 0.621875 0.421875 0.6234375 0.41875 0.6203125 0.41875 0.6171875 0.425 0.6109375 0.425 0.6 0.43125 0.5671875 0.4296875 0.546875 0.425 0.53125 0.4265625 0.5265625
1 0.96875 0.425 0.9734375 0.425 0.975 0.434375 0.98125 0.4390625 0.984375 0.45 0.984375 0.4609375 0.978125 0.4625 0.978125 0.475 0.9828125 0.48125 0.9828125 0.4875 0.978125 0.4859375 0.975 0.4875 0.9734375 0.5015625 0.9703125 0.50625 0.96875 0.465625 0.9625 0.4484375 0.9640625 0.440625 0.96875 0.4328125 0.96875 0.4265625
1 0.121875 0.4796875 0.1234375 0.5171875 0.13125 0.5640625 0.1265625 0.5640625 0.125 0.5453125 0.121875 0.5421875 0.115625 0.5515625 0.1125 0.5640625 0.1125 0.575 0.1078125 0.5734375 0.1125 0.5484375 0.1125 0.5265625 0.109375 0.521875 0.109375 0.50625 0.115625 0.49375 0.1171875 0.48125 0.1203125 0.4796875
1 0.171875 0.3875 0.175 0.3875 0.1765625 0.3984375 0.1796875 0.403125 0.18125 0.41875 0.1796875 0.4328125 0.1765625 0.4390625 0.1765625 0.4671875 0.171875 0.46875 0.1703125 0.465625 0.1703125 0.44375 0.1640625 0.43125 0.1640625 0.421875 0.165625 0.40625 0.171875 0.3890625
1 0.3796875 0.5359375 0.3890625 0.55 0.39375 0.5640625 0.39375 0.575 0.3890625 0.5984375 0.3953125 0.61875 0.390625 0.621875 0.390625 0.6140625 0.3828125 0.603125 0.3796875 0.6078125 0.38125 0.615625 0.3796875 0.621875 0.3734375 0.6234375 0.3703125 0.61875 0.3765625 0.60625 0.378125 0.5890625 0.3828125 0.571875 0.38125 0.5546875 0.3765625 0.5453125 0.3765625 0.5375 0.378125 0.5375
1 0.490625 0.2875 0.49375 0.2875 0.4984375 0.3 0.4953125 0.3421875 0.490625 0.3453125 0.4890625 0.34375 0.4875 0.2953125 0.490625 0.2890625
1 0.540625 0.3828125 0.5421875 0.384375 0.5421875 0.4078125 0.540625 0.409375 0.5421875 0.446875 0.5390625 0.4453125 0.5390625 0.4375 0.5359375 0.4296875 0.528125 0.4359375 0.5234375 0.4359375 0.5234375 0.4296875 0.5328125 0.421875 0.5328125 0.4015625 0.5390625 0.384375
1 0.865625 0.4921875 0.8734375 0.5203125 0.871875 0.5421875 0.86875 0.55 0.86875 0.58125 0.8671875 0.5828125 0.8625 0.5734375 0.8625 0.565625 0.8578125 0.5578125 0.859375 0.525 0.8546875 0.521875 0.84375 0.53125 0.84375 0.525 0.8546875 0.5140625 0.8609375 0.49375 0.8640625 0.4921875
1 0.10625 0.3671875 0.1015625 0.3546875 0.1 0.365625 0.0984375 0.36875 0.096875 0.3671875 0.096875 0.315625 0.1 0.3078125 0.103125 0.30625 0.109375 0.3171875 0.109375 0.3390625 0.10625 0.35 0.1078125 0.365625
1 0.3546875 0.6359375 0.3578125 0.6390625 0.3578125 0.653125 0.3625 0.659375 0.365625 0.675 0.365625 0.6921875 0.3671875 0.69375 0.3640625 0.7015625 0.365625 0.7578125 0.359375 0.7625 0.3546875 0.7609375 0.346875 0.7140625 0.3453125 0.6578125 0.3515625 0.6515625 0.3515625 0.6375 0.353125 0.6375
2 0.7890625 0.39375 0.7921875 0.3953125 0.8 0.4140625 0.8 0.4328125 0.7984375 0.43125 0.7953125 0.4328125 0.79375 0.4734375 0.7890625 0.4734375 0.7859375 0.44375 0.78125 0.4328125 0.78125 0.4171875 0.7890625 0.3953125