0 0.434375 0.31953125 0.00546875 0.00859375
1 0.203125 0.665625 0.209375 0.6859375 0.2046875 0.740625 0.203125 0.7421875 0.2 0.740625 0.2 0.7359375 0.196875 0.7328125 0.1921875 0.740625 0.190625 0.7390625 0.190625 0.73125 0.1953125 0.715625 0.19375 0.6875 0.2015625 0.6671875
1 0.49375 0.375 0.5 0.390625 0.496875 0.396875 0.4953125 0.4171875 0.490625 0.4328125 0.4875 0.4328125 0.4875 0.425 0.490625 0.4171875 0.4921875 0.3765625
1 0.45 0.465625 0.453125 0.465625 0.4609375 0.496875 0.459375 0.5125 0.45625 0.515625 0.4453125 0.4921875 0.4453125 0.478125 0.45 0.4671875
1 0.3546875 0.421875 0.01796875 0.05
1 0.540625 0.453125 0.54375 0.4546875 0.546875 0.4734375 0.5453125 0.475 0.54375 0.5109375 0.540625 0.509375 0.5390625 0.4984375 0.5359375 0.4984375 0.5328125 0.5046875 0.53125 0.5015625 0.5359375 0.4859375 0.5359375 0.4640625 0.540625 0.4546875
1 0.2515625 0.53828125 0.015625 0.06796875
1 0.5984375 0.6828125 0.6015625 0.6828125 0.603125 0.6859375 0.603125 0.6921875 0.609375 0.70625 0.609375 0.7125 0.6046875 0.721875 0.6046875 0.7625 0.6015625 0.7640625 0.6 0.75 0.5984375 0.7484375 0.5953125 0.7515625 0.5953125 0.728125 0.590625 0.7140625 0.590625 0.7 0.5984375 0.684375
1 0.1578125 0.3890625 0.1609375 0.3890625 0.1625 0.396875 0.1609375 0.4375 0.1578125 0.4359375 0.1578125 0.43125 0.1546875 0.428125 0.1484375 0.4296875 0.1546875 0.4171875 0.1546875 0.4046875 0.1578125 0.390625
1 0.4953125 0.4421875 0.4984375 0.4453125 0.4984375 0.45 0.5046875 0.4640625 0.5046875 0.5015625 0.5015625 0.5 0.4921875 0.4703125 0.4921875 0.453125 0.4953125 0.44375
1 0.1171875 0.3375 0.1203125 0.3375 0.121875 0.346875 0.121875 0.3828125 0.1203125 0.3859375 0.1171875 0.3859375 0.1171875 0.38125 0.1125 0.375 0.115625 0.3671875 0.1140625 0.3515625 0.1171875 0.3390625
1 0.0703125 0.46875 0.0734375 0.46875 0.0765625 0.4984375 0.0796875 0.503125 0.0796875 0.5171875 0.0765625 0.53125 0.0734375 0.5296875 0.071875 0.525 0.0734375 0.5234375 0.0703125 0.5203125 0.065625 0.5359375 0.0625 0.534375 0.0671875 0.5140625 0.0671875 0.4828125 0.0703125 0.4703125
1 0.4765625 0.359375 0.4796875 0.3625 0.4796875 0.371875 0.4859375 0.3875 0.484375 0.390625 0.4796875 0.3859375 0.475 0.3953125 0.4734375 0.396875 0.471875 0.3953125 0.471875 0.3671875 0.475 0.3609375
1 0.7046875 0.3875 0.709375 0.3890625 0.715625 0.4015625 0.7140625 0.4359375 0.7125 0.4375 0.70625 0.4359375 0.7078125 0.4078125 0.703125 0.3984375 0.7046875 0.3890625
1 0.5015625 0.390625 0.50625 0.4015625 0.50625 0.425 0.503125 0.4359375 0.496875 0.4375 0.496875 0.4 0.5 0.3921875
2 0.2734375 0.4609375 0.2765625 0.446875 0.28125 0.4421875 0.284375 0.446875 0.2875 0.4671875 0.2859375 0.4671875 0.28125 0.4484375 0.278125 0.45 0.275 0.4609375
1 0.2796875 0.4421875 0.2828125 0.4421875 0.2859375 0.4515625 0.2859375 0.4828125 0.2890625 0.496875 0.2921875 0.5015625 0.2921875 0.5046875 0.2875 0.5046875 0.2828125 0.4890625 0.2796875 0.5015625 0.2734375 0.503125 0.26875 0.509375 0.26875 0.5 0.2765625 0.4859375 0.275 0.459375 0.2796875 0.44375