1 0.553125 0.4796875 0.55 0.4703125 0.55 0.4484375 0.5578125 0.434375 0.5609375 0.4359375 0.5625 0.45625 0.559375 0.4640625 0.559375 0.4734375 0.5546875 0.4796875
1 0.6015625 0.503125 0.6046875 0.5046875 0.6046875 0.5109375 0.609375 0.5125 0.6203125 0.5015625 0.609375 0.5234375 0.60625 0.54375 0.60625 0.5640625 0.5984375 0.6015625 0.596875 0.5859375 0.6 0.5765625 0.6 0.5640625 0.5953125 0.53125 0.6015625 0.5046875
1 0.09375 0.4890625 0.0984375 0.490625 0.0984375 0.5015625 0.103125 0.5125 0.103125 0.53125 0.10625 0.5390625 0.1078125 0.5578125 0.1125 0.5625 0.1125 0.56875 0.10625 0.5703125 0.10625 0.5640625 0.1015625 0.5515625 0.090625 0.5625 0.0875 0.559375 0.0953125 0.546875 0.09375 0.5265625 0.090625 0.5203125 0.09375 0.490625
1 0.3 0.35625 0.303125 0.35625 0.3046875 0.365625 0.30625 0.4125 0.303125 0.4171875 0.2984375 0.4171875 0.2953125 0.4203125 0.29375 0.4265625 0.290625 0.425 0.290625 0.41875 0.296875 0.40625 0.296875 0.365625 0.3 0.3578125
1 0.60625 0.4625 0.6078125 0.4640625 0.6078125 0.4875 0.6046875 0.5015625 0.6015625 0.5046875 0.6 0.5140625 0.5953125 0.5234375 0.5953125 0.5390625 0.5921875 0.5421875 0.5890625 0.540625 0.5890625 0.53125 0.59375 0.5203125 0.5921875 0.5 0.596875 0.4765625 0.6046875 0.4640625
1 0.296875 0.5203125 0.3 0.5265625 0.3015625 0.5390625 0.3 0.55 0.3046875 0.559375 0.3 0.5609375 0.2953125 0.56875 0.2859375 0.60625 0.2828125 0.609375 0.2828125 0.5828125 0.2859375 0.5625 0.284375 0.5421875 0.2875 0.5328125 0.2953125 0.521875
1 0.6984375 0.3859375 0.7015625 0.3859375 0.709375 0.396875 0.715625 0.421875 0.715625 0.4484375 0.7125 0.446875 0.7109375 0.428125 0.70625 0.4234375 0.6984375 0.4296875 0.6921875 0.4453125 0.690625 0.44375 0.6984375 0.3875
1 0.3703125 0.403125 0.371875 0.4046875 0.371875 0.434375 0.375 0.4578125 0.375 0.4890625 0.3703125 0.5 0.371875 0.5140625 0.365625 0.5109375 0.3671875 0.4828125 0.3640625 0.465625 0.365625 0.459375 0.3640625 0.4578125 0.3640625 0.434375 0.3703125 0.4046875
1 0.5640625 0.4625 0.565625 0.4703125 0.5625 0.48125 0.5640625 0.4921875 0.5625 0.521875 0.5546875 0.540625 0.553125 0.540625 0.5546875 0.53125 0.553125 0.5234375 0.546875 0.528125 0.5421875 0.528125 0.5390625 0.534375 0.5359375 0.534375 0.5359375 0.5296875 0.5390625 0.5234375 0.54375 0.5234375 0.5484375 0.51875 0.5515625 0.490625 0.55625 0.48125 0.559375 0.4640625 0.5625 0.4625
1 0.265625 0.33125 0.26875 0.3328125 0.26875 0.3625 0.271875 0.371875 0.26875 0.39375 0.2703125 0.4078125 0.26875 0.409375 0.265625 0.4078125 0.2625 0.403125 0.259375 0.346875 0.265625 0.3328125
1 0.371875 0.60625 0.3734375 0.65625 0.3625 0.659375 0.3578125 0.665625 0.3546875 0.665625 0.3515625 0.6578125 0.340625 0.659375 0.3328125 0.6640625 0.3296875 0.6640625 0.328125 0.659375 0.334375 0.6546875 0.3390625 0.6546875 0.3453125 0.6484375 0.3515625 0.63125 0.359375 0.6234375 0.3671875 0.6078125 0.3703125 0.60625
2 0.1984375 0.5078125 0.203125 0.509375 0.203125 0.51875 0.20625 0.5234375 0.20625 0.5375 0.2125 0.5453125 0.2125 0.5484375 0.209375 0.546875 0.2046875 0.55 0.2046875 0.5671875 0.2125 0.59375 0.2109375 0.5953125 0.2078125 0.59375 0.2046875 0.58125 0.2 0.5765625 0.196875 0.5796875 0.196875 0.60625 0.1921875 0.6046875 0.1921875 0.5859375 0.1953125 0.5734375 0.1921875 0.528125 0.1984375 0.509375
0 0.61875 0.534375 0.6203125 0.5234375 0.6234375 0.525 0.6234375 0.534375 0.6203125 0.534375