0 0.5015625 0.428125 0.503125 0.4328125 0.496875 0.4421875 0.4953125 0.4421875 0.4953125 0.434375 0.496875 0.4296875 0.5 0.428125
1 0.228125 0.5875 0.234375 0.5875 0.2359375 0.590625 0.2328125 0.6 0.2328125 0.615625 0.2359375 0.6234375 0.23125 0.628125 0.2296875 0.640625 0.2359375 0.6625 0.234375 0.6984375 0.2390625 0.70625 0.2390625 0.7109375 0.2296875 0.709375 0.23125 0.671875 0.228125 0.66875 0.221875 0.66875 0.2171875 0.675 0.2125 0.690625 0.209375 0.7140625 0.20625 0.7125 0.203125 0.703125 0.215625 0.6671875 0.21875 0.6203125 0.2234375 0.6046875 0.228125 0.5984375 0.228125 0.5890625
1 0.4875 0.3984375 0.484375 0.3953125 0.48125 0.3984375 0.4796875 0.40625 0.4796875 0.4171875 0.4828125 0.4203125 0.48125 0.425 0.4828125 0.4453125 0.4796875 0.4484375 0.475 0.446875 0.4734375 0.4375 0.465625 0.4390625 0.4703125 0.4296875 0.4671875 0.4234375 0.459375 0.4234375 0.45625 0.43125 0.453125 0.4296875 0.45625 0.421875 0.465625 0.415625 0.4625 0.3796875 0.471875 0.3703125 0.475 0.3625 0.478125 0.3640625 0.4796875 0.3828125 0.4875 0.396875
1 0.5953125 0.35625 0.5984375 0.35625 0.6046875 0.3671875 0.6078125 0.3875 0.6078125 0.425 0.6046875 0.4296875 0.6015625 0.428125 0.6 0.409375 0.5953125 0.3890625 0.5953125 0.3578125
1 0.39375 0.3359375 0.396875 0.3390625 0.3953125 0.35 0.396875 0.3625 0.39375 0.36875 0.39375 0.3953125 0.3984375 0.4109375 0.3921875 0.409375 0.3921875 0.4 0.3875 0.390625 0.3796875 0.39375 0.375 0.3984375 0.371875 0.3953125 0.3734375 0.390625 0.384375 0.384375 0.3859375 0.3546875 0.390625 0.3484375 0.39375 0.3375
1 0.6953125 0.36875 0.7046875 0.3875 0.7 0.4203125 0.7015625 0.4390625 0.6984375 0.434375 0.696875 0.421875 0.6921875 0.4203125 0.684375 0.4421875 0.684375 0.4328125 0.690625 0.4109375 0.6890625 0.396875 0.690625 0.3703125 0.69375 0.36875
2 0.2234375 0.428125 0.23125 0.4140625 0.23125 0.4015625 0.2359375 0.3890625 0.246875 0.378125 0.2484375 0.38125 0.24375 0.390625 0.24375 0.4078125 0.2453125 0.409375 0.2453125 0.425 0.25 0.4328125 0.25 0.4359375 0.246875 0.4375 0.2484375 0.4546875 0.2421875 0.453125 0.2421875 0.434375 0.2390625 0.43125 0.234375 0.43125 0.228125 0.440625 0.2234375 0.45625 0.221875 0.4453125 0.225 0.4375 0.225 0.4296875
1 0.1671875 0.3015625 0.1703125 0.30625 0.171875 0.35 0.1765625 0.3625 0.175 0.3640625 0.171875 0.3625 0.1703125 0.35 0.1671875 0.346875 0.1625 0.35 0.1578125 0.3578125 0.1578125 0.35 0.1640625 0.3390625 0.1640625 0.325 0.1609375 0.3140625 0.165625 0.303125
1 0.428125 0.596875 0.428125 0.5859375 0.440625 0.5734375 0.4390625 0.55 0.434375 0.546875 0.434375 0.5296875 0.4390625 0.51875 0.4453125 0.5125 0.4453125 0.5078125 0.4484375 0.503125 0.4515625 0.5046875 0.4515625 0.5171875 0.45625 0.53125 0.45625 0.5484375 0.45 0.5609375 0.45 0.58125 0.45625 0.6046875 0.4515625 0.603125 0.4515625 0.596875 0.4453125 0.584375 0.4359375 0.5875 0.4296875 0.596875
1 0.86015625 0.54609375 0.0203125 0.1109375
1 0.240625 0.3546875 0.24375 0.35625 0.24375 0.3734375 0.2453125 0.375 0.24375 0.384375 0.2359375 0.3875 0.234375 0.371875 0.2375 0.36875 0.2390625 0.35625
1 0.1375 0.4515625 0.1421875 0.453125 0.140625 0.4640625 0.14375 0.4703125 0.14375 0.4859375 0.1453125 0.4875 0.1421875 0.50625 0.1421875 0.528125 0.1390625 0.5453125 0.1359375 0.5453125 0.1359375 0.5328125 0.1328125 0.5296875 0.1234375 0.5328125 0.125 0.525 0.134375 0.5203125 0.1328125 0.490625 0.128125 0.4828125 0.128125 0.475 0.1359375 0.4640625 0.1375 0.453125
1 0.4046875 0.3125 0.4078125 0.325 0.4078125 0.3359375 0.4046875 0.3453125 0.4078125 0.3609375 0.4078125 0.384375 0.4046875 0.384375 0.403125 0.365625 0.396875 0.3609375 0.3953125 0.334375 0.403125 0.3140625
1 0.4765625 0.3625 0.48125 0.3859375 0.4875 0.390625 0.4875 0.4 0.4828125 0.4078125 0.4828125 0.4125 0.49375 0.434375 0.4984375 0.428125 0.5015625 0.428125 0.5015625 0.4375 0.496875 0.4421875 0.490625 0.4421875 0.4859375 0.4328125 0.4796875 0.4296875 0.478125 0.4328125 0.48125 0.4375 0.48125 0.4453125 0.478125 0.446875 0.4765625 0.4390625 0.4734375 0.4359375 0.4640625 0.4390625 0.4703125 0.4296875 0.46875 0.4234375 0.4609375 0.4234375 0.45625 0.428125 0.45625 0.43125 0.453125 0.43125 0.4546875 0.4234375 0.4671875 0.4109375 0.465625 0.4 0.4625 0.3953125 0.4625 0.378125 0.471875 0.3703125 0.475 0.3640625
1 0.4671875 0.4078125 0.4671875 0.421875 0.4609375 0.4234375 0.45625 0.428125 0.45625 0.43125 0.453125 0.43125 0.45625 0.4203125 0.465625 0.415625 0.4671875 0.409375
1 0.6203125 0.353125 0.625 0.3640625 0.6265625 0.378125 0.621875 0.3953125 0.621875 0.409375 0.61875 0.415625 0.61875 0.4234375 0.6125 0.4171875 0.609375 0.41875 0.609375 0.4234375 0.6078125 0.4234375 0.615625 0.4 0.6109375 0.3734375 0.61875 0.3546875