2 0.234375 0.5265625 0.24375 0.5421875 0.2390625 0.55625 0.2390625 0.5703125 0.2359375 0.584375 0.2375 0.59375 0.234375 0.5953125 0.23125 0.58125 0.23125 0.5390625 0.2296875 0.5375 0.234375 0.528125
2 0.9609375 0.6421875 0.9625 0.6328125 0.965625 0.628125 0.96875 0.6296875 0.96875 0.6375 0.971875 0.6421875 0.971875 0.65625 0.96875 0.6703125 0.9703125 0.7046875 0.9609375 0.7109375 0.9625 0.696875 0.959375 0.6859375 0.959375 0.659375 0.9625 0.64375
0 0.8921875 0.6578125 0.8953125 0.6578125 0.8984375 0.6625 0.8953125 0.6671875 0.8921875 0.6671875 0.8921875 0.659375
1 0.3390625 0.6109375 0.3421875 0.6125 0.3421875 0.634375 0.3453125 0.6390625 0.346875 0.65 0.346875 0.6796875 0.3484375 0.68125 0.346875 0.684375 0.3421875 0.6859375 0.3390625 0.684375 0.3375 0.6796875 0.3359375 0.6234375 0.3390625 0.6125
1 0.4578125 0.4265625 0.4609375 0.4296875 0.4640625 0.45 0.459375 0.4765625 0.4546875 0.4828125 0.453125 0.4390625 0.4578125 0.428125
1 0.4328125 0.4125 0.4375 0.4140625 0.4421875 0.421875 0.4421875 0.434375 0.4390625 0.44375 0.440625 0.46875 0.4375 0.46875 0.4359375 0.4640625 0.43125 0.4609375 0.4296875 0.425 0.4328125 0.4140625
1 0.4265625 0.44375 0.4265625 0.484375 0.4234375 0.50625 0.4203125 0.49375 0.41875 0.4578125 0.4203125 0.446875 0.425 0.44375
1 0.2921875 0.4421875 0.296875 0.4421875 0.3015625 0.4609375 0.3015625 0.471875 0.2984375 0.4765625 0.3 0.4796875 0.2984375 0.490625 0.296875 0.4921875 0.29375 0.490625 0.29375 0.4828125 0.290625 0.475 0.2921875 0.44375
1 0.5171875 0.603125 0.515625 0.575 0.5125 0.5703125 0.5125 0.5609375 0.5203125 0.540625 0.5234375 0.54375 0.525 0.584375 0.5234375 0.6 0.51875 0.603125
1 0.4703125 0.453125 0.471875 0.4625 0.475 0.4671875 0.4734375 0.4796875 0.475 0.50625 0.4703125 0.5015625 0.465625 0.50625 0.465625 0.4765625 0.4625 0.4625 0.465625 0.4546875 0.46875 0.453125
1 0.259375 0.4984375 0.259375 0.484375 0.25625 0.4796875 0.25625 0.4703125 0.2578125 0.46875 0.2578125 0.446875 0.2609375 0.4390625 0.265625 0.4484375 0.265625 0.48125 0.2671875 0.4828125 0.2671875 0.4984375 0.2609375 0.4984375
1 0.303125 0.471875 0.2953125 0.428125 0.3 0.4171875 0.3015625 0.4171875 0.30625 0.4359375 0.3046875 0.471875
1 0.278125 0.4265625 0.284375 0.4375 0.284375 0.45625 0.2875 0.4671875 0.2875 0.4734375 0.28125 0.4765625 0.2796875 0.4796875 0.28125 0.48125 0.278125 0.48125 0.275 0.453125 0.275 0.434375 0.2765625 0.4328125 0.275 0.4296875 0.2765625 0.428125
1 0.315625 0.4375 0.3203125 0.440625 0.3203125 0.4578125 0.3234375 0.478125 0.321875 0.5015625 0.3203125 0.5046875 0.3140625 0.5 0.315625 0.4796875 0.3125 0.46875 0.3125 0.4484375 0.315625 0.4390625
1 0.425 0.40625 0.4296875 0.409375 0.43125 0.4171875 0.428125 0.4421875 0.425 0.44375 0.4234375 0.4421875 0.421875 0.43125 0.4203125 0.4171875 0.4234375 0.4078125
1 0.33909722222222227 0.45170717592592596 0.010353009259259282 0.06001157407407405
1 0.3328125 0.484375 0.328125 0.478125 0.3296875 0.4703125 0.328125 0.4421875 0.33125 0.425 0.3328125 0.4234375 0.3359375 0.425 0.334375 0.43125 0.3359375 0.4796875 0.334375 0.4828125
1 0.965625 0.5796875 0.96875 0.58125 0.96875 0.5859375 0.9734375 0.5953125 0.9703125 0.6296875 0.9671875 0.63125 0.9625 0.628125 0.965625 0.58125
1 0.0953125 0.475 0.0984375 0.4765625 0.103125 0.5046875 0.1015625 0.5296875 0.096875 0.5390625 0.096875 0.509375 0.09375 0.4953125 0.09375 0.478125 0.0953125 0.4765625
1 0.4140625 0.4328125 0.41875 0.44375 0.41875 0.459375 0.4171875 0.4609375 0.41875 0.48125 0.4125 0.484375 0.4109375 0.49375 0.409375 0.49375 0.409375 0.4734375 0.4078125 0.471875 0.4078125 0.4421875 0.4125 0.434375
1 0.3328125 0.4859375 0.3296875 0.478125 0.3296875 0.4546875 0.328125 0.453125 0.33125 0.425 0.3328125 0.4234375 0.3359375 0.425 0.3359375 0.4421875 0.3375 0.44375 0.3359375 0.4515625 0.3375 0.4640625 0.334375 0.484375
1 0.36875 0.4140625 0.3765625 0.4234375 0.3765625 0.46875 0.375 0.46875 0.3734375 0.440625 0.371875 0.4359375 0.365625 0.4328125 0.365625 0.4203125 0.36875 0.415625
1 0.365625 0.4328125 0.36875 0.4328125 0.3734375 0.4375 0.375 0.446875 0.371875 0.4640625 0.3734375 0.4859375 0.3671875 0.4796875 0.3640625 0.4859375 0.3625 0.4375 0.365625 0.434375