0 0.5703125 0.3421875 0.571875 0.346875 0.56875 0.35 0.565625 0.346875 0.565625 0.3421875 0.56875 0.3421875
1 0.7618402777777777 0.7742245370370371 0.02813078703703704 0.1322106481481482
1 0.50625 0.428125 0.503125 0.425 0.503125 0.4125 0.4953125 0.396875 0.4953125 0.384375 0.4984375 0.378125 0.5015625 0.3765625 0.50625 0.384375 0.5078125 0.4265625
1 0.359375 0.453125 0.3625 0.453125 0.3625 0.459375 0.3671875 0.4703125 0.3671875 0.5015625 0.371875 0.5203125 0.371875 0.5265625 0.36875 0.5265625 0.3671875 0.515625 0.3640625 0.5125 0.359375 0.5125 0.35625 0.515625 0.35625 0.50625 0.3609375 0.5 0.3578125 0.4890625 0.3546875 0.4875 0.353125 0.475 0.359375 0.4546875
2 0.415625 0.4734375 0.41875 0.475 0.425 0.5 0.4296875 0.5046875 0.4296875 0.5078125 0.4265625 0.50625 0.425 0.5078125 0.4265625 0.55 0.4234375 0.5453125 0.4234375 0.534375 0.421875 0.5328125 0.4125 0.534375 0.4125 0.50625 0.409375 0.5 0.409375 0.490625 0.415625 0.475
1 0.584375 0.3671875 0.6 0.371875 0.5984375 0.4234375 0.59375 0.4234375 0.590625 0.4109375 0.5921875 0.38125 0.584375 0.371875 0.584375 0.36875
1 0.3734375 0.4109375 0.378125 0.4125 0.384375 0.425 0.384375 0.440625 0.390625 0.4609375 0.390625 0.4671875 0.3875 0.4671875 0.3859375 0.459375 0.378125 0.45 0.375 0.4421875 0.3734375 0.43125 0.3703125 0.4265625 0.3734375 0.4125
1 0.7625 0.4578125 0.765625 0.4578125 0.7671875 0.4671875 0.771875 0.475 0.7703125 0.5046875 0.7734375 0.528125 0.771875 0.534375 0.76875 0.534375 0.765625 0.5296875 0.7671875 0.509375 0.7625 0.503125 0.759375 0.4875 0.7546875 0.4828125 0.7578125 0.46875 0.7625 0.459375
1 0.665625 0.4296875 0.66875 0.4296875 0.66875 0.4359375 0.678125 0.453125 0.675 0.4671875 0.6796875 0.4953125 0.6796875 0.5046875 0.675 0.5015625 0.6671875 0.465625 0.6609375 0.453125 0.665625 0.43125
1 0.934375 0.6625 0.9390625 0.66875 0.9390625 0.68125 0.9421875 0.69375 0.940625 0.7171875 0.94375 0.7296875 0.94375 0.7671875 0.9421875 0.76875 0.94375 0.7875 0.9390625 0.7828125 0.9375 0.771875 0.9390625 0.7453125 0.9359375 0.7421875 0.93125 0.7484375 0.928125 0.7671875 0.9296875 0.7875 0.928125 0.7890625 0.9234375 0.7875 0.921875 0.771875 0.9265625 0.7421875 0.9265625 0.7203125 0.921875 0.69375 0.9234375 0.6875 0.93125 0.6765625 0.9328125 0.6640625
1 0.7063310185185185 0.37702546296296297 0.012991898148148185 0.04305555555555558
1 0.3 0.596875 0.303125 0.6078125 0.3046875 0.6390625 0.3078125 0.6484375 0.30625 0.659375 0.309375 0.665625 0.30625 0.684375 0.3015625 0.6953125 0.3078125 0.70625 0.2984375 0.7078125 0.29375 0.7 0.29375 0.6921875 0.2984375 0.684375 0.2984375 0.665625 0.29375 0.659375 0.29375 0.6140625 0.296875 0.609375 0.2953125 0.603125 0.2984375 0.5984375
1 0.890625 0.4484375 0.8921875 0.4359375 0.896875 0.425 0.9 0.4265625 0.9046875 0.4421875 0.903125 0.4875 0.9 0.4921875 0.9 0.496875 0.896875 0.496875 0.8953125 0.4609375 0.8921875 0.45
1 0.1828125 0.45 0.1890625 0.4515625 0.190625 0.478125 0.1953125 0.5 0.1984375 0.5046875 0.2015625 0.5265625 0.2 0.5296875 0.196875 0.5265625 0.1953125 0.5125 0.1921875 0.5046875 0.1890625 0.50625 0.1859375 0.5234375 0.1828125 0.525 0.184375 0.503125 0.18125 0.4921875 0.18125 0.4828125 0.178125 0.478125 0.178125 0.465625 0.184375 0.4515625
1 0.6099305555555555 0.6559375000000001 0.02516203703703699 0.11109953703703698