0 0.4296875 0.50625 0.4328125 0.50625 0.43125 0.515625 0.428125 0.5125 0.4296875 0.5078125
1 0.8515625 0.546875 0.8609375 0.575 0.859375 0.5953125 0.8625 0.6 0.8734375 0.6 0.875 0.60625 0.8546875 0.60625 0.85 0.6125 0.8484375 0.6296875 0.8453125 0.634375 0.840625 0.634375 0.846875 0.615625 0.85 0.5484375
1 0.6265625 0.446875 0.634375 0.4625 0.634375 0.4796875 0.6375 0.4921875 0.65 0.5125 0.65 0.5234375 0.646875 0.5234375 0.6453125 0.5125 0.6375 0.503125 0.6328125 0.5046875 0.634375 0.5125 0.6328125 0.51875 0.6296875 0.5203125 0.6265625 0.5046875 0.621875 0.4984375 0.6234375 0.490625 0.621875 0.4796875 0.6265625 0.4703125 0.625 0.4484375
1 0.3640625 0.5171875 0.3671875 0.5140625 0.3625 0.50625 0.3625 0.4875 0.3703125 0.4671875 0.3765625 0.4796875 0.375 0.5109375 0.3625 0.528125 0.359375 0.5296875 0.359375 0.525 0.3640625 0.51875
1 0.8109375 0.45 0.81875 0.46875 0.8171875 0.4828125 0.81875 0.4984375 0.83125 0.5078125 0.8328125 0.5125 0.83125 0.515625 0.821875 0.5109375 0.8140625 0.5015625 0.8109375 0.5015625 0.8078125 0.5046875 0.8046875 0.5265625 0.7984375 0.525 0.803125 0.51875 0.803125 0.5078125 0.8078125 0.490625 0.8078125 0.484375 0.803125 0.4796875 0.80625 0.475 0.809375 0.4515625
1 0.3515625 0.49375 0.3546875 0.49375 0.359375 0.5125 0.359375 0.5234375 0.3546875 0.5328125 0.3546875 0.5421875 0.3625 0.5546875 0.3625 0.5609375 0.3609375 0.5609375 0.3546875 0.5515625 0.3484375 0.546875 0.3453125 0.559375 0.346875 0.5640625 0.3453125 0.5671875 0.3421875 0.5671875 0.3421875 0.53125 0.346875 0.5046875 0.3515625 0.4953125
1 0.8515625 0.6234375 0.85625 0.625 0.85625 0.634375 0.859375 0.640625 0.8578125 0.6859375 0.865625 0.7015625 0.8625 0.7109375 0.8578125 0.6953125 0.846875 0.684375 0.846875 0.6609375 0.85 0.6515625 0.8515625 0.625
1 0.403125 0.4625 0.4078125 0.4625 0.4078125 0.4890625 0.3984375 0.50625 0.39375 0.5203125 0.3890625 0.51875 0.3953125 0.475 0.403125 0.4640625
1 0.9375 0.85 0.9421875 0.8515625 0.94375 0.86875 0.9484375 0.88125 0.946875 0.9234375 0.95 0.9265625 0.95625 0.925 0.959375 0.93125 0.959375 0.940625 0.953125 0.9359375 0.94375 0.940625 0.94375 0.965625 0.9390625 0.9671875 0.9375 0.9640625 0.9390625 0.95625 0.934375 0.9328125 0.9359375 0.921875 0.934375 0.884375 0.9375 0.8734375 0.9375 0.8515625
1 0.584375 0.3984375 0.5875 0.4 0.5890625 0.409375 0.5890625 0.425 0.5859375 0.44375 0.590625 0.4546875 0.5875 0.4578125 0.584375 0.45625 0.58125 0.4640625 0.578125 0.4609375 0.5765625 0.45 0.58125 0.4296875 0.58125 0.4125 0.584375 0.4
1 0.94375 0.3375 0.9484375 0.3375 0.9515625 0.346875 0.9515625 0.3828125 0.95625 0.39375 0.95625 0.3984375 0.953125 0.4015625 0.95 0.3875 0.9453125 0.384375 0.9421875 0.3890625 0.940625 0.3984375 0.9375 0.3984375 0.9421875 0.3703125 0.9421875 0.35625 0.9453125 0.3453125 0.94375 0.3390625
1 0.703125 0.3359375 0.709375 0.3484375 0.709375 0.3609375 0.70625 0.3671875 0.7109375 0.3765625 0.709375 0.378125 0.7046875 0.3734375 0.7 0.3734375 0.696875 0.3859375 0.6953125 0.3890625 0.6921875 0.3890625 0.6984375 0.3625 0.696875 0.35 0.7 0.3375 0.7015625 0.3375
2 0.9625 0.5765625 0.9625 0.56875 0.95625 0.5546875 0.9546875 0.5453125 0.95625 0.5125 0.959375 0.496875 0.9640625 0.5015625 0.9671875 0.515625 0.9671875 0.5421875 0.965625 0.54375 0.9671875 0.5578125 0.9640625 0.5765625