0 0.7796875 0.49375 0.7828125 0.49375 0.784375 0.496875 0.7828125 0.5015625 0.7796875 0.5015625 0.7796875 0.4953125
1 0.2546875 0.6734375 0.25625 0.684375 0.26875 0.696875 0.26875 0.7 0.2625 0.7015625 0.2640625 0.771875 0.2609375 0.76875 0.2609375 0.7546875 0.2578125 0.7484375 0.2546875 0.75 0.2515625 0.7671875 0.2484375 0.7671875 0.2515625 0.740625 0.246875 0.73125 0.246875 0.7140625 0.2484375 0.7125 0.246875 0.7109375 0.246875 0.6953125 0.2515625 0.6828125 0.2515625 0.675 0.253125 0.675
1 0.2765625 0.65390625 0.02265625 0.08359375
1 0.75 0.425 0.7546875 0.4265625 0.75625 0.434375 0.7546875 0.45625 0.7484375 0.4734375 0.746875 0.4859375 0.74375 0.4859375 0.7453125 0.4703125 0.74375 0.4375 0.75 0.4265625
1 0.6453125 0.7484375 0.6484375 0.7390625 0.65 0.659375 0.653125 0.65625 0.65625 0.659375 0.65625 0.6671875 0.6609375 0.675 0.6625 0.6828125 0.6625 0.7046875 0.6609375 0.70625 0.6625 0.7359375 0.6609375 0.74375 0.6578125 0.746875 0.6546875 0.7453125 0.6515625 0.7484375 0.646875 0.7484375
1 0.5640625 0.759375 0.5671875 0.7578125 0.56875 0.75 0.56875 0.725 0.5703125 0.7234375 0.5734375 0.725 0.5734375 0.7328125 0.5765625 0.7375 0.578125 0.75 0.5765625 0.753125 0.5765625 0.81875 0.5734375 0.8234375 0.571875 0.821875 0.5625 0.825 0.5640625 0.8203125 0.5625 0.796875 0.565625 0.7765625 0.5640625 0.7609375
1 0.4921875 0.578125 0.4921875 0.6484375 0.490625 0.65 0.4921875 0.6609375 0.4859375 0.6578125 0.4859375 0.628125 0.484375 0.6265625 0.484375 0.5984375 0.4875 0.5796875 0.490625 0.578125
1 0.3484375 0.5796875 0.3515625 0.58125 0.35 0.60625 0.346875 0.6125 0.3515625 0.625 0.3515625 0.6296875 0.3484375 0.63125 0.3484375 0.6546875 0.346875 0.65625 0.346875 0.6640625 0.35 0.671875 0.3453125 0.6734375 0.340625 0.66875 0.3421875 0.6640625 0.340625 0.6390625 0.3359375 0.6234375 0.3390625 0.6109375 0.3390625 0.6 0.346875 0.58125
1 0.2515625 0.6375 0.2546875 0.6375 0.25625 0.6421875 0.2546875 0.65 0.25625 0.6515625 0.25625 0.671875 0.25 0.678125 0.25 0.684375 0.2453125 0.6921875 0.2453125 0.7109375 0.240625 0.7171875 0.2375 0.73125 0.2359375 0.728125 0.2375 0.7109375 0.2421875 0.7015625 0.24375 0.65625 0.2515625 0.6390625
1 0.2203125 0.74375 0.2265625 0.753125 0.228125 0.7609375 0.228125 0.765625 0.2234375 0.775 0.2234375 0.8 0.2296875 0.8078125 0.2328125 0.8171875 0.23125 0.8234375 0.2234375 0.8109375 0.2203125 0.809375 0.215625 0.8109375 0.2171875 0.8234375 0.215625 0.8359375 0.2125 0.8328125 0.2125 0.8171875 0.209375 0.7984375 0.2109375 0.7828125 0.209375 0.7734375 0.20625 0.76875 0.20625 0.759375 0.209375 0.7453125 0.21875 0.74375
1 0.209375 0.6546875 0.2140625 0.6546875 0.2140625 0.6671875 0.2171875 0.6734375 0.215625 0.709375 0.2125 0.71875 0.2125 0.740625 0.2109375 0.746875 0.20625 0.7515625 0.203125 0.7453125 0.1984375 0.7484375 0.2 0.728125 0.203125 0.7234375 0.203125 0.671875 0.209375 0.65625
1 0.2875 0.61875 0.2921875 0.61875 0.29375 0.6890625 0.296875 0.70625 0.2953125 0.7078125 0.2921875 0.70625 0.2890625 0.6796875 0.284375 0.68125 0.2828125 0.703125 0.2796875 0.7046875 0.2796875 0.6875 0.28125 0.6859375 0.2796875 0.640625 0.2875 0.6203125
1 0.396875 0.55625 0.4 0.5578125 0.4 0.584375 0.4046875 0.596875 0.4 0.603125 0.3984375 0.615625 0.4 0.6390625 0.3953125 0.6390625 0.390625 0.634375 0.3921875 0.6234375 0.390625 0.571875 0.396875 0.5578125
1 0.31875 0.6015625 0.3203125 0.603125 0.321875 0.6421875 0.3171875 0.675 0.31875 0.6859375 0.315625 0.69375 0.3109375 0.690625 0.309375 0.6796875 0.3109375 0.678125 0.3109375 0.61875 0.3140625 0.6109375 0.3140625 0.603125 0.3171875 0.6015625
1 0.271875 0.625 0.278125 0.6203125 0.28125 0.6125 0.2859375 0.6125 0.284375 0.6296875 0.2796875 0.6375 0.2796875 0.6734375 0.2765625 0.68125 0.2703125 0.6875 0.26875 0.6953125 0.2640625 0.6875 0.26875 0.6796875 0.271875 0.6640625 0.271875 0.6390625 0.2703125 0.6375 0.271875 0.6265625
1 0.209375 0.6546875 0.2140625 0.6546875 0.2140625 0.66875 0.2171875 0.675 0.2171875 0.6859375 0.2140625 0.696875 0.215625 0.703125 0.2125 0.7171875 0.2125 0.7359375 0.2109375 0.7453125 0.20625 0.7515625 0.2046875 0.7453125 0.1984375 0.7484375 0.1984375 0.7375 0.203125 0.725 0.203125 0.671875 0.209375 0.65625
1 0.746875 0.5734375 0.7546875 0.5875 0.753125 0.653125 0.7515625 0.65625 0.7484375 0.6578125 0.74375 0.653125 0.7453125 0.640625 0.7421875 0.6265625 0.7421875 0.5875 0.7453125 0.575
1 0.2171875 0.65 0.2234375 0.65 0.221875 0.69375 0.225 0.7 0.225 0.734375 0.228125 0.7390625 0.228125 0.74375 0.221875 0.740625 0.2203125 0.7375 0.221875 0.7234375 0.215625 0.715625 0.215625 0.6890625 0.21875 0.684375 0.21875 0.675 0.215625 0.6671875 0.2171875 0.6515625
1 0.31640625 0.64765625 0.0140625 0.09296875
1 0.209375 0.56875 0.2015625 0.6125 0.2 0.6453125 0.203125 0.65 0.1984375 0.653125 0.19375 0.6453125 0.19375 0.6171875 0.190625 0.6 0.1984375 0.5796875 0.2078125 0.56875
1 0.5984375 0.46875 0.6015625 0.4828125 0.5984375 0.540625 0.6015625 0.546875 0.596875 0.5484375 0.59375 0.5453125 0.5921875 0.4890625 0.5953125 0.4828125 0.596875 0.4703125
1 0.2515625 0.6375 0.2546875 0.6375 0.25625 0.6421875 0.25625 0.671875 0.25 0.678125 0.25 0.684375 0.2453125 0.6921875 0.2453125 0.7109375 0.240625 0.7171875 0.2390625 0.728125 0.2375 0.7296875 0.2359375 0.725 0.2375 0.7109375 0.240625 0.709375 0.2421875 0.7015625 0.24375 0.65625 0.2515625 0.6390625
2 0.6765625 0.596875 0.6828125 0.6125 0.6828125 0.6609375 0.6875 0.6734375 0.6875 0.6859375 0.684375 0.6859375 0.684375 0.675 0.68125 0.671875 0.678125 0.6734375 0.678125 0.684375 0.6734375 0.6859375 0.675 0.675 0.6734375 0.6734375 0.671875 0.5984375 0.675 0.596875
1 0.321875 0.7041666671875 0.32265625 0.702777778125 0.32265625 0.690277778125 0.3234375 0.6875 0.32109375 0.6833333328125 0.31953125 0.6875 0.31796875 0.6944444437499999 0.31796875 0.702777778125 0.31953125 0.7041666671875 0.321875 0.7041666671875
1 0.32578125 0.6791666671875001 0.32890625 0.68194444375 0.328125 0.684722221875 0.33125 0.7013888890625 0.33046875 0.70555555625 0.334375 0.70694444375 0.34375 0.6986111109375 0.34296875 0.690277778125 0.33671875 0.6736111109375 0.3390625 0.6638888890625 0.33828125 0.659722221875 0.3390625 0.6347222218749999 0.33359375 0.6180555562500001 0.3296875 0.61944444375 0.32890625 0.6263888890625 0.325 0.6347222218749999 0.32265625 0.6486111109375 0.32265625 0.6569444437499999 0.32421875 0.659722221875 0.32578125 0.6791666671875001
1 0.31875 0.70555555625 0.321875 0.70555555625 0.32421875 0.702777778125 0.3234375 0.6958333328124999 0.33125 0.68194444375 0.3328125 0.684722221875 0.33515625 0.684722221875 0.33515625 0.675 0.3375 0.66805555625 0.33828125 0.6611111109375 0.33828125 0.6319444437499999 0.33359375 0.6180555562500001 0.33125 0.6166666671875001 0.32890625 0.61944444375 0.3234375 0.640277778125 0.3203125 0.6611111109375 0.31953125 0.6763888890625 0.3171875 0.6861111109375 0.3171875 0.702777778125 0.31875 0.70555555625