1 0.60625 0.5703125 0.609375 0.559375 0.60625 0.54375 0.609375 0.5328125 0.609375 0.5 0.6140625 0.496875 0.615625 0.5046875 0.621875 0.515625 0.621875 0.525 0.61875 0.534375 0.61875 0.54375 0.615625 0.5484375 0.6171875 0.56875 0.6109375 0.575 0.6078125 0.571875
1 0.296875 0.5421875 0.3 0.55 0.3 0.565625 0.2953125 0.5734375 0.2890625 0.6171875 0.2796875 0.609375 0.28125 0.603125 0.2796875 0.590625 0.284375 0.5734375 0.284375 0.553125 0.2875 0.5453125 0.290625 0.5421875 0.2953125 0.5421875
1 0.3921875 0.3984375 0.3953125 0.4015625 0.3984375 0.4125 0.3984375 0.43125 0.3953125 0.440625 0.3953125 0.453125 0.3984375 0.45625 0.3984375 0.4609375 0.396875 0.465625 0.39375 0.465625 0.3890625 0.446875 0.390625 0.4015625 0.3921875 0.4
1 0.5859375 0.45625 0.590625 0.48125 0.584375 0.49375 0.5796875 0.4890625 0.5796875 0.4671875 0.58125 0.4578125 0.584375 0.45625
1 0.5546875 0.46875 0.5578125 0.46875 0.559375 0.478125 0.5640625 0.484375 0.5640625 0.4984375 0.559375 0.509375 0.5609375 0.5109375 0.559375 0.5171875 0.565625 0.53125 0.5640625 0.534375 0.5578125 0.53125 0.5546875 0.5453125 0.5515625 0.5453125 0.553125 0.540625 0.5515625 0.4984375 0.5453125 0.496875 0.55 0.490625 0.5546875 0.4703125
1 0.69375 0.4921875 0.6984375 0.4921875 0.6984375 0.5 0.7015625 0.50625 0.7015625 0.5296875 0.6984375 0.5421875 0.7015625 0.575 0.696875 0.5734375 0.6921875 0.578125 0.6890625 0.5765625 0.690625 0.575 0.6890625 0.5484375 0.6921875 0.534375 0.69375 0.49375
1 0.590625 0.4734375 0.59375 0.478125 0.5953125 0.490625 0.596875 0.525 0.6046875 0.5359375 0.603125 0.540625 0.596875 0.5359375 0.5953125 0.5375 0.59375 0.5515625 0.5890625 0.5546875 0.5890625 0.5125 0.5859375 0.490625 0.5890625 0.4859375 0.590625 0.475
1 0.45625 0.534375 0.4609375 0.5328125 0.4671875 0.55 0.4671875 0.5828125 0.46875 0.584375 0.4671875 0.5859375 0.4671875 0.6046875 0.4703125 0.6125 0.4703125 0.61875 0.4671875 0.621875 0.4640625 0.6203125 0.4640625 0.6046875 0.459375 0.584375 0.459375 0.55625 0.45625 0.5359375
1 0.165625 0.5796875 0.1703125 0.5828125 0.175 0.590625 0.184375 0.59375 0.1734375 0.6015625 0.171875 0.61875 0.175 0.625 0.175 0.63125 0.171875 0.640625 0.171875 0.6546875 0.1671875 0.6546875 0.16875 0.634375 0.1625 0.61875 0.1625 0.6078125 0.15625 0.6046875 0.1484375 0.6109375 0.1484375 0.6078125 0.1578125 0.596875 0.165625 0.58125
1 0.6314236111111111 0.4816203703703703 0.01878472222222216 0.07238425925925922
1 0.896875 0.625 0.9015625 0.6265625 0.903125 0.6390625 0.90625 0.64375 0.90625 0.659375 0.9046875 0.6609375 0.90625 0.684375 0.91875 0.6890625 0.9203125 0.6953125 0.91875 0.6984375 0.9125 0.6953125 0.9046875 0.6953125 0.9015625 0.6921875 0.896875 0.7015625 0.8984375 0.7125 0.896875 0.7140625 0.890625 0.7125 0.89375 0.703125 0.896875 0.6265625
1 0.4609375 0.4328125 0.46875 0.4390625 0.4734375 0.446875 0.4734375 0.4515625 0.46875 0.4609375 0.46875 0.471875 0.4703125 0.4765625 0.4796875 0.4859375 0.4796875 0.49375 0.4703125 0.484375 0.4640625 0.4828125 0.4609375 0.4859375 0.459375 0.496875 0.45625 0.496875 0.45625 0.4875 0.459375 0.478125 0.459375 0.4453125 0.4578125 0.44375 0.459375 0.434375
1 0.5725173611111112 0.5044733796296296 0.013020833333333304 0.058940972222222235
1 0.4015625 0.571875 0.40625 0.571875 0.40625 0.5765625 0.4109375 0.5859375 0.409375 0.5875 0.4109375 0.621875 0.4203125 0.628125 0.4203125 0.63125 0.415625 0.6328125 0.403125 0.6265625 0.4 0.6296875 0.3984375 0.65 0.396875 0.6515625 0.39375 0.65 0.3984375 0.6015625 0.4015625 0.5953125 0.4 0.5859375 0.4015625 0.5734375
1 0.80625 0.48125 0.80625 0.46875 0.809375 0.4578125 0.8078125 0.4265625 0.8109375 0.415625 0.8203125 0.4328125 0.8203125 0.475 0.821875 0.4765625 0.821875 0.4875 0.81875 0.4859375 0.8140625 0.465625 0.8109375 0.46875 0.809375 0.48125 0.80625 0.4828125
1 0.790625 0.5828125 0.8 0.6 0.8 0.61875 0.7953125 0.628125 0.7953125 0.6375 0.7921875 0.64375 0.79375 0.6546875 0.790625 0.66875 0.7875 0.6671875 0.7875 0.646875 0.784375 0.64375 0.784375 0.6265625 0.78125 0.6140625 0.7828125 0.6015625 0.7890625 0.584375
1 0.5765625 0.4890625 0.5796875 0.4890625 0.5859375 0.496875 0.5875 0.5078125 0.5875 0.5359375 0.5859375 0.5375 0.5875 0.5640625 0.5859375 0.565625 0.5828125 0.5640625 0.584375 0.559375 0.5828125 0.5546875 0.5765625 0.5546875 0.578125 0.546875 0.575 0.53125 0.5765625 0.5171875 0.5734375 0.5109375 0.5765625 0.490625
2 0.5015625 0.5765625 0.50625 0.5765625 0.5125 0.596875 0.5109375 0.6421875 0.5078125 0.6484375 0.509375 0.6640625 0.5046875 0.6671875 0.503125 0.6359375 0.496875 0.615625 0.496875 0.5921875 0.5015625 0.578125