0 0.5515625 0.5390625 0.5546875 0.5421875 0.5546875 0.546875 0.553125 0.5484375 0.55 0.546875 0.55 0.540625
1 0.1296875 0.55625 0.1328125 0.5578125 0.13125 0.5640625 0.1328125 0.609375 0.134375 0.6109375 0.1328125 0.625 0.1390625 0.64375 0.134375 0.64375 0.13125 0.6390625 0.1296875 0.6203125 0.125 0.6140625 0.10625 0.6140625 0.10625 0.6078125 0.11875 0.6078125 0.121875 0.603125 0.1203125 0.5828125 0.1296875 0.5578125
1 0.359375 0.4703125 0.3578125 0.4921875 0.3625 0.5015625 0.3609375 0.5078125 0.3625 0.5203125 0.3546875 0.53125 0.353125 0.5421875 0.35 0.540625 0.3484375 0.534375 0.35 0.5265625 0.3453125 0.525 0.3375 0.534375 0.3359375 0.54375 0.3328125 0.54375 0.3328125 0.5328125 0.3390625 0.5265625 0.3390625 0.5234375 0.3484375 0.509375 0.35 0.484375 0.3546875 0.4765625 0.3546875 0.471875 0.3578125 0.4703125
1 0.6125 0.5046875 0.615625 0.50625 0.6171875 0.515625 0.621875 0.525 0.621875 0.5390625 0.615625 0.553125 0.6234375 0.5625 0.6234375 0.5671875 0.6140625 0.559375 0.60625 0.540625 0.6078125 0.5171875 0.6125 0.50625
1 0.171875 0.4625 0.175 0.4625 0.178125 0.4859375 0.18125 0.490625 0.1765625 0.4953125 0.1765625 0.503125 0.1796875 0.5109375 0.178125 0.5140625 0.1796875 0.5296875 0.184375 0.5375 0.1828125 0.5390625 0.178125 0.5375 0.175 0.515625 0.171875 0.5125 0.16875 0.5125 0.1609375 0.521875 0.153125 0.525 0.15 0.521875 0.1546875 0.515625 0.1578125 0.515625 0.165625 0.5078125 0.1671875 0.503125 0.165625 0.4796875 0.1703125 0.471875 0.171875 0.4640625
1 0.6296875 0.53125 0.6328125 0.5328125 0.6359375 0.5421875 0.640625 0.5703125 0.6390625 0.60625 0.6359375 0.60625 0.634375 0.6015625 0.6359375 0.6 0.634375 0.5859375 0.63125 0.5859375 0.6234375 0.596875 0.61875 0.5984375 0.61875 0.59375 0.628125 0.5796875 0.628125 0.5703125 0.6234375 0.5609375 0.6234375 0.55 0.6296875 0.5328125
1 0.1265625 0.63125 0.13125 0.6625 0.13125 0.69375 0.1203125 0.703125 0.1171875 0.709375 0.1171875 0.7171875 0.115625 0.71875 0.1140625 0.7171875 0.1125 0.709375 0.1203125 0.69375 0.1203125 0.6671875 0.121875 0.665625 0.1203125 0.6484375 0.1234375 0.6421875 0.1234375 0.6328125 0.125 0.6328125
1 0.5862442129629629 0.5262268518518518 0.02207175925925924 0.06057870370370377
1 0.0359375 0.853125 0.034375 0.8765625 0.0375 0.8875 0.0375 0.8984375 0.0359375 0.9 0.0359375 0.9375 0.0328125 0.9484375 0.03125 0.9703125 0.0265625 0.96875 0.0265625 0.94375 0.01875 0.9390625 0.0109375 0.9421875 0.0109375 0.934375 0.0140625 0.928125 0.0203125 0.9296875 0.025 0.925 0.0234375 0.884375 0.0265625 0.8734375 0.0296875 0.871875 0.03125 0.8546875 0.034375 0.853125
1 0.403125 0.4890625 0.4015625 0.4828125 0.39375 0.478125 0.4 0.4671875 0.396875 0.45 0.3984375 0.425 0.4015625 0.4234375 0.403125 0.4265625 0.4046875 0.4546875 0.409375 0.471875 0.40625 0.4765625 0.4046875 0.4875
1 0.040625 0.340625 0.0453125 0.340625 0.0421875 0.3484375 0.05 0.3984375 0.0484375 0.4015625 0.0453125 0.4015625 0.04375 0.3984375 0.0453125 0.3921875 0.0421875 0.3875 0.0375 0.390625 0.034375 0.403125 0.0296875 0.4 0.0328125 0.3890625 0.0359375 0.3859375 0.0359375 0.35 0.040625 0.3421875
1 0.2875 0.3546875 0.290625 0.3609375 0.2890625 0.3625 0.290625 0.3671875 0.2890625 0.3796875 0.2953125 0.4046875 0.29375 0.4078125 0.290625 0.4046875 0.2875 0.390625 0.2828125 0.390625 0.278125 0.3953125 0.2765625 0.39375 0.28125 0.384375 0.278125 0.378125 0.278125 0.365625 0.2828125 0.35625 0.2859375 0.3546875
2 0.0234375 0.4984375 0.0265625 0.5015625 0.025 0.5125 0.0265625 0.5140625 0.028125 0.546875 0.0265625 0.55625 0.0203125 0.565625 0.01875 0.578125 0.015625 0.5765625 0.015625 0.55625 0.0171875 0.5546875 0.015625 0.5171875 0.021875 0.5