0 0.553125 0.3453125 0.5515625 0.3421875 0.553125 0.3359375 0.55625 0.3375 0.55625 0.3453125 0.5546875 0.3453125
1 0.1671875 0.675 0.171875 0.671875 0.1703125 0.6125 0.1734375 0.6015625 0.178125 0.596875 0.178125 0.5859375 0.18125 0.58125 0.184375 0.5828125 0.184375 0.60625 0.1875 0.625 0.1875 0.634375 0.184375 0.6390625 0.184375 0.65 0.1875 0.6609375 0.1859375 0.696875 0.190625 0.703125 0.1890625 0.7078125 0.1859375 0.709375 0.18125 0.7078125 0.18125 0.675 0.1796875 0.6734375 0.1640625 0.6921875 0.1609375 0.703125 0.159375 0.7015625 0.1578125 0.6890625 0.1671875 0.6765625
1 0.6359375 0.43125 0.6328125 0.4234375 0.6328125 0.415625 0.6296875 0.4109375 0.628125 0.425 0.6265625 0.4296875 0.625 0.43125 0.6234375 0.4296875 0.6265625 0.396875 0.6296875 0.3859375 0.6296875 0.359375 0.6328125 0.353125 0.6359375 0.3546875 0.6359375 0.3609375 0.6390625 0.365625 0.6390625 0.4 0.6359375 0.4125 0.6359375 0.4296875
1 0.4109375 0.3765625 0.4140625 0.378125 0.415625 0.3859375 0.425 0.4 0.4234375 0.4015625 0.41875 0.3984375 0.4140625 0.4 0.4125 0.4328125 0.4046875 0.4515625 0.3984375 0.4484375 0.4 0.4421875 0.396875 0.4390625 0.396875 0.428125 0.403125 0.4234375 0.403125 0.4 0.4109375 0.378125
1 0.1640625 0.3625 0.16875 0.3625 0.1703125 0.38125 0.175 0.3875 0.1703125 0.3953125 0.171875 0.396875 0.171875 0.425 0.16875 0.43125 0.1640625 0.4296875 0.159375 0.434375 0.1578125 0.440625 0.15625 0.4390625 0.15625 0.4296875 0.1640625 0.4171875 0.1625 0.4078125 0.1625 0.3671875 0.1640625 0.3640625
2 0.1640625 0.4609375 0.1625 0.4515625 0.1734375 0.4328125 0.175 0.4 0.1828125 0.3828125 0.1828125 0.378125 0.184375 0.3765625 0.1875 0.378125 0.1859375 0.3984375 0.190625 0.428125 0.190625 0.459375 0.19375 0.4625 0.190625 0.465625 0.1875 0.4640625 0.1875 0.440625 0.184375 0.4359375 0.18125 0.4359375 0.1671875 0.4515625 0.165625 0.459375
1 0.33125 0.3390625 0.334375 0.340625 0.334375 0.396875 0.328125 0.403125 0.328125 0.415625 0.3234375 0.4140625 0.3234375 0.3953125 0.3265625 0.3890625 0.325 0.3671875 0.33125 0.340625
1 0.396875 0.484375 0.4015625 0.4890625 0.4015625 0.4984375 0.4046875 0.5046875 0.403125 0.553125 0.396875 0.5703125 0.396875 0.584375 0.39375 0.5859375 0.3921875 0.5828125 0.3921875 0.5703125 0.390625 0.56875 0.3875 0.5703125 0.3875 0.559375 0.3921875 0.5546875 0.3921875 0.5359375 0.3875 0.5234375 0.3875 0.5125 0.39375 0.4984375 0.3953125 0.4859375
1 0.98125 0.596875 0.984375 0.609375 0.9890625 0.6125 0.9921875 0.621875 0.9921875 0.6359375 0.9890625 0.6421875 0.9875 0.6625 0.98125 0.6875 0.9828125 0.696875 0.98125 0.703125 0.9765625 0.6984375 0.9703125 0.6984375 0.9703125 0.6875 0.975 0.678125 0.975 0.671875 0.971875 0.6609375 0.971875 0.6484375 0.9671875 0.6375 0.9671875 0.6265625 0.9765625 0.609375 0.9765625 0.5984375 0.9796875 0.596875
1 0.0875 0.446875 0.0921875 0.446875 0.09375 0.4796875 0.0984375 0.4859375 0.09375 0.490625 0.0953125 0.51875 0.0890625 0.525 0.0875 0.5390625 0.084375 0.5421875 0.0828125 0.5390625 0.0828125 0.5265625 0.08125 0.525 0.078125 0.528125 0.078125 0.5171875 0.084375 0.5109375 0.08125 0.4671875 0.0859375 0.459375 0.0875 0.4484375
1 0.3703125 0.3234375 0.371875 0.328125 0.3703125 0.378125 0.365625 0.3890625 0.365625 0.3953125 0.3625 0.3953125 0.3625 0.3828125 0.3578125 0.3765625 0.3625 0.3703125 0.3625 0.3390625 0.365625 0.325 0.36875 0.3234375
1 0.5734375 0.3453125 0.5765625 0.346875 0.578125 0.353125 0.590625 0.3640625 0.5890625 0.3671875 0.584375 0.3671875 0.5796875 0.3734375 0.5890625 0.409375 0.584375 0.40625 0.58125 0.39375 0.578125 0.390625 0.5734375 0.390625 0.56875 0.4 0.5671875 0.4171875 0.5640625 0.41875 0.5640625 0.40625 0.56875 0.3859375 0.5671875 0.3625 0.5734375 0.346875
1 0.7765625 0.4625 0.7796875 0.465625 0.78125 0.503125 0.778125 0.5140625 0.778125 0.540625 0.775 0.5484375 0.775 0.559375 0.7703125 0.5578125 0.76875 0.54375 0.7625 0.5640625 0.759375 0.5625 0.759375 0.553125 0.765625 0.525 0.7671875 0.4875 0.76875 0.4796875 0.7734375 0.4734375 0.775 0.4640625
1 0.3828125 0.36875 0.384375 0.4015625 0.38125 0.40625 0.38125 0.41875 0.3796875 0.4296875 0.375 0.4390625 0.3765625 0.4421875 0.375 0.45 0.36875 0.4484375 0.36875 0.440625 0.3734375 0.428125 0.3734375 0.3890625 0.3765625 0.3828125 0.378125 0.3703125 0.38125 0.36875
1 0.453125 0.365625 0.4546875 0.3671875 0.4546875 0.3859375 0.45625 0.39375 0.459375 0.396875 0.459375 0.4 0.45625 0.4015625 0.45625 0.4140625 0.459375 0.41875 0.459375 0.428125 0.45 0.4375 0.446875 0.44375 0.446875 0.45 0.4421875 0.4515625 0.4421875 0.440625 0.446875 0.4296875 0.446875 0.3875 0.45 0.3828125 0.4515625 0.3671875
1 0.084375 0.3046875 0.0875 0.3046875 0.0890625 0.3078125 0.0890625 0.353125 0.0875 0.3546875 0.0890625 0.3734375 0.084375 0.3734375 0.084375 0.3640625 0.08125 0.3609375 0.075 0.3609375 0.075 0.3578125 0.08125 0.35 0.08125 0.3359375 0.078125 0.3234375 0.084375 0.30625
1 0.5296875 0.35 0.5328125 0.35 0.540625 0.3703125 0.5390625 0.3921875 0.5359375 0.3984375 0.53125 0.4234375 0.528125 0.4234375 0.5265625 0.3625 0.5296875 0.3515625