0 0.471875 0.3859375 0.475 0.3890625 0.4734375 0.3953125 0.471875 0.396875 0.4703125 0.3953125 0.46875 0.3890625 0.4703125 0.3875
1 0.775 0.36875 0.778125 0.378125 0.7765625 0.4140625 0.78125 0.4171875 0.7828125 0.425 0.778125 0.428125 0.775 0.4234375 0.7703125 0.4296875 0.76875 0.428125 0.76875 0.3984375 0.7734375 0.3703125
1 0.6546875 0.496875 0.659375 0.4890625 0.6609375 0.465625 0.6640625 0.4640625 0.66875 0.4859375 0.6671875 0.51875 0.665625 0.5203125 0.66875 0.5296875 0.6671875 0.5328125 0.6640625 0.5328125 0.6609375 0.521875 0.6609375 0.5 0.65625 0.4984375
1 0.6453125 0.5125 0.65625 0.534375 0.6578125 0.5484375 0.6515625 0.55 0.65 0.565625 0.6578125 0.58125 0.6578125 0.5875 0.653125 0.584375 0.6515625 0.5796875 0.646875 0.5828125 0.64375 0.5796875 0.6421875 0.56875 0.64375 0.5515625 0.6375 0.5390625 0.6421875 0.5265625 0.64375 0.5140625
1 0.4671875 0.3453125 0.471875 0.353125 0.4703125 0.3859375 0.46875 0.3875 0.4640625 0.384375 0.4578125 0.3984375 0.4625 0.3515625 0.465625 0.346875
1 0.5953125 0.4 0.5984375 0.4 0.6015625 0.4109375 0.6015625 0.4390625 0.6 0.440625 0.6015625 0.4609375 0.6 0.465625 0.596875 0.4671875 0.59375 0.465625 0.5921875 0.4515625 0.59375 0.4265625 0.5875 0.421875 0.59375 0.4171875 0.5953125 0.4015625
1 0.7109375 0.421875 0.7140625 0.425 0.7171875 0.4359375 0.715625 0.4765625 0.721875 0.4875 0.7203125 0.49375 0.7171875 0.49375 0.7171875 0.4875 0.7125 0.4828125 0.709375 0.4859375 0.709375 0.49375 0.7046875 0.4953125 0.7109375 0.4234375
1 0.34375 0.465625 0.346875 0.465625 0.346875 0.5 0.3421875 0.5171875 0.3421875 0.525 0.3390625 0.525 0.3375 0.5140625 0.33125 0.5203125 0.33125 0.5125 0.3359375 0.5 0.3375 0.48125 0.34375 0.4671875
1 0.3703125 0.4515625 0.371875 0.3984375 0.375 0.3953125 0.3765625 0.3859375 0.3796875 0.384375 0.3828125 0.4015625 0.3796875 0.415625 0.3796875 0.4484375 0.375 0.446875 0.3703125 0.453125
1 0.375 0.5203125 0.3765625 0.5328125 0.3765625 0.55 0.375 0.5515625 0.3765625 0.59375 0.375 0.5953125 0.371875 0.59375 0.3734375 0.58125 0.371875 0.5703125 0.36875 0.575 0.3671875 0.5953125 0.365625 0.59375 0.3640625 0.5859375 0.365625 0.5546875 0.3625 0.54375 0.3703125 0.528125 0.3703125 0.521875 0.3734375 0.5203125
1 0.8453125 0.4671875 0.85 0.4671875 0.853125 0.49375 0.8515625 0.5171875 0.8546875 0.521875 0.8578125 0.540625 0.8546875 0.540625 0.85 0.528125 0.8453125 0.525 0.8390625 0.5359375 0.8375 0.5453125 0.83125 0.5453125 0.8390625 0.525 0.8421875 0.5046875 0.840625 0.4921875 0.846875 0.478125 0.8453125 0.46875
1 0.11875 0.415625 0.121875 0.415625 0.1234375 0.425 0.115625 0.45 0.1140625 0.4609375 0.115625 0.4734375 0.10625 0.478125 0.109375 0.4625 0.109375 0.434375 0.11875 0.4171875
1 0.4953125 0.4125 0.4953125 0.4171875 0.4984375 0.4203125 0.4984375 0.446875 0.4953125 0.45 0.4953125 0.4625 0.490625 0.4703125 0.4875 0.4703125 0.4859375 0.45 0.4890625 0.446875 0.490625 0.4390625 0.4890625 0.4359375 0.490625 0.4140625 0.49375 0.4125
1 0.4671875 0.41875 0.4703125 0.421875 0.475 0.4359375 0.475 0.4453125 0.471875 0.453125 0.4734375 0.4578125 0.4796875 0.4625 0.471875 0.4640625 0.4671875 0.46875 0.4625 0.46875 0.4640625 0.4640625 0.4625 0.45 0.465625 0.4453125 0.4640625 0.4375 0.465625 0.4203125
1 0.3078125 0.5 0.30625 0.49375 0.3109375 0.4796875 0.3109375 0.4640625 0.321875 0.440625 0.325 0.4421875 0.325 0.4484375 0.3234375 0.4578125 0.31875 0.4671875 0.31875 0.4890625 0.315625 0.5 0.3125 0.5015625 0.309375 0.5
1 0.503125 0.390625 0.50625 0.3921875 0.5078125 0.396875 0.5078125 0.4375 0.5046875 0.4484375 0.50625 0.4515625 0.5 0.4578125 0.4984375 0.4640625 0.496875 0.465625 0.496875 0.45 0.5 0.4453125 0.4984375 0.4046875 0.5015625 0.3921875
1 0.5140625 0.390625 0.5171875 0.396875 0.5171875 0.41875 0.51875 0.4203125 0.515625 0.4625 0.5125 0.4625 0.50625 0.453125 0.5078125 0.4203125 0.509375 0.41875 0.5078125 0.4046875 0.5125 0.3921875
2 0.571875 0.50625 0.5734375 0.5140625 0.578125 0.5203125 0.578125 0.534375 0.575 0.5390625 0.5734375 0.5515625 0.5765625 0.590625 0.571875 0.5921875 0.5703125 0.590625 0.565625 0.571875 0.5671875 0.5640625 0.565625 0.5625 0.5640625 0.528125 0.5671875 0.525 0.5703125 0.5078125