1 0.7234375 0.428125 0.7265625 0.428125 0.7296875 0.44375 0.7296875 0.4796875 0.7234375 0.4703125 0.7203125 0.475 0.71875 0.484375 0.715625 0.48125 0.71875 0.4671875 0.7171875 0.4421875 0.7234375 0.4296875
1 0.9984375 0.603125 0.9984375 0.6140625 0.99375 0.6140625 0.9984375 0.6046875
1 0.290625 0.6546875 0.29375 0.65625 0.2953125 0.6703125 0.3015625 0.6875 0.3 0.7 0.3046875 0.7125 0.303125 0.7171875 0.3 0.715625 0.2984375 0.7046875 0.29375 0.6984375 0.2875 0.6984375 0.2828125 0.70625 0.2796875 0.703125 0.2828125 0.6859375 0.28125 0.665625 0.2875 0.6625 0.290625 0.65625
1 0.68125 0.4 0.6890625 0.4125 0.6890625 0.428125 0.678125 0.428125 0.6765625 0.425 0.6765625 0.4046875 0.6796875 0.4015625
1 0.6609375 0.396875 0.6671875 0.4 0.6703125 0.409375 0.665625 0.440625 0.6640625 0.4453125 0.6609375 0.446875 0.65625 0.421875 0.65625 0.40625 0.6578125 0.4 0.6609375 0.3984375
1 0.5390625 0.4671875 0.540625 0.46875 0.5390625 0.5234375 0.5359375 0.5234375 0.5328125 0.5109375 0.5328125 0.5 0.5296875 0.4953125 0.5328125 0.4703125 0.5375 0.4671875
1 0.634375 0.475 0.6375 0.490625 0.6359375 0.5140625 0.640625 0.525 0.640625 0.5359375 0.6390625 0.528125 0.634375 0.525 0.63125 0.528125 0.6296875 0.5359375 0.6265625 0.5375 0.628125 0.484375 0.6296875 0.4765625 0.6328125 0.475
1 0.5625 0.425 0.553125 0.43125 0.5515625 0.4375 0.5578125 0.4734375 0.5484375 0.4546875 0.54375 0.4578125 0.54375 0.465625 0.540625 0.4671875 0.5421875 0.4546875 0.540625 0.440625 0.5421875 0.428125 0.546875 0.421875 0.5515625 0.425 0.5609375 0.425
1 0.65625 0.4953125 0.6546875 0.4890625 0.65 0.484375 0.65 0.45625 0.653125 0.446875 0.659375 0.45625 0.6578125 0.4953125
1 0.68125 0.48125 0.68125 0.4671875 0.678125 0.4609375 0.678125 0.453125 0.675 0.45 0.675 0.440625 0.68125 0.4265625 0.6859375 0.4265625 0.6890625 0.4328125 0.6890625 0.4484375 0.6875 0.45 0.6890625 0.4765625 0.6828125 0.48125
1 0.675 0.396875 0.6796875 0.4078125 0.678125 0.43125 0.675 0.434375 0.675 0.4203125 0.6734375 0.4125 0.6703125 0.409375 0.6703125 0.4 0.6734375 0.3984375
1 0.5984375 0.4375 0.603125 0.4390625 0.60625 0.446875 0.60625 0.4796875 0.6078125 0.48125 0.6078125 0.4921875 0.60625 0.4921875 0.60625 0.4875 0.6015625 0.478125 0.596875 0.48125 0.5953125 0.490625 0.5921875 0.490625 0.5953125 0.475 0.5953125 0.45 0.5984375 0.4390625
1 0.646875 0.4875 0.6515625 0.4859375 0.65625 0.496875 0.6546875 0.5375 0.653125 0.5375 0.65 0.5265625 0.646875 0.5234375 0.6453125 0.509375 0.6453125 0.490625 0.646875 0.4890625
1 0.30625 0.5671875 0.309375 0.5671875 0.309375 0.571875 0.3125 0.5765625 0.309375 0.5984375 0.309375 0.6078125 0.3125 0.615625 0.3046875 0.6203125 0.303125 0.63125 0.3 0.6328125 0.303125 0.60625 0.3015625 0.5796875 0.30625 0.56875
1 0.925 0.640625 0.9328125 0.665625 0.934375 0.6953125 0.940625 0.70625 0.9390625 0.71875 0.9359375 0.70625 0.9328125 0.7 0.9296875 0.6984375 0.9265625 0.7015625 0.9296875 0.7171875 0.925 0.7234375 0.921875 0.7203125 0.9234375 0.70625 0.921875 0.7046875 0.9203125 0.65 0.9234375 0.6421875
1 0.759375 0.434375 0.7625 0.4359375 0.76875 0.4515625 0.76875 0.4796875 0.7734375 0.4875 0.771875 0.490625 0.7671875 0.4890625 0.759375 0.4796875 0.7609375 0.471875 0.759375 0.4359375
1 0.646875 0.4484375 0.65 0.45625 0.65 0.4671875 0.6484375 0.46875 0.6484375 0.484375 0.64375 0.490625 0.64375 0.4953125 0.640625 0.49375 0.6390625 0.4859375 0.6390625 0.4625 0.640625 0.453125 0.6453125 0.4484375
1 0.3765625 0.56875 0.3828125 0.58125 0.3828125 0.5984375 0.3765625 0.6125 0.3734375 0.63125 0.371875 0.6328125 0.3703125 0.63125 0.371875 0.60625 0.36875 0.6015625 0.36875 0.5859375 0.375 0.5703125
2 0.665625 0.58125 0.66875 0.5828125 0.671875 0.59375 0.6703125 0.6390625 0.6734375 0.6484375 0.6734375 0.6578125 0.6703125 0.659375 0.66875 0.6453125 0.6640625 0.640625 0.6609375 0.6578125 0.6578125 0.6578125 0.665625 0.5828125