1 0.2671875 0.38125 0.271875 0.409375 0.26875 0.428125 0.271875 0.4640625 0.26875 0.4671875 0.2671875 0.4671875 0.2671875 0.4484375 0.2625 0.43125 0.2578125 0.425 0.2578125 0.4046875 0.2625 0.3921875 0.2625 0.3828125 0.265625 0.38125
1 0.26015625 0.46125000000000005 0.015625 0.06675347222222223
1 0.240625 0.409375 0.24375 0.409375 0.2453125 0.4125 0.24375 0.4265625 0.2453125 0.428125 0.2453125 0.459375 0.246875 0.4609375 0.24375 0.5015625 0.240625 0.5015625 0.2390625 0.4984375 0.2390625 0.4765625 0.240625 0.475 0.2375 0.4640625 0.2359375 0.4375 0.2375 0.4359375 0.2375 0.4203125 0.240625 0.4109375
1 0.275 0.5484375 0.28125 0.5578125 0.2890625 0.584375 0.290625 0.6 0.3015625 0.6078125 0.29375 0.609375 0.278125 0.5984375 0.2734375 0.6296875 0.2671875 0.6296875 0.2703125 0.621875 0.26875 0.6109375 0.271875 0.59375 0.2703125 0.578125 0.2671875 0.5734375 0.2671875 0.5609375 0.26875 0.553125 0.2734375 0.5484375
1 0.4171875 0.6765625 0.4203125 0.678125 0.425 0.6984375 0.425 0.7390625 0.434375 0.759375 0.434375 0.76875 0.43125 0.7703125 0.43125 0.765625 0.4265625 0.75625 0.421875 0.7546875 0.41875 0.7578125 0.415625 0.775 0.4125 0.7765625 0.4109375 0.775 0.4109375 0.7703125 0.4140625 0.765625 0.4125 0.715625 0.415625 0.709375 0.4171875 0.6953125 0.415625 0.678125
1 0.3046875 0.6078125 0.309375 0.5984375 0.3140625 0.5609375 0.3125 0.546875 0.30625 0.534375 0.30625 0.528125 0.309375 0.5265625 0.3171875 0.5359375 0.3234375 0.55 0.3265625 0.5640625 0.3265625 0.5828125 0.3296875 0.5875 0.33125 0.596875 0.334375 0.6 0.334375 0.60625 0.3296875 0.6109375 0.328125 0.609375 0.3296875 0.603125 0.328125 0.5953125 0.3234375 0.5875 0.3171875 0.584375 0.3125 0.5921875 0.3109375 0.6078125 0.30625 0.609375
1 0.78125 0.4625 0.784375 0.4890625 0.7828125 0.5078125 0.7859375 0.51875 0.7859375 0.5296875 0.78125 0.55 0.7765625 0.546875 0.778125 0.540625 0.7765625 0.5328125 0.771875 0.5375 0.76875 0.5515625 0.7640625 0.5484375 0.7640625 0.5421875 0.771875 0.525 0.775 0.4796875 0.7796875 0.4640625
1 0.4578125 0.5000173611111112 0.02734375 0.07951388888888893
1 0.2671875 0.4875 0.2703125 0.4875 0.2734375 0.49375 0.2765625 0.50625 0.2765625 0.5296875 0.278125 0.53125 0.2765625 0.546875 0.2703125 0.546875 0.26875 0.54375 0.2671875 0.4890625
1 0.528125 0.5359375 0.5375 0.5515625 0.5359375 0.609375 0.5390625 0.6171875 0.5390625 0.6203125 0.534375 0.6171875 0.534375 0.6125 0.525 0.6 0.5265625 0.58125 0.521875 0.565625 0.521875 0.55625 0.5265625 0.5484375 0.528125 0.5375
2 0.2078125 0.621875 0.2125 0.6234375 0.2125 0.628125 0.225 0.653125 0.23125 0.659375 0.228125 0.6625 0.221875 0.65625 0.2171875 0.6578125 0.215625 0.7015625 0.21875 0.7265625 0.215625 0.7296875 0.2125 0.728125 0.2125 0.7171875 0.20625 0.703125 0.2046875 0.6796875 0.1984375 0.6734375 0.2 0.646875 0.2078125 0.628125 0.2078125 0.6234375
1 0.5734375 0.7390625 0.5671875 0.7078125 0.5671875 0.6984375 0.5640625 0.690625 0.5640625 0.675 0.5671875 0.6578125 0.5703125 0.653125 0.5734375 0.6546875 0.5796875 0.66875 0.5796875 0.6859375 0.58125 0.6875 0.5765625 0.71875 0.5765625 0.7390625 0.575 0.7390625
1 0.0875 0.5171875 0.090625 0.5203125 0.09375 0.5375 0.096875 0.540625 0.1015625 0.5578125 0.1015625 0.5703125 0.1078125 0.590625 0.1078125 0.603125 0.1046875 0.6046875 0.103125 0.5890625 0.096875 0.578125 0.09375 0.58125 0.0953125 0.6046875 0.090625 0.6078125 0.090625 0.5953125 0.0875 0.5875 0.0875 0.55625 0.084375 0.55 0.0859375 0.51875
1 0.0203125 0.4921875 0.034375 0.528125 0.0328125 0.546875 0.040625 0.5625 0.040625 0.56875 0.034375 0.5734375 0.0328125 0.5625 0.028125 0.559375 0.025 0.553125 0.0234375 0.528125 0.0171875 0.525 0.01875 0.5203125 0.0171875 0.4953125 0.01875 0.49375
1 0.1625 0.540625 0.1640625 0.546875 0.1703125 0.553125 0.1671875 0.56875 0.1703125 0.6390625 0.1640625 0.6375 0.1640625 0.63125 0.1609375 0.628125 0.1578125 0.6328125 0.15625 0.6421875 0.153125 0.6421875 0.15 0.6359375 0.159375 0.6140625 0.1546875 0.553125 0.1578125 0.5421875 0.1609375 0.540625
1 0.4359375 0.5578125 0.4390625 0.559375 0.4390625 0.565625 0.4453125 0.5734375 0.4453125 0.58125 0.4484375 0.5875 0.4484375 0.6 0.4421875 0.6125 0.44375 0.65 0.4390625 0.6515625 0.4390625 0.6390625 0.4296875 0.6 0.4296875 0.5796875 0.43125 0.571875 0.434375 0.56875 0.434375 0.559375
1 0.36875 0.56875 0.36875 0.5578125 0.365625 0.5546875 0.359375 0.559375 0.3578125 0.56875 0.3546875 0.5671875 0.3546875 0.5578125 0.3625 0.54375 0.3609375 0.5140625 0.3640625 0.484375 0.3671875 0.478125 0.3703125 0.4796875 0.371875 0.5625 0.375 0.5671875 0.375 0.5703125 0.3703125 0.56875