0 0.584375 0.290625 0.5890625 0.2921875 0.5875 0.2984375 0.584375 0.2921875
1 0.8375 0.6328125 0.8390625 0.63125 0.8421875 0.6328125 0.8484375 0.6453125 0.8515625 0.65625 0.85 0.678125 0.853125 0.68125 0.853125 0.6890625 0.8578125 0.703125 0.85625 0.7046875 0.85 0.696875 0.846875 0.7015625 0.8484375 0.7046875 0.84375 0.70625 0.840625 0.68125 0.834375 0.65625 0.8390625 0.634375
1 0.5296875 0.353125 0.534375 0.3640625 0.534375 0.3859375 0.5390625 0.4015625 0.5390625 0.4109375 0.5359375 0.409375 0.5328125 0.403125 0.528125 0.375 0.525 0.36875 0.528125 0.3546875
1 0.5765625 0.440625 0.5796875 0.440625 0.5796875 0.4453125 0.5859375 0.45625 0.5859375 0.4671875 0.5828125 0.471875 0.578125 0.490625 0.5765625 0.4921875 0.5734375 0.4890625 0.5703125 0.4734375 0.5765625 0.4421875
1 0.671875 0.3703125 0.6765625 0.375 0.678125 0.403125 0.6828125 0.4125 0.6828125 0.4171875 0.6734375 0.4140625 0.6703125 0.41875 0.665625 0.41875 0.6703125 0.4078125 0.66875 0.3921875 0.671875 0.3828125 0.6703125 0.38125 0.671875 0.371875
1 0.4828125 0.453125 0.4859375 0.440625 0.484375 0.434375 0.4875 0.4328125 0.490625 0.4375 0.49375 0.44375 0.49375 0.459375 0.5 0.4796875 0.4984375 0.4828125 0.4953125 0.478125 0.4921875 0.478125 0.490625 0.4796875 0.4921875 0.4890625 0.4890625 0.490625 0.484375 0.4546875
1 0.778125 0.471875 0.78125 0.4734375 0.784375 0.484375 0.7875 0.515625 0.7921875 0.53125 0.7921875 0.5375 0.790625 0.5375 0.7875 0.5296875 0.7765625 0.5171875 0.778125 0.4953125 0.775 0.4890625 0.775 0.4828125 0.778125 0.478125 0.778125 0.4734375
1 0.4421875 0.665625 0.4453125 0.665625 0.446875 0.671875 0.4546875 0.68125 0.4546875 0.7015625 0.4515625 0.7109375 0.453125 0.7328125 0.45 0.73125 0.4484375 0.7328125 0.4484375 0.7453125 0.446875 0.746875 0.44375 0.74375 0.4421875 0.7046875 0.440625 0.6984375 0.4359375 0.6953125 0.4421875 0.6671875
1 0.8640625 0.3515625 0.8671875 0.3515625 0.8734375 0.3859375 0.878125 0.390625 0.878125 0.3921875 0.871875 0.390625 0.86875 0.39375 0.8703125 0.3984375 0.8671875 0.4 0.8625 0.371875 0.8640625 0.353125
1 0.53125 0.4203125 0.5328125 0.4203125 0.5375 0.434375 0.5375 0.4484375 0.534375 0.45625 0.5359375 0.4578125 0.5296875 0.478125 0.5265625 0.4796875 0.525 0.4421875 0.53125 0.421875
1 0.9 0.2984375 0.903125 0.2984375 0.90625 0.303125 0.9078125 0.328125 0.9109375 0.334375 0.90625 0.3421875 0.90625 0.346875 0.903125 0.346875 0.9015625 0.34375 0.9015625 0.325 0.9 0.3234375 0.9015625 0.3015625 0.9 0.3
1 0.95625 0.428125 0.959375 0.428125 0.9609375 0.4375 0.9640625 0.4421875 0.965625 0.471875 0.971875 0.4890625 0.971875 0.4921875 0.96875 0.49375 0.9625 0.4796875 0.9609375 0.4875 0.9578125 0.490625 0.9546875 0.4828125 0.9515625 0.4625 0.9546875 0.4578125 0.95625 0.4296875
1 0.5453125 0.3359375 0.5515625 0.34375 0.5515625 0.3625 0.553125 0.3640625 0.5515625 0.3734375 0.55 0.36875 0.54375 0.3625 0.540625 0.3671875 0.5390625 0.365625 0.54375 0.3484375 0.5421875 0.340625 0.5453125 0.3375
1 0.315625 0.375 0.3203125 0.375 0.321875 0.378125 0.321875 0.3859375 0.3171875 0.3953125 0.31875 0.396875 0.31875 0.4140625 0.321875 0.421875 0.315625 0.425 0.3125 0.4203125 0.3125 0.403125 0.309375 0.396875 0.309375 0.3890625 0.315625 0.3765625
1 0.5234375 0.36875 0.528125 0.378125 0.53125 0.4109375 0.5296875 0.415625 0.525 0.4140625 0.521875 0.4109375 0.5203125 0.403125 0.51875 0.3796875 0.5234375 0.3703125
2 0.7453125 0.4109375 0.7515625 0.4140625 0.753125 0.421875 0.75625 0.425 0.7546875 0.428125 0.75 0.41875 0.746875 0.4171875 0.7453125 0.41875 0.746875 0.425 0.74375 0.4359375 0.7421875 0.4359375 0.74375 0.4296875 0.7421875 0.4234375 0.7453125 0.4125
1 0.7453125 0.4109375 0.7484375 0.4109375 0.7515625 0.4171875 0.7515625 0.4234375 0.7546875 0.428125 0.753125 0.4375 0.7546875 0.4546875 0.7640625 0.471875 0.7640625 0.4765625 0.7578125 0.4703125 0.753125 0.4703125 0.7484375 0.4578125 0.74375 0.4734375 0.7390625 0.471875 0.7453125 0.45 0.7421875 0.425 0.7453125 0.4125