0 0.20546875 0.3583333328125 0.20390625 0.365277778125 0.20703125 0.36666666718749996 0.20859375 0.3625 0.20546875 0.3583333328125
1 0.3265625 0.703125 0.3296875 0.7046875 0.3296875 0.7140625 0.334375 0.7265625 0.334375 0.75 0.3328125 0.7609375 0.328125 0.771875 0.328125 0.803125 0.325 0.8046875 0.321875 0.803125 0.3234375 0.796875 0.321875 0.7640625 0.31875 0.7578125 0.3171875 0.75625 0.3140625 0.7578125 0.3125 0.7546875 0.3171875 0.725 0.3265625 0.7046875
1 0.7265625 0.3515625 0.734375 0.3625 0.73125 0.4109375 0.7234375 0.4125 0.721875 0.3875 0.7265625 0.353125
1 0.734375 0.3375 0.7375 0.3375 0.7421875 0.3453125 0.7421875 0.390625 0.740625 0.3953125 0.7375 0.39375 0.7359375 0.3640625 0.7328125 0.3515625 0.734375 0.3390625
1 0.634375 0.2609375 0.6359375 0.25 0.634375 0.225 0.6359375 0.2234375 0.640625 0.2265625 0.640625 0.2484375 0.64375 0.25625 0.64375 0.2640625 0.640625 0.2609375 0.6359375 0.2609375
1 0.6265625 0.4421875 0.6359375 0.4546875 0.634375 0.4890625 0.6390625 0.5015625 0.6390625 0.509375 0.6359375 0.5109375 0.634375 0.5 0.6265625 0.4859375 0.6265625 0.4703125 0.621875 0.4609375 0.625 0.44375
1 0.4640625 0.2953125 0.4671875 0.296875 0.4703125 0.3046875 0.4671875 0.35 0.465625 0.3515625 0.4640625 0.35 0.4625 0.3359375 0.4640625 0.296875
1 0.2890625 0.36875 0.2921875 0.3703125 0.2921875 0.375 0.2953125 0.3796875 0.2953125 0.415625 0.2984375 0.421875 0.2984375 0.428125 0.296875 0.428125 0.2890625 0.4171875 0.2859375 0.4296875 0.2828125 0.425 0.284375 0.421875 0.2828125 0.4203125 0.2828125 0.396875 0.2875 0.3875 0.2890625 0.3703125
1 0.4953125 0.3453125 0.01328125 0.05703125
1 0.728125 0.8875 0.734375 0.8875 0.734375 0.9 0.740625 0.909375 0.740625 0.9390625 0.7390625 0.940625 0.7359375 0.996875 0.7328125 0.9984375 0.728125 0.9953125 0.7265625 0.9921875 0.7265625 0.9609375 0.721875 0.9453125 0.721875 0.9171875 0.7234375 0.9078125 0.728125 0.9 0.728125 0.8890625
1 0.303125 0.4125 0.3125 0.434375 0.3171875 0.459375 0.3234375 0.465625 0.3234375 0.4734375 0.321875 0.4734375 0.3203125 0.46875 0.309375 0.459375 0.30625 0.4625 0.3046875 0.48125 0.3 0.48125 0.3046875 0.45 0.3046875 0.4375 0.3015625 0.428125 0.303125 0.4140625
1 0.5421875 0.4234375 0.5453125 0.425 0.5453125 0.4296875 0.55 0.4390625 0.55 0.4578125 0.55625 0.4703125 0.55625 0.4765625 0.553125 0.4765625 0.5515625 0.4703125 0.546875 0.4671875 0.54375 0.48125 0.540625 0.4765625 0.5421875 0.4640625 0.540625 0.425
1 0.8265625 0.6015625 0.828125 0.6125 0.834375 0.6234375 0.8328125 0.6625 0.8375 0.671875 0.8375 0.6796875 0.8328125 0.6859375 0.8265625 0.684375 0.8265625 0.6734375 0.821875 0.659375 0.821875 0.6390625 0.8171875 0.634375 0.8234375 0.6125 0.821875 0.603125 0.825 0.6015625
1 0.20625 0.3671875 0.1984375 0.3625 0.1984375 0.3359375 0.1953125 0.33125 0.1984375 0.3140625 0.203125 0.309375 0.2078125 0.3125 0.2078125 0.3359375 0.209375 0.3375 0.2078125 0.365625
1 0.45625 0.5484375 0.459375 0.55 0.459375 0.5546875 0.4640625 0.5625 0.465625 0.5984375 0.471875 0.609375 0.4703125 0.6171875 0.4640625 0.6046875 0.459375 0.6 0.45625 0.6046875 0.45625 0.615625 0.453125 0.6203125 0.4515625 0.61875 0.453125 0.609375 0.4515625 0.578125 0.4546875 0.5734375 0.45625 0.55
1 0.7765625 0.2515625 0.7796875 0.2625 0.78125 0.2828125 0.7859375 0.29375 0.7828125 0.2953125 0.78125 0.2890625 0.7765625 0.2859375 0.7734375 0.2890625 0.771875 0.2984375 0.771875 0.2765625 0.775 0.253125
2 0.803125 0.3921875 0.8109375 0.4046875 0.809375 0.4359375 0.8140625 0.4421875 0.8140625 0.4484375 0.80625 0.44375 0.803125 0.459375 0.8 0.4359375 0.8015625 0.39375