0 0.671875 0.5703125 0.6765625 0.571875 0.6765625 0.578125 0.671875 0.58125 0.6703125 0.571875
1 0.2734375 0.528125 0.2796875 0.5296875 0.2796875 0.546875 0.278125 0.5484375 0.2796875 0.56875 0.2765625 0.5734375 0.278125 0.5890625 0.275 0.5953125 0.275 0.6109375 0.2734375 0.6125 0.275 0.61875 0.2703125 0.61875 0.26875 0.6109375 0.2625 0.609375 0.2640625 0.59375 0.2671875 0.5875 0.265625 0.553125 0.2671875 0.546875 0.2703125 0.5453125 0.2734375 0.5296875
1 0.3046875 0.4984375 0.309375 0.5015625 0.3046875 0.5625 0.3015625 0.5703125 0.3015625 0.5828125 0.3015625 0.5765625 0.2984375 0.571875 0.3015625 0.565625 0.3015625 0.55625 0.296875 0.553125 0.2984375 0.515625 0.3046875 0.5
1 0.390625 0.64375 0.3890625 0.6390625 0.3921875 0.634375 0.396875 0.615625 0.396875 0.59375 0.4 0.575 0.4078125 0.5609375 0.409375 0.553125 0.4140625 0.553125 0.4078125 0.5953125 0.4109375 0.6046875 0.409375 0.6265625 0.4046875 0.64375 0.4015625 0.64375 0.3984375 0.634375 0.3921875 0.64375
1 0.4984375 0.5578125 0.5015625 0.5578125 0.503125 0.571875 0.5015625 0.5765625 0.50625 0.590625 0.5 0.5984375 0.5 0.6171875 0.496875 0.6375 0.4921875 0.6421875 0.4921875 0.6515625 0.4890625 0.6515625 0.4859375 0.646875 0.4828125 0.65 0.4828125 0.659375 0.4796875 0.659375 0.478125 0.65625 0.4796875 0.6390625 0.4828125 0.6375 0.490625 0.615625 0.490625 0.590625 0.4875 0.5875 0.4875 0.5828125 0.4984375 0.559375
1 0.6140625 0.496875 0.615625 0.4984375 0.6140625 0.5390625 0.61875 0.546875 0.621875 0.5671875 0.61875 0.56875 0.6125 0.5546875 0.6046875 0.5546875 0.6046875 0.54375 0.6015625 0.5375 0.603125 0.5171875 0.6125 0.4984375
1 0.26875 0.5125 0.2734375 0.525 0.271875 0.5375 0.265625 0.5484375 0.2640625 0.5796875 0.2546875 0.5953125 0.253125 0.5953125 0.253125 0.5890625 0.25625 0.58125 0.25625 0.571875 0.259375 0.5671875 0.2578125 0.534375 0.2671875 0.5140625
1 0.6734375 0.5015625 0.6828125 0.5171875 0.6859375 0.5296875 0.684375 0.5421875 0.6796875 0.54375 0.6796875 0.5546875 0.6828125 0.559375 0.68125 0.571875 0.678125 0.575 0.6734375 0.571875 0.671875 0.5578125 0.66875 0.5515625 0.6671875 0.5171875 0.6703125 0.5140625 0.671875 0.503125
2 0.7171875 0.55 0.7203125 0.55 0.721875 0.5625 0.725 0.56875 0.725 0.58125 0.721875 0.5859375 0.7203125 0.6015625 0.715625 0.6109375 0.721875 0.6234375 0.7234375 0.634375 0.7171875 0.625 0.7125 0.6234375 0.7109375 0.625 0.7109375 0.6421875 0.7078125 0.64375 0.7078125 0.6265625 0.70625 0.625 0.7171875 0.5515625
1 0.296875 0.553125 0.3015625 0.5578125 0.3015625 0.5671875 0.2984375 0.5703125 0.3015625 0.5890625 0.2984375 0.6 0.2984375 0.63125 0.2953125 0.6390625 0.296875 0.646875 0.2921875 0.6484375 0.290625 0.64375 0.290625 0.634375 0.29375 0.63125 0.2921875 0.6234375 0.2875 0.625 0.284375 0.6359375 0.2796875 0.640625 0.2796875 0.6328125 0.2828125 0.628125 0.2828125 0.621875 0.2875 0.609375 0.2859375 0.5984375 0.2875 0.575 0.2953125 0.5625 0.296875 0.5546875
1 0.1578125 0.5859375 0.159375 0.584375 0.159375 0.565625 0.1625 0.5625 0.1671875 0.5375 0.1703125 0.5359375 0.171875 0.54375 0.16875 0.565625 0.1671875 0.60625 0.1640625 0.609375 0.1625 0.61875 0.1640625 0.628125 0.1625 0.6296875 0.1578125 0.628125 0.159375 0.621875 0.15625 0.6171875 0.15 0.61875 0.15 0.6140625 0.1609375 0.6015625 0.159375 0.5875
1 0.634375 0.696875 0.625 0.6921875 0.625 0.684375 0.628125 0.68125 0.6296875 0.6703125 0.6265625 0.6671875 0.6265625 0.6625 0.6171875 0.64375 0.61875 0.628125 0.6265625 0.615625 0.6265625 0.609375 0.6296875 0.60625 0.6328125 0.6078125 0.6328125 0.61875 0.6375 0.6296875 0.6375 0.6421875 0.634375 0.6453125 0.6359375 0.6953125
1 0.0921875 0.659375 0.0953125 0.6484375 0.0984375 0.6453125 0.096875 0.63125 0.0984375 0.60625 0.10625 0.5921875 0.10625 0.5859375 0.1125 0.5828125 0.1125 0.6046875 0.109375 0.6125 0.1078125 0.628125 0.109375 0.646875 0.1046875 0.6703125 0.10625 0.6765625 0.1 0.6765625 0.1 0.66875 0.103125 0.665625 0.103125 0.653125 0.1015625 0.6515625 0.0953125 0.6578125 0.09375 0.6640625 0.09375 0.6609375
1 0.65625 0.4921875 0.6578125 0.4953125 0.65625 0.496875 0.6578125 0.5015625 0.65625 0.51875 0.665625 0.534375 0.6625 0.55625 0.659375 0.5609375 0.6578125 0.5625 0.6546875 0.559375 0.65625 0.5578125 0.65625 0.5421875 0.65 0.5375 0.646875 0.53125 0.6453125 0.51875 0.6515625 0.4953125 0.6546875 0.49375
1 0.775 0.6078125 0.7828125 0.634375 0.7796875 0.646875 0.7765625 0.65 0.7765625 0.6671875 0.775 0.66875 0.775 0.678125 0.778125 0.6875 0.7765625 0.69375 0.771875 0.6890625 0.7734375 0.6875 0.771875 0.6828125 0.7671875 0.678125 0.7640625 0.6796875 0.765625 0.66875 0.76875 0.665625 0.7671875 0.65 0.7640625 0.646875 0.759375 0.65 0.7640625 0.6296875 0.771875 0.61875 0.7734375 0.609375
1 0.5875 0.5265625 0.5890625 0.534375 0.5859375 0.5609375 0.590625 0.571875 0.590625 0.5765625 0.5875 0.578125 0.5890625 0.5921875 0.5859375 0.5953125 0.5828125 0.5921875 0.584375 0.5765625 0.58125 0.5734375 0.575 0.578125 0.571875 0.5890625 0.5703125 0.590625 0.56875 0.5875 0.5703125 0.578125 0.5734375 0.5734375 0.571875 0.55625 0.575 0.5421875 0.5859375 0.528125
1 0.340625 0.55 0.3421875 0.5484375 0.3390625 0.5375 0.3390625 0.528125 0.3453125 0.5140625 0.3515625 0.50625 0.3515625 0.5015625 0.3546875 0.5 0.35625 0.50625 0.35 0.5296875 0.35 0.5484375 0.3453125 0.578125 0.340625 0.5765625 0.3421875 0.5515625
1 0.2171875 0.5265625 0.221875 0.5265625 0.2203125 0.5546875 0.225 0.5609375 0.2203125 0.5671875 0.221875 0.584375 0.21875 0.5890625 0.2171875 0.5984375 0.215625 0.609375 0.2171875 0.6171875 0.215625 0.61875 0.2109375 0.615625 0.2125 0.6078125 0.2109375 0.603125 0.2015625 0.609375 0.203125 0.6015625 0.20625 0.5953125 0.209375 0.59375 0.2109375 0.5859375 0.209375 0.5796875 0.2109375 0.5453125 0.2140625 0.5421875 0.2171875 0.528125
1 0.203125 0.4828125 0.2078125 0.4828125 0.2078125 0.49375 0.2046875 0.5046875 0.20625 0.5421875 0.203125 0.54375 0.203125 0.534375 0.2 0.53125 0.1921875 0.5453125 0.1921875 0.5546875 0.1875 0.553125 0.1875 0.546875 0.190625 0.54375 0.19375 0.5296875 0.1921875 0.5078125 0.203125 0.484375