1 0.36875 0.4453125 0.371875 0.4625 0.3703125 0.5375 0.3734375 0.5453125 0.365625 0.54375 0.365625 0.5375 0.3625 0.53125 0.3578125 0.5421875 0.3546875 0.54375 0.353125 0.540625 0.353125 0.5328125 0.3625 0.515625 0.359375 0.5 0.359375 0.4640625 0.3640625 0.446875 0.3671875 0.4453125
1 0.45 0.4765625 0.4515625 0.4859375 0.4578125 0.5 0.4578125 0.5484375 0.45625 0.5515625 0.4609375 0.5796875 0.459375 0.5859375 0.446875 0.5859375 0.4484375 0.575 0.44375 0.559375 0.44375 0.540625 0.446875 0.5328125 0.446875 0.5234375 0.440625 0.509375 0.440625 0.5015625 0.4453125 0.4953125 0.4453125 0.478125 0.4484375 0.4765625
1 0.709375 0.5046875 0.7140625 0.5046875 0.7125 0.525 0.7140625 0.5328125 0.7203125 0.5375 0.7125 0.5453125 0.7140625 0.5640625 0.7109375 0.59375 0.7140625 0.5984375 0.7046875 0.596875 0.70625 0.5828125 0.703125 0.578125 0.6890625 0.575 0.6890625 0.5671875 0.6953125 0.5671875 0.6984375 0.5703125 0.7015625 0.5671875 0.7015625 0.534375 0.709375 0.50625
1 0.184375 0.4375 0.1890625 0.4375 0.190625 0.4671875 0.1875 0.475 0.1890625 0.5015625 0.1859375 0.515625 0.18125 0.525 0.18125 0.53125 0.1765625 0.5296875 0.178125 0.503125 0.1765625 0.5015625 0.1765625 0.4765625 0.1734375 0.465625 0.175 0.453125 0.1828125 0.4484375 0.184375 0.4390625
1 0.68125 0.4359375 0.6875 0.434375 0.69375 0.428125 0.6953125 0.41875 0.6984375 0.4171875 0.7 0.428125 0.7046875 0.4375 0.7046875 0.44375 0.709375 0.4515625 0.709375 0.4578125 0.703125 0.45625 0.7 0.4625 0.696875 0.50625 0.6953125 0.5140625 0.6921875 0.5140625 0.690625 0.5109375 0.690625 0.490625 0.6921875 0.4890625 0.690625 0.45 0.6890625 0.4453125 0.68125 0.4375
1 0.2296875 0.7625 0.2359375 0.725 0.2421875 0.71875 0.24375 0.7125 0.2484375 0.709375 0.2515625 0.7125 0.2515625 0.721875 0.2484375 0.7265625 0.246875 0.7359375 0.2453125 0.7734375 0.24375 0.775 0.24375 0.8203125 0.2484375 0.8265625 0.2484375 0.83125 0.2453125 0.8328125 0.2390625 0.8296875 0.2390625 0.8078125 0.2375 0.80625 0.2328125 0.8140625 0.2328125 0.821875 0.2359375 0.828125 0.234375 0.8296875 0.228125 0.828125 0.228125 0.8078125 0.23125 0.7984375 0.23125 0.7640625
1 0.4265625 0.825 0.4390625 0.8015625 0.4359375 0.784375 0.4359375 0.74375 0.4421875 0.73125 0.4421875 0.725 0.446875 0.721875 0.4484375 0.7234375 0.446875 0.83125 0.45 0.834375 0.45 0.8390625 0.44375 0.8390625 0.4421875 0.8359375 0.4421875 0.81875 0.4390625 0.8140625 0.434375 0.8234375 0.4296875 0.828125 0.428125 0.8265625
1 0.884375 0.5328125 0.884375 0.525 0.8890625 0.5171875 0.89375 0.5015625 0.8984375 0.4984375 0.9 0.4890625 0.903125 0.4859375 0.9046875 0.4859375 0.9046875 0.4984375 0.9109375 0.5109375 0.9109375 0.5203125 0.9078125 0.525 0.9078125 0.5546875 0.9046875 0.5640625 0.9046875 0.5734375 0.9015625 0.575 0.8984375 0.5734375 0.8953125 0.525 0.890625 0.5234375 0.8859375 0.5328125
1 0.6203125 0.4078125 0.6234375 0.409375 0.628125 0.4359375 0.634375 0.45 0.634375 0.45625 0.6328125 0.45625 0.628125 0.44375 0.6265625 0.4421875 0.6234375 0.446875 0.621875 0.4953125 0.6265625 0.5015625 0.6265625 0.509375 0.621875 0.50625 0.61875 0.490625 0.615625 0.4875 0.6125 0.49375 0.6125 0.5046875 0.609375 0.503125 0.609375 0.4875 0.6125 0.484375 0.6140625 0.4765625 0.6140625 0.4671875 0.609375 0.4515625 0.609375 0.4390625 0.6125 0.4265625 0.6171875 0.4203125 0.61875 0.409375
1 0.41875 0.5078125 0.4203125 0.509375 0.41875 0.5234375 0.4140625 0.528125 0.409375 0.5203125 0.4046875 0.5171875 0.4015625 0.5203125 0.3984375 0.5328125 0.3921875 0.5359375 0.371875 0.5359375 0.371875 0.528125 0.3765625 0.525 0.375 0.5140625 0.3796875 0.5125 0.3859375 0.51875 0.3921875 0.51875 0.4 0.5125 0.4046875 0.5125 0.4078125 0.5171875 0.4125 0.509375 0.4171875 0.5078125
1 0.4078125 0.559375 0.01640625 0.109375
2 0.8171875 0.5453125 0.8203125 0.5453125 0.81875 0.565625 0.8234375 0.5765625 0.8234375 0.584375 0.828125 0.5921875 0.828125 0.615625 0.825 0.6265625 0.825 0.64375 0.8296875 0.6578125 0.8296875 0.6703125 0.8328125 0.6765625 0.8328125 0.6828125 0.83125 0.684375 0.828125 0.6828125 0.8234375 0.65 0.821875 0.64375 0.8171875 0.6390625 0.8140625 0.6390625 0.809375 0.64375 0.803125 0.6734375 0.8 0.6796875 0.7984375 0.6765625 0.8015625 0.65 0.8046875 0.64375 0.8046875 0.6328125 0.809375 0.6171875 0.8109375 0.5796875 0.8171875 0.546875