0 0.4 0.2171875 0.4046875 0.21875 0.4046875 0.23125 0.4015625 0.2328125 0.3984375 0.228125 0.4 0.21875
1 0.7671875 0.3609375 0.015625 0.071875
1 0.55625 0.3515625 0.5609375 0.371875 0.5640625 0.4140625 0.5703125 0.4203125 0.5765625 0.421875 0.578125 0.4265625 0.5765625 0.428125 0.5671875 0.4265625 0.55625 0.415625 0.5515625 0.425 0.55 0.44375 0.5453125 0.4421875 0.553125 0.4015625 0.5515625 0.353125 0.5546875 0.3515625
1 0.684375 0.4984375 0.6859375 0.4921875 0.684375 0.4609375 0.6890625 0.4421875 0.6859375 0.4234375 0.6859375 0.3953125 0.6875 0.39375 0.6921875 0.3984375 0.6921875 0.4078125 0.6984375 0.41875 0.696875 0.43125 0.6984375 0.4578125 0.7109375 0.4796875 0.7109375 0.4859375 0.70625 0.484375 0.696875 0.4640625 0.690625 0.4609375 0.6890625 0.4625 0.690625 0.4953125 0.6890625 0.4984375 0.6859375 0.4984375
1 0.95625 0.3421875 0.9609375 0.34375 0.9625 0.35625 0.9671875 0.365625 0.9625 0.3828125 0.9625 0.3984375 0.9671875 0.4 0.96875 0.403125 0.96875 0.4078125 0.959375 0.4125 0.959375 0.4234375 0.9546875 0.421875 0.9515625 0.4 0.953125 0.3859375 0.9515625 0.3625 0.95625 0.3546875 0.95625 0.34375
1 0.6609375 0.3828125 0.665625 0.384375 0.6703125 0.4078125 0.6703125 0.4515625 0.6734375 0.4625 0.671875 0.4671875 0.66875 0.4671875 0.665625 0.4515625 0.6578125 0.446875 0.6578125 0.4234375 0.659375 0.421875 0.6578125 0.3984375 0.6609375 0.384375
1 0.1609375 0.4 0.1640625 0.4171875 0.1640625 0.434375 0.1671875 0.4421875 0.1609375 0.4484375 0.1546875 0.465625 0.1546875 0.471875 0.15 0.475 0.1484375 0.4796875 0.14375 0.4765625 0.1453125 0.446875 0.1390625 0.4421875 0.1375 0.4359375 0.140625 0.4296875 0.1421875 0.4140625 0.159375 0.4
1 0.815625 0.325 0.8203125 0.325 0.825 0.3375 0.825 0.35 0.81875 0.36875 0.821875 0.4 0.8203125 0.4015625 0.815625 0.4 0.8109375 0.403125 0.809375 0.4015625 0.8109375 0.3984375 0.809375 0.375 0.8125 0.359375 0.8125 0.3328125 0.815625 0.3265625
1 0.3375 0.47421875 0.02421875 0.0984375
1 0.834375 0.2640625 0.8375 0.2640625 0.840625 0.275 0.840625 0.2921875 0.84375 0.3 0.8453125 0.3171875 0.8484375 0.321875 0.8484375 0.328125 0.8375 0.3171875 0.834375 0.3234375 0.834375 0.3296875 0.83125 0.3296875 0.834375 0.265625
1 0.3515625 0.4046875 0.35625 0.4046875 0.35625 0.4140625 0.359375 0.425 0.3578125 0.4625 0.3640625 0.4671875 0.3640625 0.471875 0.3578125 0.471875 0.3515625 0.4765625 0.35 0.496875 0.3484375 0.4984375 0.34375 0.496875 0.35 0.4625 0.3484375 0.428125 0.3515625 0.4203125 0.3515625 0.40625
2 0.8515625 0.425 0.85625 0.425 0.85625 0.4359375 0.865625 0.453125 0.8671875 0.465625 0.8640625 0.484375 0.878125 0.5125 0.8765625 0.5203125 0.875 0.5203125 0.8625 0.49375 0.85625 0.4875 0.85 0.4875 0.8484375 0.496875 0.853125 0.5078125 0.853125 0.5140625 0.85 0.5171875 0.846875 0.515625 0.8484375 0.5078125 0.8421875 0.4953125 0.840625 0.4859375 0.85 0.4703125 0.85 0.4625 0.8453125 0.4609375 0.8453125 0.45625 0.85 0.4484375 0.85 0.428125 0.8515625 0.4265625
1 0.3796875 0.5171875 0.3828125 0.5203125 0.384375 0.5296875 0.3953125 0.5453125 0.3953125 0.5515625 0.390625 0.55625 0.390625 0.5875 0.396875 0.6 0.4 0.615625 0.403125 0.61875 0.403125 0.6265625 0.4 0.6296875 0.396875 0.628125 0.396875 0.6203125 0.390625 0.603125 0.3859375 0.5984375 0.3796875 0.5984375 0.3765625 0.5953125 0.3796875 0.5671875 0.3765625 0.5640625 0.371875 0.5671875 0.3703125 0.5625 0.3765625 0.5578125 0.375 0.5421875 0.378125 0.534375 0.3765625 0.5265625 0.3765625 0.51875 0.378125 0.51875