1 0.25625 0.5296875 0.2609375 0.5296875 0.265625 0.5359375 0.2703125 0.5359375 0.275 0.5703125 0.275 0.5796875 0.271875 0.5828125 0.271875 0.5953125 0.26875 0.5984375 0.265625 0.596875 0.2671875 0.5921875 0.259375 0.5609375 0.2546875 0.5546875 0.2546875 0.5328125 0.25625 0.53125
1 0.3542361111111111 0.5097916666666666 0.015069444444444446 0.08056712962962961
1 0.521875 0.646875 0.525 0.6484375 0.5265625 0.65625 0.53125 0.6625 0.5296875 0.69375 0.5109375 0.703125 0.5078125 0.7 0.5 0.6984375 0.496875 0.6921875 0.496875 0.6859375 0.503125 0.6890625 0.509375 0.6828125 0.521875 0.6484375
1 0.1078125 0.5921875 0.1125 0.59375 0.1125 0.6 0.1171875 0.6078125 0.1234375 0.6578125 0.121875 0.66875 0.1234375 0.6828125 0.1171875 0.684375 0.11875 0.6625 0.1140625 0.6578125 0.109375 0.6609375 0.1046875 0.684375 0.096875 0.684375 0.1015625 0.6734375 0.1015625 0.6671875 0.1046875 0.6640625 0.10625 0.65 0.10625 0.6296875 0.103125 0.625 0.0984375 0.625 0.1046875 0.6140625 0.1046875 0.6 0.1078125 0.59375
1 0.475 0.5703125 0.471875 0.5609375 0.471875 0.5234375 0.4734375 0.521875 0.471875 0.5203125 0.471875 0.5015625 0.4765625 0.484375 0.4796875 0.4859375 0.48125 0.4953125 0.4875 0.50625 0.4859375 0.5234375 0.4828125 0.5265625 0.48125 0.565625 0.4796875 0.5703125 0.4765625 0.5703125
1 0.1953125 0.55625 0.2 0.5546875 0.2015625 0.559375 0.20625 0.5625 0.209375 0.5734375 0.2078125 0.5953125 0.2046875 0.5984375 0.2078125 0.6296875 0.20625 0.6328125 0.2 0.63125 0.1984375 0.60625 0.1953125 0.596875 0.196875 0.5890625 0.190625 0.584375 0.190625 0.575 0.1953125 0.5578125
1 0.0671875 0.909375 0.071875 0.9125 0.0734375 0.928125 0.0765625 0.934375 0.075 0.996875 0.0625 0.9984375 0.0625 0.9515625 0.05625 0.9453125 0.05625 0.9328125 0.0609375 0.921875 0.0609375 0.915625 0.065625 0.9109375
1 0.1984375 0.4890625 0.2078125 0.5109375 0.209375 0.5234375 0.2078125 0.5296875 0.2140625 0.553125 0.2140625 0.5609375 0.209375 0.5625 0.209375 0.5484375 0.203125 0.540625 0.2 0.54375 0.2 0.553125 0.196875 0.55625 0.1953125 0.5546875 0.196875 0.490625
1 0.5515625 0.6109375 0.5546875 0.6109375 0.559375 0.6265625 0.559375 0.646875 0.55625 0.665625 0.5578125 0.7015625 0.5546875 0.7046875 0.5515625 0.703125 0.5515625 0.6875 0.5453125 0.6640625 0.55 0.6421875 0.55 0.6140625 0.5515625 0.6125
1 0.1723263888888889 0.8923263888888888 0.02227430555555556 0.12358217592592595
1 0.5796875 0.6421875 0.584375 0.6453125 0.584375 0.6515625 0.5890625 0.6625 0.5875 0.6953125 0.5921875 0.734375 0.5875 0.74375 0.584375 0.7359375 0.584375 0.7234375 0.5796875 0.7171875 0.5765625 0.7046875 0.575 0.6625 0.578125 0.6578125 0.5796875 0.64375
1 0.5734375 0.53125 0.58125 0.5484375 0.58125 0.5796875 0.5796875 0.59375 0.5765625 0.596875 0.575 0.6046875 0.571875 0.60625 0.56875 0.603125 0.5671875 0.59375 0.56875 0.5921875 0.56875 0.5609375 0.5640625 0.5546875 0.5640625 0.5484375 0.56875 0.54375 0.571875 0.5328125
1 0.6652951388888889 0.9238252314814815 0.03637152777777786 0.12524884259259253
2 0.2578125 0.7390625 0.25625 0.7375 0.2546875 0.6984375 0.2484375 0.6671875 0.25 0.6546875 0.2578125 0.6390625 0.259375 0.6375 0.2625 0.6390625 0.26875 0.6640625 0.265625 0.6921875 0.265625 0.7296875 0.259375 0.7375
1 0.43125 0.634375 0.43125 0.6421875 0.4375 0.6515625 0.4375 0.665625 0.4328125 0.684375 0.4328125 0.7 0.4359375 0.7078125 0.440625 0.709375 0.4390625 0.7203125 0.4328125 0.715625 0.4296875 0.7203125 0.425 0.7203125 0.4234375 0.7171875 0.4265625 0.7125 0.4234375 0.6640625 0.428125 0.6453125 0.4265625 0.6359375 0.4296875 0.634375
1 0.3859375 0.50625 0.3875 0.509375 0.3859375 0.5578125 0.3890625 0.584375 0.384375 0.5859375 0.38125 0.578125 0.378125 0.584375 0.378125 0.5921875 0.375 0.5921875 0.3765625 0.525 0.3796875 0.521875 0.38125 0.5078125 0.384375 0.50625
1 0.44375 0.53125 0.4453125 0.5453125 0.4390625 0.5734375 0.43125 0.571875 0.4296875 0.5640625 0.434375 0.5546875 0.434375 0.5359375 0.4421875 0.53125
1 0.18125 0.5921875 0.1890625 0.609375 0.196875 0.6203125 0.1984375 0.6453125 0.2046875 0.6609375 0.2015625 0.6671875 0.1984375 0.665625 0.2 0.6640625 0.1984375 0.6609375 0.1921875 0.6546875 0.184375 0.6515625 0.18125 0.6421875 0.18125 0.625 0.1734375 0.6171875 0.175 0.5953125 0.1796875 0.5921875
1 0.446875 0.5328125 0.45 0.5328125 0.4515625 0.5421875 0.45625 0.5484375 0.45625 0.553125 0.4609375 0.5625 0.4609375 0.571875 0.4578125 0.5703125 0.4546875 0.571875 0.4515625 0.5953125 0.453125 0.6171875 0.4515625 0.6203125 0.44375 0.621875 0.446875 0.590625 0.4421875 0.5703125 0.4421875 0.559375 0.446875 0.534375