1 0.7015625 0.6125 0.70625 0.6140625 0.70625 0.621875 0.7109375 0.628125 0.7125 0.6359375 0.7078125 0.675 0.709375 0.6921875 0.7078125 0.6984375 0.7046875 0.7 0.7 0.6984375 0.7 0.66875 0.696875 0.6390625 0.7015625 0.6234375 0.7015625 0.6140625
1 0.221875 0.6734375 0.221875 0.6828125 0.228125 0.6953125 0.2265625 0.7421875 0.221875 0.7765625 0.215625 0.765625 0.2140625 0.7265625 0.209375 0.7109375 0.2109375 0.6953125 0.2171875 0.684375 0.2171875 0.675 0.2203125 0.6734375
1 0.3828125 0.425 0.3859375 0.45625 0.3921875 0.4796875 0.390625 0.484375 0.3875 0.4703125 0.384375 0.465625 0.378125 0.4703125 0.3765625 0.475 0.3734375 0.475 0.3765625 0.46875 0.375 0.4375 0.378125 0.4265625 0.38125 0.425
1 0.496875 0.4125 0.5015625 0.415625 0.5046875 0.425 0.5046875 0.440625 0.50625 0.4421875 0.50625 0.4703125 0.503125 0.471875 0.496875 0.4140625
1 0.6328125 0.6609375 0.640625 0.6765625 0.6421875 0.684375 0.6359375 0.71875 0.6359375 0.75 0.6328125 0.7578125 0.6296875 0.75625 0.6265625 0.7046875 0.621875 0.6921875 0.6234375 0.675 0.628125 0.6625 0.63125 0.6609375
1 0.621875 0.8515625 0.625 0.825 0.628125 0.8171875 0.6265625 0.80625 0.6296875 0.8015625 0.6328125 0.803125 0.634375 0.8140625 0.64375 0.834375 0.64375 0.859375 0.640625 0.8546875 0.6375 0.8609375 0.6375 0.8828125 0.640625 0.8921875 0.6421875 0.9140625 0.6375 0.9171875 0.634375 0.915625 0.6375 0.9078125 0.6375 0.9 0.6359375 0.8890625 0.6328125 0.8859375 0.6296875 0.890625 0.6265625 0.90625 0.6234375 0.90625 0.6203125 0.9015625 0.6203125 0.896875 0.6265625 0.890625 0.628125 0.88125 0.628125 0.85 0.6265625 0.8484375 0.6234375 0.8515625
1 0.496875 0.4109375 0.4984375 0.44375 0.5015625 0.459375 0.5015625 0.4765625 0.4984375 0.48125 0.49375 0.4796875 0.4890625 0.4484375 0.490625 0.4171875 0.4921875 0.4125 0.4953125 0.4109375
1 0.5359375 0.53125 0.54375 0.5546875 0.5421875 0.575 0.55 0.603125 0.540625 0.5953125 0.5390625 0.5890625 0.534375 0.584375 0.5328125 0.56875 0.528125 0.5609375 0.53125 0.5359375 0.534375 0.5328125
1 0.55 0.5015625 0.5484375 0.4984375 0.55 0.4859375 0.553125 0.48125 0.5546875 0.471875 0.559375 0.4671875 0.565625 0.48125 0.565625 0.5171875 0.5734375 0.525 0.5640625 0.5328125 0.559375 0.5234375 0.55625 0.4953125 0.553125 0.4921875 0.55 0.5
1 0.40625 0.5375 0.415625 0.528125 0.415625 0.5390625 0.41875 0.5453125 0.41875 0.5609375 0.4203125 0.5625 0.4203125 0.571875 0.4171875 0.5765625 0.4171875 0.5984375 0.4140625 0.5984375 0.4109375 0.584375 0.4078125 0.596875 0.40625 0.5953125 0.4015625 0.5625 0.4015625 0.55 0.40625 0.5390625
1 0.521875 0.48125 0.528125 0.490625 0.528125 0.5109375 0.53125 0.5296875 0.53125 0.534375 0.528125 0.5359375 0.5265625 0.5265625 0.5203125 0.5234375 0.51875 0.5375 0.515625 0.5359375 0.5171875 0.490625 0.521875 0.4828125
1 0.9109375 0.815625 0.9140625 0.8203125 0.9140625 0.828125 0.9171875 0.8359375 0.9171875 0.878125 0.915625 0.8796875 0.9171875 0.9171875 0.9140625 0.91875 0.903125 0.9171875 0.9046875 0.9078125 0.9015625 0.89375 0.9015625 0.86875 0.90625 0.8578125 0.9078125 0.8171875 0.909375 0.8171875
1 0.03984375 0.69453125 0.01875 0.10546875
1 0.1359375 0.60625 0.1375 0.6171875 0.1421875 0.6265625 0.1421875 0.6375 0.1390625 0.6453125 0.1390625 0.678125 0.1375 0.6796875 0.1390625 0.6890625 0.1359375 0.7109375 0.134375 0.7109375 0.134375 0.7 0.13125 0.6890625 0.128125 0.65 0.125 0.640625 0.125 0.6265625 0.1296875 0.6171875 0.13125 0.6078125 0.134375 0.60625
1 0.51875 0.415625 0.521875 0.41875 0.521875 0.4234375 0.5265625 0.4328125 0.5296875 0.4578125 0.534375 0.4703125 0.5328125 0.478125 0.53125 0.4734375 0.521875 0.4671875 0.5203125 0.4421875 0.515625 0.434375 0.51875 0.4171875
1 0.478125 0.9375 0.484375 0.9375 0.4859375 0.9484375 0.490625 0.9515625 0.4953125 0.9640625 0.4953125 0.9828125 0.4921875 0.9984375 0.48125 0.9984375 0.4796875 0.990625 0.4765625 0.9875 0.4734375 0.9921875 0.4703125 0.990625 0.475 0.971875 0.475 0.9578125 0.478125 0.953125 0.478125 0.9390625
1 0.66875 0.4546875 0.6796875 0.4625 0.6828125 0.4671875 0.6828125 0.4765625 0.678125 0.484375 0.6765625 0.5078125 0.671875 0.509375 0.6703125 0.50625 0.6671875 0.45625
1 0.84375 0.85 0.85 0.8515625 0.85 0.859375 0.8546875 0.8625 0.8625 0.878125 0.8625 0.884375 0.8578125 0.890625 0.85625 0.925 0.865625 0.953125 0.865625 0.9671875 0.8640625 0.9671875 0.8578125 0.946875 0.853125 0.9421875 0.8484375 0.9546875 0.8453125 0.9484375 0.84375 0.9359375 0.8453125 0.9015625 0.8359375 0.890625 0.84375 0.8640625 0.84375 0.8515625
1 0.259375 0.3890625 0.2625 0.3984375 0.2625 0.4171875 0.259375 0.425 0.2609375 0.4484375 0.25625 0.4484375 0.2546875 0.4296875 0.25 0.421875 0.2484375 0.4140625 0.2515625 0.4 0.2578125 0.390625
2 0.2171875 0.51875 0.2203125 0.51875 0.2234375 0.5359375 0.221875 0.603125 0.2203125 0.6046875 0.2171875 0.603125 0.2140625 0.55 0.2125 0.5484375 0.2125 0.534375 0.2171875 0.5203125