0 0.2921875 0.5375 0.296875 0.534375 0.3 0.5390625 0.2984375 0.54375 0.29375 0.54375 0.29375 0.5390625
1 0.2953125 0.4859375 0.3046875 0.4875 0.3078125 0.490625 0.3078125 0.49375 0.3 0.49375 0.296875 0.496875 0.296875 0.50625 0.3015625 0.5140625 0.303125 0.534375 0.30625 0.5359375 0.30625 0.54375 0.29375 0.5421875 0.2921875 0.521875 0.2890625 0.51875 0.284375 0.5203125 0.28125 0.5265625 0.2796875 0.525 0.2859375 0.4953125 0.29375 0.4875
1 0.2484375 0.7375 0.2515625 0.75 0.259375 0.765625 0.2546875 0.778125 0.2546875 0.8015625 0.2578125 0.825 0.2546875 0.825 0.253125 0.8140625 0.25 0.8125 0.2375 0.8359375 0.2375 0.825 0.240625 0.821875 0.2421875 0.8125 0.2453125 0.8078125 0.2453125 0.7859375 0.24375 0.7765625 0.2390625 0.7703125 0.2390625 0.7640625 0.246875 0.7390625
1 0.3546875 0.5265625 0.3609375 0.5046875 0.359375 0.4796875 0.3625 0.471875 0.3625 0.459375 0.365625 0.4578125 0.375 0.46875 0.3765625 0.4796875 0.375 0.4921875 0.3640625 0.528125 0.35625 0.528125
1 0.5484375 0.6203125 0.55 0.6109375 0.5546875 0.6046875 0.5546875 0.6 0.5609375 0.5859375 0.5609375 0.575 0.5640625 0.5734375 0.571875 0.59375 0.5765625 0.6 0.571875 0.6046875 0.571875 0.625 0.575 0.63125 0.575 0.6390625 0.578125 0.6421875 0.578125 0.65 0.56875 0.64375 0.5609375 0.6515625 0.559375 0.65625 0.5578125 0.64375 0.565625 0.6359375 0.565625 0.628125 0.5609375 0.61875 0.5609375 0.6109375 0.5578125 0.6078125 0.5484375 0.621875
1 0.28125 0.43125 0.2828125 0.4328125 0.2859375 0.4828125 0.2890625 0.4859375 0.284375 0.4984375 0.28125 0.48125 0.278125 0.478125 0.2671875 0.475 0.271875 0.4671875 0.2734375 0.4421875 0.2765625 0.4328125 0.2796875 0.43125
1 0.6203125 0.4625 0.6265625 0.4640625 0.63125 0.46875 0.6375 0.48125 0.6375 0.4859375 0.6328125 0.4953125 0.6328125 0.515625 0.63125 0.515625 0.6234375 0.5078125 0.625 0.4953125 0.6234375 0.49375 0.6234375 0.4765625 0.61875 0.465625 0.6203125 0.4640625
1 0.2765625 0.625 0.2796875 0.625 0.2796875 0.634375 0.284375 0.64375 0.2859375 0.653125 0.290625 0.65625 0.2859375 0.6625 0.2875 0.6875 0.2828125 0.6984375 0.2828125 0.709375 0.2796875 0.7109375 0.2765625 0.7078125 0.275 0.6625 0.2703125 0.6515625 0.271875 0.6453125 0.2703125 0.6421875 0.2765625 0.6328125 0.2765625 0.6265625
1 0.4125 0.5234375 0.415625 0.51875 0.41875 0.4984375 0.421875 0.496875 0.4328125 0.5140625 0.4328125 0.51875 0.4296875 0.5234375 0.4328125 0.56875 0.43125 0.5703125 0.428125 0.565625 0.4265625 0.5671875 0.4234375 0.565625 0.425 0.55 0.421875 0.5359375 0.41875 0.528125 0.4140625 0.525
1 0.3296875 0.4859375 0.3328125 0.4859375 0.3328125 0.490625 0.3390625 0.4984375 0.3390625 0.503125 0.3359375 0.5078125 0.346875 0.5453125 0.346875 0.5484375 0.34375 0.55 0.3421875 0.5390625 0.3375 0.534375 0.334375 0.5453125 0.33125 0.5453125 0.325 0.5046875 0.3296875 0.4875
2 0.1671875 0.534375 0.16875 0.5421875 0.1734375 0.546875 0.1765625 0.5609375 0.1734375 0.5703125 0.1734375 0.5921875 0.1765625 0.596875 0.178125 0.609375 0.1765625 0.61875 0.1734375 0.603125 0.16875 0.596875 0.1609375 0.6109375 0.159375 0.621875 0.1578125 0.6234375 0.15625 0.621875 0.1578125 0.6078125 0.1640625 0.590625 0.1640625 0.575 0.1578125 0.565625 0.1578125 0.5546875 0.165625 0.5359375