1 0.49109953703703707 0.48232638888888885 0.013136574074074047 0.08603009259259257
1 0.5982870370370371 0.608101851851852 0.02020833333333334 0.09155092592592587
1 0.5359375 0.559375 0.5375 0.5453125 0.5359375 0.4984375 0.540625 0.49375 0.54375 0.4828125 0.5453125 0.4828125 0.5453125 0.490625 0.55 0.503125 0.546875 0.5171875 0.55 0.559375 0.546875 0.55625 0.546875 0.5484375 0.5421875 0.540625 0.5390625 0.5453125 0.5375 0.559375
1 0.5890625 0.5875 0.5828125 0.571875 0.5796875 0.5765625 0.5796875 0.590625 0.5765625 0.584375 0.575 0.5296875 0.578125 0.5125 0.58125 0.5109375 0.58125 0.51875 0.5859375 0.5234375 0.5859375 0.5671875 0.5890625 0.5703125 0.590625 0.5859375
1 0.06875 0.78125 0.075 0.7828125 0.075 0.8078125 0.0765625 0.8125 0.0828125 0.815625 0.0828125 0.821875 0.078125 0.828125 0.08125 0.85 0.0796875 0.8703125 0.078125 0.871875 0.0671875 0.8703125 0.0703125 0.865625 0.0703125 0.8515625 0.0671875 0.8390625 0.06875 0.7828125
1 0.040625 0.5296875 0.0453125 0.5046875 0.0484375 0.5015625 0.0515625 0.503125 0.0515625 0.5234375 0.05625 0.55 0.0578125 0.5828125 0.0609375 0.5875 0.059375 0.5921875 0.05625 0.5921875 0.053125 0.5875 0.053125 0.58125 0.05 0.5796875 0.04375 0.590625 0.0421875 0.5796875 0.0453125 0.5734375 0.0453125 0.5578125 0.0421875 0.53125
1 0.1578125 0.6234375 0.1625 0.6421875 0.1609375 0.6484375 0.1609375 0.671875 0.1625 0.6734375 0.1609375 0.7140625 0.165625 0.7265625 0.1578125 0.7265625 0.1546875 0.7046875 0.15 0.7078125 0.146875 0.7203125 0.14375 0.71875 0.14375 0.7078125 0.1484375 0.6921875 0.146875 0.6671875 0.14375 0.653125 0.146875 0.640625 0.153125 0.6328125 0.153125 0.625 0.15625 0.6234375
1 0.6109375 0.6921875 0.6171875 0.68125 0.6171875 0.671875 0.6203125 0.66875 0.621875 0.6546875 0.625 0.653125 0.6296875 0.6640625 0.63125 0.69375 0.625 0.715625 0.6328125 0.73125 0.6296875 0.7375 0.61875 0.7359375 0.6203125 0.7328125 0.61875 0.71875 0.6203125 0.6921875 0.6171875 0.6890625 0.6125 0.6921875
1 0.2515625 0.5546875 0.2546875 0.55625 0.2546875 0.5671875 0.2625 0.590625 0.2640625 0.646875 0.2671875 0.65 0.2671875 0.6546875 0.2609375 0.653125 0.259375 0.640625 0.253125 0.6484375 0.25 0.646875 0.2578125 0.625 0.25625 0.6125 0.253125 0.6078125 0.253125 0.6015625 0.2453125 0.5796875 0.2453125 0.565625 0.2515625 0.55625
1 0.3765625 0.571875 0.378125 0.578125 0.3875 0.5890625 0.3875 0.60625 0.384375 0.6234375 0.3875 0.634375 0.3875 0.6453125 0.3796875 0.64375 0.375 0.625 0.375 0.6140625 0.3671875 0.59375 0.371875 0.5828125 0.371875 0.5734375 0.375 0.571875
2 0.2421875 0.5640625 0.2421875 0.5515625 0.2390625 0.5484375 0.2359375 0.553125 0.234375 0.5703125 0.2328125 0.5703125 0.234375 0.5296875 0.23125 0.521875 0.234375 0.4984375 0.2375 0.49375 0.2375 0.4890625 0.2390625 0.4875 0.2421875 0.4890625 0.24375 0.5 0.24375 0.5203125 0.2421875 0.521875 0.2453125 0.5359375 0.2453125 0.5625 0.2421875 0.565625
1 0.1203125 0.815625 0.1203125 0.7984375 0.1234375 0.7828125 0.115625 0.73125 0.1203125 0.7140625 0.1234375 0.7109375 0.125 0.7109375 0.1265625 0.728125 0.13125 0.7375 0.13125 0.7546875 0.1359375 0.7671875 0.1375 0.79375 0.14375 0.8109375 0.14375 0.8171875 0.1390625 0.8171875 0.1328125 0.7953125 0.1296875 0.7921875 0.1265625 0.79375 0.121875 0.815625
1 0.48125 0.58125 0.4828125 0.584375 0.4828125 0.6171875 0.4796875 0.6203125 0.459375 0.6203125 0.4578125 0.621875 0.4515625 0.621875 0.4484375 0.6171875 0.4515625 0.6125 0.45625 0.6125 0.46875 0.6 0.4796875 0.5828125
1 0.0875 0.3625 0.090625 0.3625 0.0921875 0.365625 0.0953125 0.3828125 0.09375 0.43125 0.0921875 0.434375 0.0890625 0.434375 0.0875 0.409375 0.084375 0.3984375 0.084375 0.371875 0.0875 0.3640625
1 0.4375 0.5453125 0.44375 0.55625 0.446875 0.56875 0.45 0.6140625 0.440625 0.61875 0.4390625 0.6171875 0.4375 0.5828125 0.4328125 0.56875 0.434375 0.546875 0.4359375 0.546875
1 0.5625 0.421875 0.565625 0.425 0.5671875 0.4328125 0.571875 0.48125 0.575 0.49375 0.575 0.50625 0.56875 0.5078125 0.565625 0.50625 0.565625 0.4859375 0.559375 0.459375 0.5625 0.4234375
1 0.6151388888888889 0.5626620370370371 0.01705439814814813 0.08762152777777779
1 0.5046875 0.4890625 0.5 0.484375 0.5 0.478125 0.5078125 0.4703125 0.5078125 0.4390625 0.5125 0.428125 0.5171875 0.425 0.5203125 0.4296875 0.5203125 0.4484375 0.5234375 0.4546875 0.5234375 0.4578125 0.5171875 0.4625 0.51875 0.4859375 0.521875 0.490625 0.521875 0.4953125 0.5171875 0.49375 0.515625 0.4828125 0.5125 0.478125 0.5078125 0.48125 0.5046875 0.4875
1 0.6953125 0.4 0.70625 0.4109375 0.709375 0.41875 0.7109375 0.428125 0.709375 0.440625 0.7125 0.4515625 0.7125 0.465625 0.709375 0.465625 0.6984375 0.44375 0.6984375 0.425 0.690625 0.41875 0.6953125 0.4015625