0 0.4734375 0.403125 0.478125 0.403125 0.48125 0.4078125 0.48125 0.4140625 0.478125 0.415625 0.4734375 0.4109375 0.471875 0.40625 0.4734375 0.4046875
1 0.6828125 0.359375 0.6875 0.3734375 0.6890625 0.4265625 0.68125 0.41875 0.678125 0.4328125 0.675 0.4328125 0.6765625 0.3859375 0.6796875 0.3796875 0.68125 0.3609375
1 0.471875 0.5875 0.4765625 0.6078125 0.4765625 0.634375 0.4734375 0.640625 0.4703125 0.6859375 0.4671875 0.6875 0.4640625 0.684375 0.465625 0.6421875 0.4625 0.6171875 0.465625 0.6 0.46875 0.596875 0.4703125 0.5890625
1 0.55 0.46875 0.546875 0.4640625 0.5546875 0.3953125 0.55625 0.39375 0.559375 0.3953125 0.5640625 0.4125 0.5625 0.4453125 0.5703125 0.4609375 0.5703125 0.46875 0.5671875 0.46875 0.5671875 0.4625 0.5546875 0.446875 0.5515625 0.453125 0.5515625 0.4671875
1 0.6046875 0.60625 0.6140625 0.6171875 0.6140625 0.634375 0.6203125 0.64375 0.615625 0.6515625 0.6140625 0.659375 0.6171875 0.671875 0.615625 0.6921875 0.6125 0.6921875 0.6125 0.671875 0.603125 0.6359375 0.5953125 0.625 0.5828125 0.6203125 0.5828125 0.615625 0.590625 0.61875 0.5984375 0.61875 0.603125 0.6125 0.603125 0.6078125
1 0.5541608796296297 0.5012326388888889 0.014722222222222215 0.08927083333333333
1 0.503125 0.553125 0.5125 0.5578125 0.5140625 0.565625 0.5203125 0.5765625 0.5203125 0.6015625 0.53125 0.6125 0.53125 0.621875 0.528125 0.621875 0.5265625 0.6171875 0.5140625 0.60625 0.5125 0.6171875 0.5109375 0.61875 0.50625 0.6171875 0.509375 0.60625 0.509375 0.5859375 0.503125 0.565625 0.503125 0.5546875
1 0.621875 0.553125 0.625 0.5546875 0.6265625 0.559375 0.6296875 0.590625 0.6265625 0.6046875 0.6203125 0.615625 0.625 0.625 0.628125 0.6390625 0.621875 0.640625 0.6109375 0.6125 0.61875 0.5890625 0.6203125 0.55625 0.621875 0.5546875
1 0.5984375 0.4109375 0.6046875 0.421875 0.6046875 0.4421875 0.5984375 0.459375 0.5984375 0.4890625 0.59375 0.49375 0.5921875 0.4921875 0.5921875 0.471875 0.590625 0.4703125 0.59375 0.421875 0.5984375 0.4125
1 0.640625 0.353125 0.646875 0.3546875 0.6484375 0.359375 0.6484375 0.378125 0.65 0.3796875 0.6484375 0.3953125 0.6546875 0.40625 0.6546875 0.4125 0.653125 0.4125 0.64375 0.4015625 0.640625 0.4046875 0.6375 0.4203125 0.6328125 0.4203125 0.6375 0.403125 0.6375 0.3859375 0.6390625 0.384375 0.6359375 0.3703125 0.640625 0.3546875
1 0.3390625 0.4390625 0.3390625 0.428125 0.3421875 0.4203125 0.340625 0.3921875 0.3484375 0.375 0.353125 0.3796875 0.3578125 0.39375 0.3625 0.434375 0.359375 0.4328125 0.35625 0.41875 0.35 0.415625 0.346875 0.41875 0.340625 0.4390625
1 0.2765625 0.75625 0.2765625 0.7671875 0.2828125 0.7828125 0.2828125 0.80625 0.2796875 0.8109375 0.2796875 0.821875 0.2765625 0.8296875 0.275 0.859375 0.2703125 0.8640625 0.2671875 0.8609375 0.2671875 0.8453125 0.2640625 0.8296875 0.265625 0.815625 0.2609375 0.809375 0.2609375 0.8046875 0.265625 0.778125 0.2703125 0.7703125 0.271875 0.7578125 0.275 0.75625
1 0.8828125 0.4625 0.8859375 0.4671875 0.8890625 0.4859375 0.8890625 0.5390625 0.890625 0.540625 0.8890625 0.55 0.884375 0.55 0.8828125 0.534375 0.878125 0.5375 0.875 0.5484375 0.86875 0.546875 0.8765625 0.53125 0.8765625 0.5078125 0.8796875 0.4984375 0.8796875 0.4671875 0.88125 0.4640625
1 0.51875 0.390625 0.5265625 0.4 0.5296875 0.3953125 0.53125 0.3984375 0.53125 0.4046875 0.5359375 0.415625 0.5328125 0.4203125 0.5328125 0.4375 0.5390625 0.446875 0.5375 0.4546875 0.5359375 0.45625 0.528125 0.45 0.525 0.45 0.521875 0.4546875 0.5203125 0.4640625 0.51875 0.465625 0.515625 0.4640625 0.51875 0.4453125 0.5171875 0.440625 0.51875 0.425 0.515625 0.4171875 0.5171875 0.3921875
1 0.5047974537037037 0.5200347222222221 0.024056712962963012 0.08394097222222223
1 0.49375 0.4078125 0.4984375 0.4078125 0.5046875 0.421875 0.5046875 0.4625 0.50625 0.4640625 0.5046875 0.4734375 0.5015625 0.4578125 0.4953125 0.4484375 0.490625 0.453125 0.4875 0.46875 0.484375 0.471875 0.4828125 0.4703125 0.4875 0.45 0.4890625 0.421875 0.49375 0.409375
1 0.64375 0.3296875 0.6453125 0.3296875 0.6484375 0.340625 0.6484375 0.359375 0.646875 0.3609375 0.64375 0.35625 0.640625 0.3578125 0.6390625 0.35625 0.640625 0.3375 0.64375 0.33125
1 0.7265625 0.2890625 0.7296875 0.290625 0.7296875 0.2984375 0.7328125 0.30625 0.7328125 0.3328125 0.7421875 0.3359375 0.740625 0.3421875 0.734375 0.3375 0.73125 0.340625 0.7265625 0.340625 0.725 0.3421875 0.725 0.3578125 0.7203125 0.3578125 0.7203125 0.340625 0.721875 0.325 0.725 0.321875 0.7265625 0.290625
2 0.75625 0.5140625 0.765625 0.5265625 0.76875 0.5390625 0.7671875 0.5578125 0.7625 0.571875 0.7625 0.578125 0.76875 0.596875 0.765625 0.596875 0.7609375 0.590625 0.759375 0.596875 0.7546875 0.596875 0.75625 0.590625 0.7546875 0.5625 0.7578125 0.553125 0.7578125 0.5296875 0.7546875 0.5234375 0.7546875 0.515625