0 0.6703125 0.4890625 0.675 0.4890625 0.678125 0.4921875 0.678125 0.4984375 0.671875 0.503125 0.66875 0.4984375 0.6703125 0.490625
1 0.6578125 0.4359375 0.6609375 0.428125 0.6671875 0.4234375 0.66875 0.415625 0.6703125 0.4140625 0.6734375 0.415625 0.671875 0.440625 0.6796875 0.4625 0.6765625 0.48125 0.678125 0.490625 0.671875 0.4890625 0.671875 0.471875 0.6640625 0.4625 0.6640625 0.4453125 0.659375 0.4359375
1 0.521875 0.3484375 0.525 0.3484375 0.5265625 0.3625 0.5265625 0.3796875 0.5234375 0.3921875 0.525 0.4109375 0.5171875 0.4203125 0.51875 0.434375 0.515625 0.4359375 0.5109375 0.43125 0.5109375 0.415625 0.515625 0.4078125 0.5140625 0.3796875 0.521875 0.35
1 0.61953125 0.603125 0.0265625 0.13046875
1 0.49375 0.4171875 0.4953125 0.428125 0.4921875 0.4375 0.4921875 0.446875 0.4984375 0.453125 0.5 0.459375 0.490625 0.4546875 0.4890625 0.45625 0.4875 0.4609375 0.4890625 0.478125 0.4796875 0.490625 0.4765625 0.5015625 0.471875 0.5 0.471875 0.49375 0.4796875 0.4765625 0.478125 0.45 0.48125 0.4375 0.4875 0.4265625 0.4875 0.421875 0.4921875 0.4171875
1 0.70625 0.4375 0.7125 0.4390625 0.71875 0.45 0.7171875 0.4984375 0.7203125 0.5234375 0.71875 0.53125 0.7140625 0.534375 0.709375 0.534375 0.7109375 0.5203125 0.70625 0.5078125 0.7046875 0.4703125 0.7015625 0.4671875 0.7 0.459375 0.7 0.4515625 0.70625 0.4390625
1 0.8 0.4875 0.803125 0.4859375 0.80625 0.4875 0.8078125 0.5015625 0.8140625 0.5125 0.8140625 0.5265625 0.809375 0.5375 0.8109375 0.5859375 0.8140625 0.5953125 0.8109375 0.596875 0.8078125 0.5921875 0.80625 0.565625 0.8046875 0.5609375 0.8 0.559375 0.7953125 0.5671875 0.79375 0.5984375 0.790625 0.5984375 0.790625 0.565625 0.7953125 0.5390625 0.7921875 0.5140625 0.8 0.5 0.8 0.4890625
1 0.4109375 0.290625 0.4140625 0.3015625 0.4140625 0.3125 0.4109375 0.321875 0.4109375 0.3546875 0.4125 0.35625 0.4109375 0.36875 0.40625 0.3515625 0.4015625 0.3546875 0.4015625 0.3578125 0.396875 0.3625 0.403125 0.3375 0.4015625 0.3078125 0.40625 0.2921875 0.409375 0.290625
1 0.7203125 0.425 0.7234375 0.4265625 0.7234375 0.4328125 0.7078125 0.434375 0.7 0.45 0.7 0.4671875 0.690625 0.4671875 0.6796875 0.4796875 0.678125 0.4890625 0.6734375 0.4859375 0.678125 0.4703125 0.68125 0.4671875 0.68125 0.4625 0.6890625 0.45625 0.6921875 0.4484375 0.690625 0.4375 0.6921875 0.4171875 0.6953125 0.415625 0.703125 0.425 0.71875 0.425
1 0.28125 0.28125 0.2875 0.3296875 0.2875 0.3453125 0.2859375 0.346875 0.28125 0.3234375 0.2765625 0.325 0.2703125 0.3390625 0.26875 0.340625 0.2671875 0.3375 0.26875 0.3296875 0.275 0.321875 0.275 0.303125 0.2765625 0.3015625 0.275 0.2875 0.2765625 0.2828125 0.2796875 0.28125
1 0.421875 0.46875 0.421875 0.465625 0.4140625 0.4609375 0.4140625 0.4515625 0.4234375 0.440625 0.425 0.4328125 0.428125 0.4296875 0.43125 0.43125 0.4296875 0.4421875 0.4234375 0.45 0.421875 0.4671875
1 0.2203125 0.3984375 0.2203125 0.4140625 0.2234375 0.4203125 0.2203125 0.4359375 0.221875 0.4671875 0.2203125 0.4734375 0.2171875 0.475 0.2171875 0.4890625 0.2109375 0.4859375 0.2078125 0.4921875 0.2046875 0.4890625 0.20625 0.4734375 0.2109375 0.4625 0.2109375 0.440625 0.2078125 0.4359375 0.2078125 0.421875 0.209375 0.4140625 0.2125 0.4109375 0.2140625 0.3984375 0.215625 0.396875 0.21875 0.3984375
1 0.0734375 0.546875 0.08125 0.53125 0.0828125 0.515625 0.0859375 0.5125 0.0890625 0.5140625 0.0890625 0.5453125 0.0921875 0.55 0.096875 0.55 0.096875 0.5546875 0.0890625 0.5625 0.0890625 0.571875 0.0953125 0.5875 0.0953125 0.6046875 0.0921875 0.6203125 0.09375 0.63125 0.090625 0.63125 0.0875 0.6265625 0.0890625 0.5953125 0.084375 0.59375 0.0671875 0.61875 0.0640625 0.6328125 0.0625 0.6328125 0.0609375 0.61875 0.075 0.5953125 0.078125 0.5796875 0.0796875 0.5578125 0.075 0.5484375
1 0.975 0.6453125 0.9796875 0.6546875 0.98125 0.66875 0.9765625 0.675 0.975 0.7015625 0.9703125 0.728125 0.9734375 0.75625 0.96875 0.7578125 0.9625 0.75625 0.9640625 0.7171875 0.9609375 0.7109375 0.9578125 0.6890625 0.953125 0.6859375 0.953125 0.6625 0.9546875 0.6515625 0.9609375 0.6421875 0.9609375 0.6265625 0.9625 0.625 0.9671875 0.625 0.96875 0.6296875 0.9671875 0.6375 0.9734375 0.6453125
1 0.209375 0.3171875 0.2140625 0.3375 0.2125 0.35 0.2140625 0.378125 0.209375 0.3875 0.2078125 0.396875 0.2015625 0.3984375 0.20625 0.3828125 0.20625 0.3625 0.2015625 0.3484375 0.2015625 0.3359375 0.20625 0.325 0.20625 0.31875 0.2078125 0.31875
1 0.45625 0.4125 0.4609375 0.4515625 0.4640625 0.459375 0.45625 0.4640625 0.4578125 0.4703125 0.4546875 0.4921875 0.45625 0.5109375 0.4515625 0.5109375 0.4515625 0.503125 0.446875 0.490625 0.446875 0.4703125 0.4453125 0.46875 0.4453125 0.434375 0.453125 0.421875 0.453125 0.4140625 0.4546875 0.4140625
1 0.1328125 0.4984375 0.13125 0.4859375 0.1390625 0.4734375 0.1421875 0.4625 0.140625 0.4328125 0.1375 0.428125 0.1375 0.421875 0.1453125 0.4078125 0.146875 0.3984375 0.153125 0.4 0.1515625 0.4125 0.1546875 0.43125 0.1515625 0.4359375 0.15 0.4484375 0.15 0.471875 0.1515625 0.484375 0.15625 0.49375 0.1546875 0.4953125 0.1484375 0.49375 0.1484375 0.48125 0.14375 0.4734375 0.1359375 0.4875 0.134375 0.4984375
1 0.4390625 0.43125 0.440625 0.4328125 0.4390625 0.434375 0.4390625 0.4578125 0.434375 0.4640625 0.434375 0.4703125 0.4375 0.475 0.4375 0.51875 0.4390625 0.5203125 0.4375 0.5328125 0.440625 0.5390625 0.440625 0.5453125 0.434375 0.5453125 0.4328125 0.5390625 0.434375 0.525 0.43125 0.51875 0.4265625 0.5265625 0.425 0.5453125 0.421875 0.5421875 0.421875 0.5328125 0.425 0.5234375 0.425 0.5046875 0.421875 0.5015625 0.4125 0.5109375 0.4109375 0.5171875 0.4078125 0.515625 0.409375 0.5078125 0.421875 0.490625 0.421875 0.46875 0.415625 0.459375 0.415625 0.453125 0.425 0.440625 0.425 0.434375 0.428125 0.43125 0.4328125 0.4375 0.4359375 0.4375 0.4375 0.4328125
1 0.6890625 0.196875 0.6921875 0.1984375 0.69375 0.20625 0.69375 0.240625 0.6921875 0.2421875 0.684375 0.240625 0.684375 0.2171875 0.6828125 0.215625 0.6890625 0.1984375
2 0.228125 0.3640625 0.2296875 0.365625 0.2296875 0.38125 0.228125 0.3828125 0.2296875 0.3953125 0.225 0.4078125 0.228125 0.41875 0.228125 0.4390625 0.2296875 0.4453125 0.2328125 0.446875 0.2328125 0.45 0.2296875 0.4515625 0.2265625 0.4515625 0.225 0.446875 0.225 0.4359375 0.221875 0.428125 0.221875 0.4125 0.2203125 0.4109375 0.221875 0.4046875 0.2171875 0.3984375 0.2140625 0.4015625 0.2140625 0.409375 0.2125 0.409375 0.2125 0.4015625 0.209375 0.3984375 0.2140625 0.38125 0.221875 0.3734375 0.2234375 0.365625 0.2265625 0.3640625