2 0.2890625 0.5734375 0.2890625 0.5609375 0.2859375 0.5578125 0.284375 0.5359375 0.2859375 0.525 0.2921875 0.5125 0.2953125 0.5140625 0.2953125 0.5359375 0.290625 0.5734375
0 0.4453125 0.465625 0.44375 0.459375 0.446875 0.4578125 0.4484375 0.4609375 0.446875 0.4640625
1 0.234375 0.8828125 0.234375 0.875 0.2375 0.871875 0.24375 0.871875 0.2484375 0.8671875 0.2515625 0.8546875 0.2515625 0.840625 0.2609375 0.8125 0.2640625 0.8140625 0.2625 0.8546875 0.26875 0.8765625 0.26875 0.884375 0.271875 0.890625 0.26875 0.89375 0.265625 0.8921875 0.2640625 0.878125 0.259375 0.8703125 0.2546875 0.8703125 0.2484375 0.8796875 0.2421875 0.8796875 0.2375 0.884375 0.2359375 0.8828125
1 0.5921875 0.4375 0.5953125 0.4390625 0.6 0.459375 0.5953125 0.4625 0.59375 0.4671875 0.59375 0.48125 0.5875 0.4953125 0.5875 0.5015625 0.5828125 0.5 0.584375 0.496875 0.5828125 0.4796875 0.5859375 0.4734375 0.5859375 0.45 0.5921875 0.4390625
1 0.40625 0.4484375 0.415625 0.44375 0.415625 0.421875 0.41875 0.4140625 0.4234375 0.4109375 0.425 0.4125 0.425 0.4421875 0.428125 0.45 0.428125 0.4609375 0.425 0.4609375 0.425 0.4546875 0.421875 0.45 0.4140625 0.4546875 0.4078125 0.4546875 0.40625 0.45
1 0.3828125 0.49375 0.384375 0.4953125 0.384375 0.5140625 0.3875 0.5203125 0.3828125 0.525 0.3796875 0.5609375 0.3734375 0.559375 0.3765625 0.54375 0.371875 0.5375 0.3765625 0.5234375 0.3765625 0.5046875 0.38125 0.4953125
1 0.175 0.5546875 0.178125 0.5546875 0.1796875 0.5578125 0.1796875 0.590625 0.1828125 0.6046875 0.175 0.6140625 0.16875 0.628125 0.1671875 0.6296875 0.1640625 0.628125 0.1640625 0.6203125 0.16875 0.6078125 0.171875 0.5640625 0.175 0.55625
1 0.1921875 0.6 0.1953125 0.603125 0.196875 0.6140625 0.196875 0.65 0.2015625 0.6671875 0.1984375 0.6703125 0.1921875 0.6515625 0.1828125 0.6609375 0.1703125 0.659375 0.171875 0.653125 0.184375 0.6484375 0.184375 0.6171875 0.1921875 0.6015625
1 0.296875 0.41875 0.3 0.41875 0.3015625 0.4265625 0.3 0.4625 0.303125 0.475 0.3 0.4765625 0.2984375 0.46875 0.2890625 0.4625 0.284375 0.45625 0.2859375 0.453125 0.290625 0.4515625 0.2921875 0.4296875 0.296875 0.4203125
1 0.5359375 0.5625 0.540625 0.5625 0.540625 0.5828125 0.5375 0.5921875 0.5390625 0.59375 0.5390625 0.6140625 0.5328125 0.6265625 0.534375 0.634375 0.528125 0.6359375 0.5296875 0.6140625 0.525 0.6109375 0.525 0.60625 0.5296875 0.5984375 0.53125 0.5765625 0.5359375 0.5640625
1 0.403125 0.675 0.4078125 0.6765625 0.4078125 0.6859375 0.4109375 0.6921875 0.4125 0.7046875 0.4125 0.709375 0.409375 0.7125 0.409375 0.7515625 0.4078125 0.753125 0.4046875 0.7515625 0.4046875 0.7375 0.3984375 0.73125 0.39375 0.73125 0.39375 0.725 0.4 0.71875 0.4 0.6875 0.403125 0.6828125 0.403125 0.6765625
1 0 0.5828125 0.00625 0.584375 0.0078125 0.628125 0.015625 0.6484375 0.0125 0.6515625 0.0078125 0.6484375 0.00625 0.634375 0 0.6296875 0 0.584375
1 0.571875 0.515625 0.575 0.51875 0.575 0.55 0.5796875 0.5671875 0.578125 0.5859375 0.575 0.5859375 0.5734375 0.5828125 0.575 0.58125 0.575 0.565625 0.571875 0.5625 0.565625 0.5671875 0.55625 0.5859375 0.5546875 0.584375 0.5546875 0.5796875 0.565625 0.5578125 0.5671875 0.53125 0.571875 0.5171875