1 0.396875 0.7484375 0.4015625 0.759375 0.40625 0.796875 0.409375 0.8 0.41875 0.8015625 0.4234375 0.8109375 0.4203125 0.8140625 0.4171875 0.8109375 0.40625 0.8109375 0.4 0.80625 0.3953125 0.8125 0.39375 0.834375 0.3890625 0.834375 0.390625 0.8078125 0.384375 0.7984375 0.384375 0.79375 0.3875 0.784375 0.3875 0.753125 0.3890625 0.7515625 0.3859375 0.7359375 0.3890625 0.734375 0.3921875 0.7375 0.3921875 0.74375 0.3953125 0.7484375
1 0.6609375 0.6671875 0.6640625 0.6703125 0.6640625 0.68125 0.66875 0.6984375 0.66875 0.7234375 0.6625 0.7453125 0.6609375 0.7765625 0.6515625 0.7796875 0.65 0.775 0.6515625 0.71875 0.6484375 0.7078125 0.65 0.6875 0.6578125 0.6765625 0.659375 0.66875
1 0.5015625 0.503125 0.5078125 0.50625 0.5109375 0.515625 0.5109375 0.5609375 0.5125 0.5625 0.5125 0.5734375 0.50625 0.5765625 0.5046875 0.5859375 0.5015625 0.5890625 0.5 0.5859375 0.496875 0.553125 0.4984375 0.5515625 0.4984375 0.521875 0.5015625 0.5046875
1 0.503125 0.64921875 0.02421875 0.1015625
1 0.4625 0.6390625 0.46875 0.6421875 0.475 0.65625 0.478125 0.66875 0.4765625 0.6890625 0.48125 0.6953125 0.4921875 0.7 0.4921875 0.70625 0.4875 0.703125 0.4734375 0.703125 0.4703125 0.70625 0.4625 0.73125 0.459375 0.7328125 0.4578125 0.73125 0.4578125 0.725 0.4609375 0.7234375 0.4625 0.7171875 0.4671875 0.6875 0.465625 0.671875 0.4625 0.66875 0.459375 0.6703125 0.459375 0.6640625 0.4625 0.6609375 0.4609375 0.6484375 0.4625 0.640625
1 0.859375 0.6171875 0.8609375 0.6109375 0.859375 0.56875 0.8640625 0.521875 0.8671875 0.525 0.8703125 0.5390625 0.8703125 0.5671875 0.8671875 0.5796875 0.8671875 0.6125 0.8640625 0.6171875 0.8609375 0.6171875
1 0.4796875 0.6 0.0203125 0.10546875
1 0.36796875 0.6828125 0.0171875 0.11796875
1 0.3140625 0.625 0.3171875 0.6359375 0.321875 0.6390625 0.3234375 0.64375 0.328125 0.675 0.33125 0.6796875 0.334375 0.678125 0.3359375 0.68125 0.3234375 0.7 0.3234375 0.7140625 0.3203125 0.7140625 0.31875 0.7 0.3125 0.684375 0.3140625 0.6796875 0.3125 0.6578125 0.3109375 0.65625 0.3 0.66875 0.3 0.6625 0.3078125 0.646875 0.309375 0.6265625 0.3125 0.625
1 0.76796875 0.678125 0.0203125 0.109375
1 0.5203125 0.55 0.525 0.55 0.5265625 0.55625 0.525 0.5640625 0.5296875 0.5734375 0.521875 0.6625 0.51875 0.6625 0.515625 0.6375 0.515625 0.609375 0.5125 0.5953125 0.5140625 0.59375 0.5140625 0.5734375 0.51875 0.5671875 0.5203125 0.5515625
2 0.590625 0.7578125 0.5953125 0.7578125 0.5953125 0.7734375 0.6 0.7828125 0.6 0.7984375 0.6046875 0.8234375 0.6015625 0.8234375 0.5984375 0.8140625 0.5953125 0.81875 0.584375 0.8796875 0.58125 0.88125 0.5859375 0.85 0.5859375 0.8375 0.5828125 0.8328125 0.5765625 0.8390625 0.5671875 0.8578125 0.565625 0.865625 0.5640625 0.86875 0.5625 0.8671875 0.5703125 0.8375 0.5765625 0.8296875 0.5796875 0.8125 0.5765625 0.7890625 0.58125 0.7765625 0.590625 0.765625 0.590625 0.759375