2 0.2765625 0.4921875 0.2796875 0.4921875 0.28125 0.5 0.2828125 0.5671875 0.2796875 0.5625 0.278125 0.5515625 0.275 0.5484375 0.2609375 0.5515625 0.2625 0.546875 0.271875 0.5421875 0.271875 0.525 0.26875 0.51875 0.26875 0.5125 0.2765625 0.49375
1 0.4734375 0.4609375 0.4734375 0.4546875 0.484375 0.44375 0.484375 0.4328125 0.48125 0.4265625 0.48125 0.4203125 0.4859375 0.4109375 0.4859375 0.4046875 0.4890625 0.403125 0.4921875 0.4125 0.490625 0.428125 0.490625 0.4453125 0.4921875 0.446875 0.490625 0.45 0.4921875 0.4609375 0.4953125 0.465625 0.4953125 0.4703125 0.490625 0.4671875 0.4875 0.4515625 0.4734375 0.4625
1 0.609375 0.61171875 0.01796875 0.07109375
1 0.4984375 0.546875 0.5 0.5390625 0.509375 0.5296875 0.5078125 0.4984375 0.5140625 0.4828125 0.5171875 0.484375 0.51875 0.5390625 0.5234375 0.553125 0.521875 0.5546875 0.5203125 0.553125 0.5171875 0.5484375 0.5171875 0.54375 0.5125 0.5390625 0.50625 0.540625 0.5 0.546875
1 0.46875 0.6796875 0.465625 0.665625 0.4625 0.6625 0.4546875 0.66875 0.446875 0.6671875 0.446875 0.6640625 0.453125 0.659375 0.45625 0.653125 0.45625 0.625 0.4625 0.609375 0.465625 0.6109375 0.4671875 0.6390625 0.4703125 0.646875 0.4703125 0.6671875 0.4734375 0.678125 0.4703125 0.6796875
1 0.640625 0.6484375 0.640625 0.6390625 0.64375 0.6328125 0.64375 0.6171875 0.6390625 0.6 0.6390625 0.5921875 0.6484375 0.571875 0.6515625 0.5734375 0.6515625 0.578125 0.65625 0.5875 0.6578125 0.609375 0.653125 0.6125 0.6484375 0.6359375 0.6484375 0.6484375 0.6421875 0.6484375
1 0.434375 0.4296875 0.4359375 0.43125 0.4328125 0.45 0.434375 0.4578125 0.43125 0.4640625 0.43125 0.4703125 0.425 0.48125 0.4234375 0.490625 0.421875 0.4921875 0.41875 0.490625 0.41875 0.4828125 0.421875 0.4765625 0.421875 0.45625 0.428125 0.4375 0.4328125 0.43125
1 0.609375 0.5296875 0.6125 0.53125 0.6125 0.5578125 0.6109375 0.559375 0.6125 0.5734375 0.6078125 0.575 0.6 0.571875 0.5984375 0.559375 0.59375 0.5625 0.5953125 0.55 0.6015625 0.5375 0.6078125 0.53125
1 0.203125 0.3921875 0.20625 0.39375 0.2078125 0.4015625 0.2078125 0.43125 0.2140625 0.453125 0.2109375 0.453125 0.2046875 0.4390625 0.1953125 0.4375 0.190625 0.4328125 0.2 0.428125 0.2 0.396875 0.2015625 0.39375
1 0.171875 0.7265625 0.175 0.73125 0.1734375 0.7453125 0.1796875 0.7546875 0.1796875 0.7625 0.1734375 0.775 0.175 0.7953125 0.1703125 0.8140625 0.171875 0.8265625 0.1703125 0.828125 0.165625 0.8265625 0.165625 0.809375 0.1640625 0.8078125 0.1609375 0.8109375 0.1578125 0.809375 0.1578125 0.8 0.1640625 0.7953125 0.165625 0.790625 0.1640625 0.7640625 0.1609375 0.7515625 0.16875 0.7359375 0.1703125 0.728125
1 0.23125 0.359375 0.234375 0.359375 0.2375 0.36875 0.2375 0.396875 0.2421875 0.4125 0.2421875 0.415625 0.2390625 0.415625 0.234375 0.403125 0.2296875 0.403125 0.2203125 0.4078125 0.221875 0.4 0.228125 0.3953125 0.2296875 0.3875 0.228125 0.375 0.23125 0.3609375
1 0.2 0.515625 0.203125 0.515625 0.2046875 0.51875 0.2046875 0.5375 0.2078125 0.54375 0.203125 0.5609375 0.203125 0.5765625 0.2 0.5875 0.2015625 0.59375 0.1953125 0.5953125 0.1953125 0.5796875 0.190625 0.5765625 0.190625 0.5703125 0.196875 0.5609375 0.1953125 0.5375 0.2 0.5171875
1 0.6859375 0.453125 0.6875 0.4390625 0.6859375 0.409375 0.690625 0.4015625 0.696875 0.40625 0.7 0.4125 0.7 0.425 0.7046875 0.4390625 0.70625 0.453125 0.703125 0.4515625 0.7 0.4390625 0.696875 0.4359375 0.690625 0.4390625 0.6875 0.453125