0 0.7046875 0.8 0.7109375 0.8015625 0.7109375 0.8109375 0.70625 0.8140625 0.703125 0.809375 0.7046875 0.8015625
1 0.3859375 0.8 0.3890625 0.7984375 0.3921875 0.7890625 0.39375 0.7734375 0.390625 0.75 0.39375 0.7421875 0.39375 0.728125 0.3984375 0.725 0.4015625 0.7296875 0.40625 0.75 0.403125 0.765625 0.4078125 0.7796875 0.409375 0.803125 0.4125 0.8109375 0.4109375 0.815625 0.40625 0.8140625 0.40625 0.796875 0.403125 0.7875 0.3984375 0.7890625 0.3984375 0.79375 0.3921875 0.8 0.3859375 0.815625 0.3828125 0.8140625 0.3828125 0.8046875 0.3859375 0.8015625
1 0.74375 0.33828125 0.01328125 0.059375
1 0.73125 0.725 0.73125 0.715625 0.7390625 0.69375 0.7375 0.6703125 0.75 0.646875 0.7546875 0.6515625 0.7578125 0.675 0.75625 0.6765625 0.75625 0.7078125 0.753125 0.7140625 0.7546875 0.7265625 0.753125 0.728125 0.7484375 0.7265625 0.7484375 0.7171875 0.7515625 0.709375 0.7515625 0.7 0.7484375 0.696875 0.7421875 0.703125 0.7359375 0.715625 0.7359375 0.721875 0.7328125 0.725
1 0.5140625 0.2296875 0.5171875 0.23125 0.51875 0.2359375 0.51875 0.2671875 0.5203125 0.26875 0.51875 0.28125 0.5078125 0.2796875 0.5109375 0.24375 0.5140625 0.23125
1 0.459375 0.678125 0.4625 0.6796875 0.4609375 0.765625 0.4640625 0.7734375 0.45625 0.7734375 0.45625 0.75 0.4546875 0.7484375 0.44375 0.753125 0.440625 0.759375 0.4359375 0.7609375 0.4359375 0.7515625 0.45 0.7421875 0.4515625 0.7 0.459375 0.6796875
1 0.1015625 0.390625 0.10625 0.39375 0.1109375 0.4046875 0.1125 0.44375 0.1171875 0.45625 0.115625 0.4640625 0.1109375 0.459375 0.109375 0.446875 0.10625 0.4421875 0.103125 0.4453125 0.103125 0.459375 0.0984375 0.4609375 0.0984375 0.3984375 0.1015625 0.3921875
2 0.384375 0.32421875 0.01484375 0.065625
1 0.8 0.390625 0.803125 0.390625 0.80625 0.4015625 0.80625 0.41875 0.8 0.4453125 0.8 0.4609375 0.79375 0.459375 0.790625 0.4421875 0.79375 0.403125 0.8 0.3921875
1 0.36875 0.575 0.3734375 0.575 0.3703125 0.6078125 0.375 0.6234375 0.3734375 0.6296875 0.375 0.6515625 0.36875 0.6515625 0.3671875 0.6484375 0.36875 0.634375 0.3640625 0.6296875 0.35625 0.6390625 0.353125 0.65625 0.3515625 0.6578125 0.3484375 0.653125 0.35 0.6390625 0.3578125 0.6234375 0.3625 0.5890625 0.36875 0.5765625
1 0.3375 0.1984375 0.340625 0.2046875 0.3421875 0.2375 0.334375 0.2453125 0.3328125 0.24375 0.3328125 0.2 0.3359375 0.1984375
1 0.9828125 0.615625 0.984375 0.621875 0.9890625 0.625 0.996875 0.6375 0.9984375 0.646875 0.9921875 0.640625 0.9859375 0.64375 0.9859375 0.678125 0.98125 0.69375 0.98125 0.703125 0.9765625 0.7 0.9734375 0.6875 0.965625 0.69375 0.9625 0.69375 0.9609375 0.6890625 0.9625 0.684375 0.9734375 0.671875 0.971875 0.65 0.96875 0.6484375 0.9625 0.6578125 0.95625 0.6609375 0.9578125 0.6515625 0.9625 0.6484375 0.971875 0.634375 0.978125 0.6171875 0.98125 0.615625
1 0.78125 0.746875 0.7890625 0.75 0.796875 0.7484375 0.8078125 0.7640625 0.815625 0.790625 0.815625 0.8171875 0.825 0.8421875 0.825 0.8515625 0.8234375 0.853125 0.8203125 0.8515625 0.8203125 0.84375 0.8140625 0.8296875 0.8046875 0.8234375 0.8046875 0.8140625 0.8 0.8015625 0.8 0.7890625 0.796875 0.7859375 0.7859375 0.784375 0.7859375 0.7796875 0.7953125 0.775 0.7953125 0.7625 0.78125 0.7484375
1 0.7765625 0.2875 0.78125 0.2984375 0.78125 0.3109375 0.7734375 0.3484375 0.7703125 0.3453125 0.7671875 0.3015625 0.76875 0.29375 0.775 0.2875
1 0.51875 0.4125 0.5265625 0.40625 0.5296875 0.4140625 0.528125 0.4484375 0.5234375 0.4578125 0.521875 0.4734375 0.515625 0.46875 0.51875 0.4515625 0.515625 0.421875 0.51875 0.4140625
1 0.3453125 0.33125 0.3484375 0.33125 0.35 0.3359375 0.3484375 0.3875 0.34375 0.3875 0.3375 0.38125 0.3375 0.3734375 0.340625 0.365625 0.340625 0.3453125 0.3453125 0.3328125
1 0.4203125 0.8375 0.4265625 0.8375 0.4296875 0.834375 0.428125 0.8078125 0.43125 0.79375 0.43125 0.778125 0.4359375 0.775 0.4390625 0.7796875 0.4390625 0.8015625 0.440625 0.803125 0.4390625 0.81875 0.440625 0.8765625 0.4390625 0.878125 0.4328125 0.8734375 0.434375 0.85 0.425 0.8453125 0.4234375 0.846875 0.41875 0.8453125 0.4203125 0.8390625
1 0.0984375 0.390625 0.09375 0.378125 0.09375 0.3609375 0.096875 0.35 0.0984375 0.3484375 0.1015625 0.35 0.1078125 0.3625 0.1046875 0.3890625 0.0984375 0.3921875