0 0.81015625 0.7861111109375 0.809375 0.7958333328125 0.8140625 0.7986111109375 0.815625 0.7875 0.81015625 0.7861111109375
1 0.171875 0.7125 0.1734375 0.6984375 0.178125 0.690625 0.1796875 0.6828125 0.18125 0.68125 0.184375 0.6828125 0.1859375 0.6953125 0.184375 0.7015625 0.184375 0.734375 0.1859375 0.7359375 0.184375 0.7578125 0.1859375 0.7625 0.184375 0.7640625 0.178125 0.7625 0.171875 0.7703125 0.1703125 0.7640625 0.1734375 0.7390625 0.1734375 0.7140625
1 0.321875 0.4265625 0.3234375 0.428125 0.3234375 0.4734375 0.3171875 0.4734375 0.3140625 0.4765625 0.3125 0.475 0.3125 0.4703125 0.3171875 0.4625 0.3171875 0.446875 0.3203125 0.428125
1 0.578125 0.396875 0.5828125 0.4015625 0.584375 0.4078125 0.584375 0.4234375 0.5828125 0.425 0.584375 0.45 0.578125 0.4359375 0.575 0.4390625 0.571875 0.45 0.5734375 0.403125 0.5765625 0.3984375
1 0.6609375 0.590625 0.66875 0.6171875 0.6625 0.621875 0.659375 0.6578125 0.65625 0.6578125 0.6546875 0.6546875 0.6546875 0.6359375 0.6515625 0.6234375 0.6515625 0.6015625 0.65625 0.5921875 0.659375 0.590625
1 0.425 0.4609375 0.4234375 0.45 0.4203125 0.4484375 0.41875 0.4578125 0.4140625 0.465625 0.4171875 0.446875 0.415625 0.428125 0.4171875 0.4171875 0.421875 0.4078125 0.4265625 0.4140625 0.4265625 0.4453125 0.425 0.446875 0.4265625 0.45625 0.425 0.459375
1 0.45625 0.5453125 0.459375 0.55 0.459375 0.5984375 0.4578125 0.6 0.459375 0.6140625 0.4515625 0.6109375 0.446875 0.615625 0.4453125 0.6125 0.446875 0.603125 0.4515625 0.5953125 0.4515625 0.5609375 0.45625 0.546875
1 0.64375 0.58046875 0.01484375 0.05859375
1 0.3234375 0.475 0.325 0.4765625 0.325 0.4984375 0.3234375 0.5 0.3234375 0.521875 0.3203125 0.53125 0.3171875 0.53125 0.3140625 0.525 0.3171875 0.51875 0.315625 0.4796875 0.321875 0.475
1 0.3703125 0.390625 0.375 0.4 0.375 0.4234375 0.371875 0.43125 0.371875 0.440625 0.36875 0.44375 0.365625 0.4421875 0.36875 0.434375 0.3671875 0.4 0.3703125 0.3921875
1 0.1609375 0.559375 0.1625 0.5625 0.1609375 0.56875 0.1609375 0.603125 0.1625 0.6046875 0.1609375 0.6359375 0.153125 0.6359375 0.1515625 0.6390625 0.1484375 0.6375 0.1484375 0.6265625 0.153125 0.61875 0.153125 0.5765625 0.15625 0.5640625 0.159375 0.5609375
1 0.559375 0.6625 0.5640625 0.6625 0.5640625 0.6828125 0.565625 0.684375 0.5640625 0.69375 0.565625 0.71875 0.5625 0.73125 0.5640625 0.7453125 0.559375 0.746875 0.55625 0.740625 0.559375 0.7265625 0.559375 0.7125 0.5578125 0.7 0.5546875 0.69375 0.5546875 0.68125 0.559375 0.6640625
1 0.490625 0.8125 0.4921875 0.8140625 0.490625 0.8234375 0.4921875 0.8484375 0.496875 0.8640625 0.4953125 0.8921875 0.4984375 0.9 0.4984375 0.9078125 0.49375 0.9078125 0.490625 0.8984375 0.4875 0.9015625 0.4890625 0.9125 0.4859375 0.9140625 0.4828125 0.9109375 0.4828125 0.8921875 0.484375 0.890625 0.4828125 0.828125 0.4859375 0.8171875 0.4890625 0.8140625
1 0.265625 0.3609375 0.26875 0.371875 0.2671875 0.38125 0.26875 0.4109375 0.2609375 0.4078125 0.259375 0.4046875 0.2609375 0.3984375 0.259375 0.3703125 0.2609375 0.3625 0.2640625 0.3609375
1 0.359375 0.3984375 0.3609375 0.409375 0.3546875 0.4421875 0.35625 0.45 0.35 0.446875 0.35 0.4375 0.353125 0.4046875 0.3546875 0.4 0.3578125 0.3984375
1 0.01875 0.465625 0.021875 0.475 0.0203125 0.4828125 0.021875 0.53125 0.01875 0.53125 0.015625 0.525 0.0125 0.528125 0.009375 0.5265625 0.0125 0.5203125 0.0109375 0.48125 0.0171875 0.4671875
1 0.8234375 0.7328125 0.828125 0.734375 0.828125 0.74375 0.8328125 0.75 0.834375 0.759375 0.8390625 0.76875 0.8390625 0.778125 0.83125 0.7671875 0.825 0.7796875 0.8203125 0.79375 0.8234375 0.8140625 0.821875 0.8171875 0.81875 0.8171875 0.8171875 0.8046875 0.8109375 0.7984375 0.809375 0.790625 0.8140625 0.784375 0.815625 0.7609375 0.8234375 0.740625 0.8234375 0.734375
1 0.446875 0.446875 0.45 0.446875 0.45625 0.465625 0.453125 0.503125 0.45 0.5015625 0.4453125 0.4890625 0.446875 0.484375 0.4453125 0.4515625 0.446875 0.4484375
1 0.734375 0.646875 0.740625 0.65 0.7421875 0.659375 0.746875 0.66875 0.746875 0.6734375 0.7421875 0.678125 0.7375 0.7125 0.734375 0.7140625 0.7328125 0.6859375 0.728125 0.6734375 0.728125 0.6609375 0.734375 0.6484375
1 0.43125 0.45 0.4359375 0.45 0.4359375 0.4640625 0.43125 0.4828125 0.4296875 0.503125 0.428125 0.50625 0.4234375 0.5046875 0.421875 0.5015625 0.425 0.4890625 0.425 0.4625 0.43125 0.4515625
2 0.20625 0.440625 0.2109375 0.45 0.209375 0.496875 0.20625 0.50625 0.2046875 0.5046875 0.203125 0.45 0.20625 0.4421875