0 0.5796875 0.3078125 0.5828125 0.3078125 0.5859375 0.3125 0.584375 0.3171875 0.5796875 0.31875 0.5796875 0.309375
1 0.6703125 0.284375 0.675 0.284375 0.675 0.3 0.6765625 0.3015625 0.675 0.309375 0.6765625 0.33125 0.6703125 0.3546875 0.6703125 0.36875 0.6640625 0.36875 0.665625 0.346875 0.6578125 0.3421875 0.6578125 0.3375 0.6640625 0.33125 0.6640625 0.3078125 0.671875 0.2921875 0.6703125 0.2859375
1 0.2140625 0.2453125 0.2171875 0.25 0.215625 0.2609375 0.2171875 0.3 0.2140625 0.309375 0.2140625 0.321875 0.20625 0.321875 0.20625 0.315625 0.209375 0.3125 0.2078125 0.303125 0.2015625 0.3 0.20625 0.290625 0.2078125 0.265625 0.2109375 0.2609375 0.2125 0.246875
1 0.625 0.1859375 0.628125 0.1875 0.628125 0.1921875 0.63125 0.196875 0.6296875 0.2203125 0.634375 0.2265625 0.640625 0.2515625 0.6375 0.2515625 0.6328125 0.234375 0.628125 0.2296875 0.615625 0.2390625 0.6078125 0.2421875 0.6078125 0.2359375 0.6140625 0.234375 0.6203125 0.228125 0.6203125 0.2125 0.6171875 0.2078125 0.6171875 0.203125 0.61875 0.1984375 0.6234375 0.1953125 0.625 0.1875
1 0.5453125 0.178125 0.5484375 0.178125 0.5484375 0.184375 0.5515625 0.1890625 0.5515625 0.1953125 0.5484375 0.2 0.5484375 0.2109375 0.5515625 0.221875 0.5515625 0.2375 0.55 0.2390625 0.5515625 0.246875 0.5484375 0.2453125 0.546875 0.240625 0.5484375 0.228125 0.5453125 0.2234375 0.5375 0.225 0.5265625 0.2375 0.5234375 0.2328125 0.525 0.228125 0.5375 0.215625 0.5390625 0.209375 0.5375 0.1921875 0.54375 0.1859375 0.5453125 0.1796875
1 0.4734375 0.2546875 0.4765625 0.253125 0.4796875 0.2421875 0.48125 0.240625 0.484375 0.2421875 0.484375 0.253125 0.490625 0.2640625 0.484375 0.26875 0.484375 0.28125 0.4890625 0.2921875 0.4890625 0.303125 0.4921875 0.309375 0.490625 0.3140625 0.4875 0.3125 0.4859375 0.3015625 0.4796875 0.2890625 0.471875 0.2953125 0.459375 0.2953125 0.4609375 0.2890625 0.46875 0.2875 0.471875 0.284375 0.4734375 0.278125 0.4703125 0.2609375 0.4734375 0.25625
1 0.55 0.6125 0.5515625 0.615625 0.55 0.621875 0.5421875 0.628125 0.5421875 0.6609375 0.5359375 0.6734375 0.5359375 0.678125 0.5390625 0.6828125 0.5375 0.6859375 0.5328125 0.6875 0.528125 0.684375 0.528125 0.678125 0.53125 0.675 0.534375 0.6640625 0.534375 0.65625 0.53125 0.6515625 0.5234375 0.653125 0.5203125 0.6515625 0.5203125 0.64375 0.5234375 0.6390625 0.5296875 0.640625 0.53125 0.6390625 0.5328125 0.625 0.53125 0.603125 0.540625 0.5890625 0.540625 0.58125 0.54375 0.578125 0.546875 0.5796875 0.5453125 0.6 0.5484375 0.6140625
1 0.5375 0.321875 0.540625 0.321875 0.5421875 0.3265625 0.5390625 0.3328125 0.540625 0.3609375 0.5375 0.365625 0.5359375 0.3765625 0.5359375 0.4078125 0.53125 0.40625 0.53125 0.390625 0.5234375 0.38125 0.51875 0.3796875 0.51875 0.3734375 0.521875 0.3703125 0.525 0.371875 0.528125 0.3671875 0.5296875 0.340625 0.5375 0.3234375
1 0.565625 0.240625 0.5703125 0.2546875 0.575 0.2578125 0.5796875 0.2578125 0.578125 0.2609375 0.571875 0.2609375 0.56875 0.265625 0.56875 0.275 0.571875 0.278125 0.575 0.290625 0.5671875 0.303125 0.5671875 0.3078125 0.5640625 0.30625 0.565625 0.296875 0.5640625 0.290625 0.5546875 0.3015625 0.553125 0.3078125 0.55 0.3078125 0.553125 0.2953125 0.559375 0.2875 0.5609375 0.2640625 0.5578125 0.2578125 0.5625 0.25 0.5640625 0.2421875
1 0.35 0.290625 0.353125 0.2984375 0.35625 0.378125 0.3515625 0.378125 0.3484375 0.375 0.35 0.359375 0.3328125 0.3421875 0.3328125 0.3375 0.3375 0.334375 0.340625 0.3359375 0.3453125 0.328125 0.3453125 0.309375 0.3484375 0.2921875
1 0.2046875 0.184375 0.20625 0.196875 0.2046875 0.2140625 0.2078125 0.23125 0.2 0.246875 0.1953125 0.2515625 0.1921875 0.25 0.1921875 0.2421875 0.196875 0.2296875 0.1953125 0.2015625 0.1984375 0.196875 0.2 0.1859375 0.203125 0.184375
1 0.3125 0.175 0.3171875 0.1828125 0.3171875 0.1984375 0.315625 0.2 0.3171875 0.2234375 0.3109375 0.2296875 0.309375 0.2421875 0.3046875 0.240625 0.30625 0.23125 0.3046875 0.215625 0.3125 0.1765625
1 0.0828125 0.3125 0.0875 0.3125 0.0890625 0.315625 0.090625 0.3796875 0.09375 0.3953125 0.090625 0.396875 0.0859375 0.3953125 0.0859375 0.378125 0.084375 0.3765625 0.078125 0.3765625 0.0671875 0.3703125 0.06875 0.3640625 0.075 0.365625 0.078125 0.3625 0.078125 0.3421875 0.0828125 0.3140625
1 0.79375 0.3921875 0.796875 0.4 0.796875 0.4078125 0.8015625 0.415625 0.803125 0.4234375 0.803125 0.4328125 0.7953125 0.4453125 0.7984375 0.4765625 0.803125 0.48125 0.803125 0.4875 0.796875 0.4875 0.79375 0.4703125 0.790625 0.465625 0.784375 0.471875 0.775 0.46875 0.771875 0.46875 0.76875 0.4734375 0.7671875 0.471875 0.7703125 0.459375 0.7796875 0.4625 0.784375 0.45625 0.784375 0.4390625 0.78125 0.434375 0.7796875 0.4234375 0.7828125 0.415625 0.790625 0.40625 0.7921875 0.39375
1 0.36875 0.409375 0.371875 0.4078125 0.378125 0.39375 0.378125 0.3734375 0.3828125 0.3625 0.384375 0.35 0.3859375 0.3484375 0.3890625 0.35 0.3875 0.3625 0.39375 0.3703125 0.39375 0.3734375 0.3890625 0.378125 0.3890625 0.3875 0.39375 0.3953125 0.3921875 0.4078125 0.39375 0.425 0.3875 0.421875 0.3890625 0.409375 0.3875 0.403125 0.3828125 0.4015625 0.3765625 0.4078125 0.36875 0.4234375 0.365625 0.4234375 0.3640625 0.4203125 0.36875 0.4109375
1 0.05625 0.2171875 0.0578125 0.228125 0.0625 0.234375 0.0625 0.2390625 0.05625 0.2484375 0.0625 0.265625 0.0625 0.271875 0.0578125 0.284375 0.059375 0.2921875 0.053125 0.2859375 0.05625 0.275 0.0546875 0.271875 0.05 0.271875 0.046875 0.275 0.040625 0.290625 0.0375 0.290625 0.0375 0.28125 0.046875 0.2640625 0.046875 0.2484375 0.04375 0.2390625 0.0515625 0.228125 0.0515625 0.2234375 0.0546875 0.21875
1 0.740625 0.1890625 0.74375 0.1890625 0.7484375 0.19375 0.7515625 0.2015625 0.7515625 0.2046875 0.74375 0.2125 0.7484375 0.228125 0.7484375 0.2359375 0.74375 0.2453125 0.74375 0.253125 0.7421875 0.2546875 0.740625 0.253125 0.7421875 0.2328125 0.7390625 0.23125 0.7296875 0.2421875 0.725 0.2546875 0.721875 0.25625 0.721875 0.2453125 0.7328125 0.228125 0.7359375 0.215625 0.7328125 0.2109375 0.728125 0.215625 0.728125 0.2046875 0.7328125 0.1953125 0.740625 0.190625
2 0.218299896875 0.351527778125 0.2230388375 0.3582638890625 0.22323431093749999 0.38465277656249997 0.21715920781250003 0.40854166718749996 0.21953382187499998 0.412604165625 0.2318486375 0.3870486109375 0.240401234375 0.3811111109375 0.23560056562499998 0.36604166718750003 0.24089441875 0.3421875 0.23617605468749997 0.3382291671875 0.236875 0.3270833328125 0.2329584625 0.3258680546875 0.21824845625 0.344583334375 0.218299896875 0.351527778125