1 0.5640625 0.375 0.5671875 0.35 0.5703125 0.346875 0.5703125 0.340625 0.5734375 0.3390625 0.575 0.3421875 0.575 0.3484375 0.5796875 0.3546875 0.58125 0.3625 0.5796875 0.3703125 0.58125 0.4140625 0.5765625 0.4125 0.56875 0.375 0.5671875 0.3734375 0.565625 0.375
1 0.5265625 0.3765625 0.5296875 0.378125 0.5296875 0.3828125 0.5328125 0.3875 0.534375 0.415625 0.5390625 0.4296875 0.5359375 0.4375 0.5328125 0.4234375 0.5296875 0.4328125 0.5265625 0.43125 0.5265625 0.421875 0.521875 0.4109375 0.5203125 0.3953125 0.521875 0.3859375 0.5265625 0.378125
1 0.5109375 0.4765625 0.01796875 0.09453125
1 0.653125 0.4578125 0.65625 0.459375 0.65625 0.4671875 0.6640625 0.484375 0.659375 0.509375 0.6578125 0.5453125 0.65625 0.5484375 0.653125 0.546875 0.6484375 0.525 0.6484375 0.5 0.64375 0.4890625 0.6453125 0.4796875 0.6515625 0.4703125 0.653125 0.459375
1 0.8296875 0.3375 0.8328125 0.3390625 0.834375 0.35 0.8390625 0.359375 0.8390625 0.378125 0.8453125 0.3796875 0.8453125 0.384375 0.8375 0.3921875 0.8328125 0.3875 0.828125 0.390625 0.8234375 0.4109375 0.821875 0.4125 0.8171875 0.4109375 0.821875 0.4046875 0.8234375 0.3875 0.8265625 0.38125 0.828125 0.340625 0.8296875 0.3390625
1 0.65703125 0.40546875 0.0171875 0.06640625
1 0.296875 0.4515625 0.02109375 0.09453125
1 0.4734375 0.3796875 0.4765625 0.38125 0.4765625 0.3890625 0.48125 0.4 0.478125 0.4625 0.4765625 0.4640625 0.4734375 0.4578125 0.4703125 0.45 0.46875 0.41875 0.465625 0.4109375 0.4671875 0.3984375 0.4734375 0.38125
1 0.3796875 0.5671875 0.375 0.553125 0.3703125 0.5484375 0.3671875 0.55625 0.36875 0.5625 0.3671875 0.571875 0.3640625 0.56875 0.365625 0.5421875 0.3640625 0.540625 0.3640625 0.509375 0.3609375 0.5046875 0.3609375 0.5 0.365625 0.4859375 0.3671875 0.471875 0.3703125 0.4703125 0.371875 0.48125 0.3796875 0.4953125 0.3796875 0.5046875 0.3765625 0.509375 0.375 0.5421875 0.3796875 0.5515625 0.38125 0.565625
1 0.26875 0.4890625 0.02578125 0.09453125
1 0.5328125 0.6 0.5375 0.6 0.5390625 0.603125 0.5390625 0.6171875 0.5453125 0.625 0.5484375 0.6359375 0.5484375 0.6453125 0.5453125 0.65 0.54375 0.678125 0.546875 0.696875 0.55 0.7015625 0.55 0.7109375 0.5484375 0.7109375 0.5453125 0.70625 0.5453125 0.7015625 0.5421875 0.6984375 0.5375 0.7 0.540625 0.7234375 0.5359375 0.725 0.5328125 0.6890625 0.5296875 0.684375 0.5296875 0.6546875 0.5234375 0.6484375 0.525 0.628125 0.5328125 0.615625 0.53125 0.6109375 0.5328125 0.6015625
1 0.546875 0.4046875 0.546875 0.4125 0.5546875 0.428125 0.553125 0.46875 0.559375 0.48125 0.5609375 0.49375 0.546875 0.465625 0.54375 0.46875 0.5421875 0.496875 0.5390625 0.4953125 0.540625 0.4890625 0.540625 0.41875 0.5421875 0.40625 0.5453125 0.4046875
1 0.6125 0.38125 0.61875 0.3984375 0.61875 0.428125 0.615625 0.4515625 0.609375 0.44375 0.6046875 0.453125 0.60625 0.3984375 0.6109375 0.3828125
1 0.8640625 0.68125 0.8671875 0.684375 0.8671875 0.696875 0.8734375 0.703125 0.878125 0.7140625 0.878125 0.7234375 0.8734375 0.7375 0.875 0.7421875 0.875 0.790625 0.8765625 0.7921875 0.8765625 0.828125 0.875 0.8296875 0.8703125 0.8265625 0.871875 0.796875 0.86875 0.7796875 0.865625 0.775 0.8625 0.7734375 0.8578125 0.78125 0.853125 0.8140625 0.8484375 0.815625 0.84375 0.809375 0.84375 0.803125 0.85 0.8 0.853125 0.784375 0.8546875 0.7203125 0.85625 0.70625 0.8609375 0.7 0.859375 0.6828125 0.8625 0.68125
1 0.1921875 0.3609375 0.1953125 0.3890625 0.1953125 0.425 0.190625 0.421875 0.190625 0.4078125 0.1859375 0.4046875 0.1828125 0.4078125 0.178125 0.428125 0.1765625 0.4265625 0.1765625 0.4125 0.1796875 0.4046875 0.178125 0.3828125 0.1875 0.3625 0.190625 0.3609375
2 0.7265625 0.4265625 0.7375 0.45625 0.734375 0.471875 0.7296875 0.478125 0.728125 0.4875 0.7265625 0.5234375 0.7234375 0.525 0.7234375 0.5125 0.71875 0.4875 0.71875 0.4671875 0.7140625 0.4578125 0.715625 0.4453125 0.71875 0.4390625 0.7234375 0.4359375 0.725 0.428125
0 0.51328125 0.375 0.51796875 0.38333333281250004 0.52578125 0.38194444375000003 0.52421875 0.3763888890625 0.51328125 0.375