0 0.384375 0.4796875 0.00703125 0.009375
1 0.2890625 0.625 0.2921875 0.625 0.29375 0.628125 0.29375 0.634375 0.2984375 0.640625 0.3 0.65 0.3 0.6984375 0.2953125 0.7 0.29375 0.70625 0.290625 0.703125 0.2875 0.665625 0.284375 0.65625 0.284375 0.640625 0.2875 0.6359375 0.2890625 0.6265625
1 0.709375 0.321875 0.715625 0.3453125 0.715625 0.35625 0.7203125 0.365625 0.7203125 0.3734375 0.7140625 0.3671875 0.709375 0.3703125 0.70625 0.3609375 0.70625 0.325 0.7078125 0.3234375
1 0.6890625 0.7953125 0.690625 0.8046875 0.6984375 0.815625 0.70625 0.840625 0.70625 0.846875 0.7 0.85 0.7 0.8875 0.696875 0.9 0.6921875 0.8953125 0.684375 0.8484375 0.6796875 0.8390625 0.6796875 0.8203125 0.6859375 0.8078125 0.684375 0.796875 0.6875 0.7953125
1 0.525 0.559375 0.021875 0.06953125
1 0.834375 0.6375 0.84375 0.6546875 0.84375 0.671875 0.840625 0.6890625 0.8421875 0.7359375 0.8390625 0.7375 0.8375 0.7359375 0.834375 0.7265625 0.834375 0.7125 0.8296875 0.69375 0.8296875 0.671875 0.8265625 0.6640625 0.8265625 0.6546875 0.8328125 0.64375 0.8328125 0.6390625
1 0.9484375 0.5109375 0.015625 0.071875
1 0.465625 0.38125 0.46875 0.3828125 0.4734375 0.4 0.471875 0.4234375 0.475 0.428125 0.471875 0.446875 0.4703125 0.4484375 0.465625 0.446875 0.4671875 0.4453125 0.4671875 0.4359375 0.4640625 0.4296875 0.4640625 0.384375 0.465625 0.3828125
2 0.678125 0.5203125 0.684375 0.528125 0.6890625 0.5390625 0.6921875 0.55 0.6921875 0.5671875 0.69375 0.571875 0.7015625 0.5796875 0.703125 0.5875 0.7015625 0.5890625 0.6984375 0.5828125 0.69375 0.578125 0.690625 0.578125 0.6890625 0.584375 0.6921875 0.5875 0.6921875 0.59375 0.6890625 0.59375 0.6796875 0.5625 0.6796875 0.546875 0.6765625 0.5359375 0.678125 0.5328125 0.675 0.525 0.6765625 0.521875
1 0.296875 0.48125 0.3 0.48125 0.3015625 0.4875 0.303125 0.496875 0.3015625 0.5125 0.3078125 0.53125 0.309375 0.546875 0.309375 0.5484375 0.3046875 0.5484375 0.303125 0.540625 0.296875 0.5328125 0.296875 0.5265625 0.29375 0.521875 0.29375 0.4921875 0.296875 0.4828125
1 0.434375 0.546875 0.4375 0.546875 0.446875 0.565625 0.446875 0.6234375 0.44375 0.621875 0.440625 0.603125 0.4359375 0.5953125 0.434375 0.5796875 0.43125 0.575 0.43125 0.5609375 0.434375 0.5484375
1 0.2078125 0.3796875 0.01484375 0.05703125
1 0.51875 0.79375 0.51875 0.7828125 0.5140625 0.7734375 0.5109375 0.7453125 0.5078125 0.7390625 0.5078125 0.7265625 0.5125 0.703125 0.515625 0.7046875 0.5171875 0.715625 0.5234375 0.7296875 0.521875 0.7359375 0.5234375 0.79375 0.521875 0.7953125 0.5203125 0.79375
1 0.9703125 0.66875 0.9734375 0.6703125 0.975 0.68125 0.98125 0.690625 0.984375 0.7125 0.984375 0.721875 0.9796875 0.7265625 0.978125 0.734375 0.978125 0.75 0.975 0.765625 0.9703125 0.7703125 0.965625 0.76875 0.9640625 0.7265625 0.959375 0.7125 0.9609375 0.6890625 0.9671875 0.6796875 0.96875 0.6703125
1 0.6 0.434375 0.6046875 0.4515625 0.60625 0.478125 0.6125 0.49375 0.6125 0.4984375 0.609375 0.5015625 0.6078125 0.49375 0.6015625 0.484375 0.5984375 0.4984375 0.596875 0.5 0.59375 0.4984375 0.596875 0.465625 0.5953125 0.4359375 0.5984375 0.434375
1 0.2171875 0.65625 0.2125 0.5859375 0.21875 0.5734375 0.221875 0.575 0.2265625 0.5921875 0.2265625 0.6109375 0.225 0.6125 0.2265625 0.640625 0.2203125 0.646875 0.2203125 0.65625 0.21875 0.65625
1 0.3140625 0.46875 0.3171875 0.471875 0.3171875 0.4765625 0.321875 0.4859375 0.321875 0.4921875 0.31875 0.4984375 0.325 0.525 0.3234375 0.5390625 0.321875 0.540625 0.3203125 0.5390625 0.3109375 0.5078125 0.303125 0.49375 0.303125 0.4875 0.3140625 0.4703125
1 0.525 0.478125 0.534375 0.4890625 0.5359375 0.4953125 0.5359375 0.53125 0.5390625 0.5421875 0.5359375 0.54375 0.528125 0.525 0.525 0.5015625 0.525 0.4796875
1 0.753125 0.7109375 0.7484375 0.6625 0.7484375 0.646875 0.7515625 0.640625 0.753125 0.625 0.7578125 0.6296875 0.7578125 0.6375 0.7640625 0.6484375 0.7640625 0.659375 0.7609375 0.6640625 0.7578125 0.6875 0.7578125 0.6953125 0.7625 0.703125 0.7625 0.7109375 0.7609375 0.7140625 0.7546875 0.7109375