0 0.66875 0.2984375 0.6671875 0.3046875 0.6640625 0.303125 0.6640625 0.3 0.6671875 0.2984375
1 0.51875 0.234375 0.521875 0.2375 0.521875 0.25625 0.5234375 0.2578125 0.5234375 0.26875 0.5203125 0.2796875 0.51875 0.2828125 0.515625 0.278125 0.5171875 0.2375 0.51875 0.2359375
1 0.5671875 0.7453125 0.56875 0.7609375 0.5734375 0.76875 0.5734375 0.784375 0.56875 0.79375 0.56875 0.8109375 0.5640625 0.8234375 0.559375 0.85 0.5578125 0.8515625 0.5546875 0.85 0.5546875 0.8359375 0.5578125 0.8234375 0.5578125 0.7859375 0.5546875 0.775 0.5625 0.759375 0.5625 0.75 0.565625 0.746875
1 0.55625 0.2578125 0.559375 0.2578125 0.5625 0.2640625 0.5609375 0.296875 0.5546875 0.3 0.553125 0.30625 0.5515625 0.303125 0.5546875 0.2953125 0.5546875 0.2625 0.55625 0.259375
1 0.446875 0.321875 0.45 0.2921875 0.453125 0.2875 0.453125 0.2828125 0.45625 0.28125 0.4578125 0.2921875 0.45625 0.2953125 0.45625 0.33125 0.453125 0.3296875 0.453125 0.325 0.45 0.321875 0.446875 0.3234375 0.446875 0.328125 0.44375 0.33125 0.4453125 0.3234375
1 0.5140625 0.5265625 0.5125 0.5171875 0.515625 0.50625 0.515625 0.46875 0.521875 0.4515625 0.525 0.453125 0.5265625 0.5015625 0.521875 0.51875 0.515625 0.5265625
1 0.840625 0.43125 0.84375 0.4328125 0.846875 0.446875 0.8453125 0.4953125 0.8421875 0.50625 0.8390625 0.509375 0.8375 0.5078125 0.834375 0.45 0.840625 0.4328125
1 0.9078125 0.328125 0.9109375 0.328125 0.9203125 0.3375 0.9234375 0.3484375 0.9234375 0.353125 0.91875 0.3515625 0.915625 0.35625 0.9140625 0.39375 0.9078125 0.3734375 0.90625 0.3484375 0.903125 0.3421875 0.903125 0.3375 0.9078125 0.3296875
1 0.409375 0.2734375 0.409375 0.2671875 0.4140625 0.259375 0.415625 0.2359375 0.41875 0.2296875 0.4203125 0.2296875 0.421875 0.2375 0.421875 0.259375 0.425 0.265625 0.425 0.2734375 0.41875 0.2625 0.4140625 0.265625 0.4109375 0.2734375
1 0.8359375 0.3578125 0.840625 0.3703125 0.840625 0.3859375 0.8359375 0.421875 0.8328125 0.41875 0.8296875 0.3984375 0.8296875 0.3703125 0.834375 0.359375
1 0.29375 0.2734375 0.2953125 0.275 0.2953125 0.3046875 0.2984375 0.3328125 0.296875 0.334375 0.29375 0.3328125 0.2921875 0.3203125 0.2875 0.3203125 0.2828125 0.3234375 0.2796875 0.321875 0.2890625 0.3109375 0.2890625 0.2921875 0.2921875 0.275
1 0.5703125 0.2828125 0.5734375 0.2828125 0.575 0.290625 0.5734375 0.3359375 0.571875 0.3375 0.5640625 0.3359375 0.565625 0.2953125 0.5703125 0.284375
1 0.3171875 0.31875 0.3203125 0.334375 0.31875 0.3484375 0.3203125 0.3640625 0.3140625 0.384375 0.3109375 0.3828125 0.3109375 0.375 0.3078125 0.3703125 0.309375 0.3625 0.3125 0.3609375 0.3125 0.328125 0.3171875 0.3203125
1 0.33125 0.3171875 0.3375 0.309375 0.3390625 0.2734375 0.3421875 0.271875 0.34375 0.2734375 0.34375 0.328125 0.340625 0.328125 0.340625 0.3203125 0.3375 0.3171875 0.334375 0.3203125 0.3328125 0.31875
1 0.159375 0.5953125 0.1609375 0.6046875 0.165625 0.6125 0.1640625 0.646875 0.159375 0.6625 0.1609375 0.6828125 0.15625 0.6828125 0.1515625 0.678125 0.1515625 0.6671875 0.1546875 0.6625 0.1546875 0.6546875 0.1515625 0.646875 0.1515625 0.6328125 0.1484375 0.628125 0.1484375 0.6171875 0.1546875 0.6046875 0.1546875 0.596875 0.1578125 0.5953125
1 0.0265625 0.4140625 0.0296875 0.428125 0.028125 0.434375 0.0296875 0.4703125 0.0265625 0.478125 0.0265625 0.4890625 0.021875 0.490625 0.0203125 0.4875 0.021875 0.475 0.0171875 0.4734375 0.015625 0.4765625 0.0140625 0.4734375 0.0140625 0.4671875 0.0203125 0.459375 0.0203125 0.4296875 0.0234375 0.425 0.025 0.415625
1 0.2484375 0.3171875 0.253125 0.334375 0.253125 0.3609375 0.2421875 0.3765625 0.2390625 0.3734375 0.24375 0.3609375 0.24375 0.328125 0.2484375 0.31875
1 0.30625 0.465625 0.3109375 0.4984375 0.309375 0.5046875 0.3109375 0.51875 0.3046875 0.528125 0.3046875 0.5328125 0.303125 0.534375 0.3 0.53125 0.3 0.51875 0.303125 0.5140625 0.3 0.484375 0.3046875 0.4671875
1 0.89375 0.5859375 0.8984375 0.5875 0.8984375 0.5953125 0.9046875 0.6046875 0.90625 0.6125 0.90625 0.61875 0.9015625 0.6265625 0.8984375 0.66875 0.89375 0.678125 0.890625 0.6640625 0.8890625 0.621875 0.8875 0.6203125 0.8875 0.609375 0.8890625 0.6015625 0.89375 0.5953125 0.89375 0.5875
1 0.115625 0.2890625 0.11875 0.290625 0.1203125 0.296875 0.11875 0.321875 0.121875 0.328125 0.121875 0.340625 0.125 0.3515625 0.1234375 0.353125 0.1203125 0.35 0.1203125 0.34375 0.115625 0.3359375 0.10625 0.346875 0.1046875 0.3453125 0.10625 0.3375 0.1109375 0.33125 0.1125 0.3234375 0.1109375 0.303125 0.115625 0.290625
1 0.60625 0.2625 0.609375 0.271875 0.60625 0.3 0.603125 0.3046875 0.6015625 0.3 0.596875 0.2984375 0.5921875 0.3078125 0.5890625 0.309375 0.5890625 0.303125 0.5953125 0.29375 0.6 0.2734375 0.60625 0.2640625
2 0.5140625 0.34444444375 0.51171875 0.34027777812500004 0.5078125 0.3513888890625 0.50703125 0.40416666718750005 0.51328125 0.40833333281249995 0.5171875 0.39027777812500003 0.5140625 0.34444444375