0 0.721875 0.5703125 0.7234375 0.58125 0.71875 0.58125 0.715625 0.5765625 0.7171875 0.571875 0.7203125 0.5703125
1 0.6921875 0.725 0.696875 0.7265625 0.70625 0.75625 0.7078125 0.7859375 0.7171875 0.7984375 0.7171875 0.8078125 0.715625 0.8078125 0.70625 0.796875 0.703125 0.7859375 0.7 0.7828125 0.69375 0.7890625 0.6953125 0.8046875 0.69375 0.8078125 0.6890625 0.8078125 0.69375 0.7640625 0.6921875 0.7265625
1 0.6145717592592593 0.5662094907407408 0.01905671296296303 0.07357060185185187
1 0.6421875 0.478125 0.6453125 0.48125 0.64375 0.4953125 0.640625 0.503125 0.64375 0.528125 0.640625 0.5375 0.6421875 0.546875 0.6390625 0.5484375 0.6359375 0.5453125 0.6375 0.5328125 0.634375 0.5296875 0.628125 0.5375 0.628125 0.5421875 0.6265625 0.54375 0.625 0.5421875 0.625 0.5359375 0.63125 0.5234375 0.63125 0.5015625 0.6390625 0.4796875 0.640625 0.4796875
1 0.396875 0.4984375 0.3984375 0.5046875 0.39375 0.5109375 0.39375 0.5265625 0.3890625 0.54375 0.390625 0.5578125 0.3859375 0.5578125 0.3828125 0.553125 0.3765625 0.565625 0.375 0.5546875 0.3796875 0.5390625 0.378125 0.53125 0.3796875 0.515625 0.3828125 0.5140625 0.3890625 0.503125 0.3953125 0.5
1 0.7265625 0.50625 0.74375 0.534375 0.74375 0.5390625 0.7375 0.5359375 0.7359375 0.5375 0.7359375 0.5453125 0.7296875 0.5625 0.728125 0.584375 0.7234375 0.584375 0.721875 0.571875 0.7234375 0.5375 0.7203125 0.534375 0.7171875 0.5375 0.725 0.5078125
1 0.68 0.553414351851852 0.02129629629629628 0.06655671296296299
1 0.6875 0.4421875 0.69375 0.453125 0.69375 0.4796875 0.6859375 0.4921875 0.684375 0.5078125 0.6796875 0.50625 0.675 0.509375 0.6734375 0.5046875 0.6796875 0.4921875 0.678125 0.48125 0.68125 0.475 0.68125 0.4640625 0.6859375 0.44375
1 0.703125 0.6234375 0.70625 0.625 0.70625 0.63125 0.7125 0.6421875 0.7125 0.653125 0.709375 0.659375 0.709375 0.6890625 0.7125 0.6953125 0.7125 0.709375 0.709375 0.715625 0.70625 0.7140625 0.70625 0.7 0.7 0.6875 0.6984375 0.6609375 0.6890625 0.659375 0.6953125 0.65 0.703125 0.625
1 0.4515625 0.640625 0.453125 0.64375 0.4515625 0.6453125 0.4421875 0.6390625 0.4359375 0.6421875 0.4421875 0.6640625 0.4421875 0.6859375 0.4453125 0.69375 0.440625 0.69375 0.440625 0.690625 0.4375 0.6890625 0.4375 0.66875 0.43125 0.6640625 0.428125 0.665625 0.425 0.690625 0.4203125 0.6890625 0.4203125 0.684375 0.425 0.6671875 0.425 0.6390625 0.43125 0.6078125 0.4328125 0.60625 0.4359375 0.6078125 0.4359375 0.6203125 0.44375 0.634375 0.45 0.640625
2 0.821875 0.54375 0.828125 0.55625 0.828125 0.5796875 0.8265625 0.58125 0.828125 0.5859375 0.8203125 0.5984375 0.8203125 0.609375 0.8234375 0.61875 0.821875 0.625 0.81875 0.625 0.8125 0.61875 0.8125 0.59375 0.8140625 0.5921875 0.8125 0.5875 0.8171875 0.578125 0.8203125 0.5453125