0 0.521875 0.659375 0.5203125 0.65 0.5234375 0.646875 0.528125 0.65 0.528125 0.6578125 0.5234375 0.659375
1 0.3546875 0.428125 0.3578125 0.428125 0.359375 0.4375 0.3640625 0.446875 0.3640625 0.465625 0.35625 0.4859375 0.3515625 0.5171875 0.3484375 0.5203125 0.346875 0.515625 0.3484375 0.5140625 0.346875 0.4484375 0.3546875 0.4296875
1 0.6921875 0.3265625 0.696875 0.3375 0.696875 0.36875 0.6921875 0.4078125 0.6890625 0.4015625 0.6828125 0.40625 0.6828125 0.3859375 0.684375 0.384375 0.6828125 0.3484375 0.690625 0.328125
1 0.2859375 0.634375 0.2859375 0.628125 0.2828125 0.625 0.278125 0.6265625 0.278125 0.6625 0.2765625 0.6640625 0.275 0.6625 0.271875 0.6046875 0.2671875 0.5984375 0.2703125 0.5765625 0.278125 0.5671875 0.278125 0.5625 0.28125 0.5578125 0.284375 0.559375 0.284375 0.565625 0.2890625 0.578125 0.2890625 0.6 0.2859375 0.6046875 0.2890625 0.6265625 0.2890625 0.634375 0.2875 0.634375
1 0.553125 0.525 0.55625 0.525 0.5625 0.5375 0.5640625 0.55 0.5578125 0.55625 0.55625 0.5734375 0.553125 0.578125 0.546875 0.6046875 0.54375 0.60625 0.546875 0.5796875 0.540625 0.5765625 0.54375 0.5640625 0.5453125 0.5390625 0.55 0.534375 0.553125 0.5265625
1 0.4671875 0.6359375 0.465625 0.634375 0.4671875 0.6125 0.4625 0.5984375 0.4625 0.5875 0.465625 0.5796875 0.478125 0.5625 0.4875 0.5703125 0.48125 0.5765625 0.4796875 0.584375 0.4796875 0.628125 0.4734375 0.6546875 0.4703125 0.65625 0.471875 0.6328125 0.4703125 0.63125 0.4671875 0.634375
1 0.41875 0.353125 0.4234375 0.3546875 0.4234375 0.359375 0.428125 0.36875 0.425 0.4015625 0.421875 0.4046875 0.4171875 0.4015625 0.4171875 0.390625 0.4140625 0.384375 0.4140625 0.3671875 0.41875 0.3546875
1 0.575 0.478125 0.5734375 0.475 0.575 0.425 0.5765625 0.4203125 0.5796875 0.41875 0.58125 0.4265625 0.5875 0.4375 0.5875 0.440625 0.578125 0.4546875 0.575 0.4796875
1 0.109375 0.4421875 0.1203125 0.446875 0.1140625 0.45 0.1046875 0.45 0.0984375 0.446875 0.0953125 0.4484375 0.090625 0.459375 0.090625 0.46875 0.0875 0.4734375 0.0859375 0.471875 0.090625 0.4421875 0.090625 0.41875 0.0875 0.409375 0.0890625 0.3984375 0.09375 0.403125 0.1078125 0.4421875
1 0.584375 0.440625 0.5875 0.4421875 0.5921875 0.4625 0.5875 0.4734375 0.584375 0.503125 0.578125 0.5078125 0.578125 0.5109375 0.575 0.5109375 0.5765625 0.4578125 0.584375 0.4421875
1 0.4171875 0.403125 0.421875 0.403125 0.428125 0.4078125 0.4234375 0.41875 0.4234375 0.471875 0.4203125 0.4734375 0.4203125 0.4578125 0.4171875 0.4546875 0.415625 0.46875 0.4109375 0.4734375 0.409375 0.4484375 0.4125 0.4359375 0.4125 0.4171875 0.4171875 0.4046875
1 0.234375 0.3765625 0.2390625 0.375 0.2421875 0.3765625 0.2453125 0.3953125 0.2421875 0.4078125 0.24375 0.4390625 0.2375 0.4359375 0.234375 0.43125 0.23125 0.4375 0.2296875 0.45625 0.228125 0.4578125 0.2265625 0.45625 0.228125 0.4078125 0.23125 0.396875 0.23125 0.3859375 0.234375 0.378125
1 0.3234375 0.56875 0.3265625 0.571875 0.3265625 0.58125 0.3359375 0.615625 0.334375 0.6203125 0.33125 0.615625 0.3296875 0.6171875 0.328125 0.625 0.3265625 0.66875 0.3234375 0.6703125 0.321875 0.646875 0.3171875 0.6453125 0.3140625 0.640625 0.315625 0.6359375 0.3140625 0.6234375 0.309375 0.609375 0.3109375 0.5921875 0.3171875 0.584375 0.321875 0.5703125
1 0.521875 0.5875 0.5265625 0.5890625 0.5359375 0.603125 0.5328125 0.6390625 0.5265625 0.6484375 0.521875 0.6484375 0.521875 0.6359375 0.51875 0.6328125 0.503125 0.634375 0.5015625 0.63125 0.503125 0.6265625 0.5125 0.6265625 0.515625 0.6234375 0.515625 0.60625 0.5203125 0.5984375 0.521875 0.5890625
1 0.2375 0.3328125 0.240625 0.334375 0.2453125 0.35 0.2421875 0.378125 0.2484375 0.3828125 0.2484375 0.39375 0.240625 0.3765625 0.2375 0.375 0.234375 0.3796875 0.2328125 0.3765625 0.23125 0.353125 0.2375 0.334375
1 0.60625 0.50703125 0.01953125 0.08359375
1 0.434375 0.48125 0.4328125 0.4796875 0.434375 0.459375 0.43125 0.44375 0.43125 0.4296875 0.428125 0.4203125 0.428125 0.4125 0.434375 0.3953125 0.4359375 0.39375 0.4390625 0.3953125 0.440625 0.4046875 0.4453125 0.4140625 0.4453125 0.421875 0.4421875 0.4265625 0.440625 0.4375 0.440625 0.4734375 0.4390625 0.478125 0.4359375 0.4796875
2 0.146875 0.4796875 0.14375 0.465625 0.1375 0.45625 0.134375 0.4609375 0.134375 0.4875 0.13125 0.4890625 0.1296875 0.415625 0.134375 0.4046875 0.1375 0.403125 0.1453125 0.421875 0.14375 0.459375 0.1484375 0.4671875 0.1484375 0.478125
1 0.459375 0.6984375 0.4640625 0.7 0.4640625 0.7109375 0.46875 0.7203125 0.46875 0.7390625 0.4640625 0.7515625 0.465625 0.7796875 0.4640625 0.7828125 0.4625 0.78125 0.459375 0.7625 0.4546875 0.7609375 0.4453125 0.7734375 0.4421875 0.796875 0.4359375 0.7953125 0.440625 0.784375 0.440625 0.76875 0.44375 0.7546875 0.4484375 0.746875 0.4515625 0.715625 0.4578125 0.709375 0.459375 0.7
1 0.5390625 0.425 0.54375 0.425 0.5453125 0.4359375 0.55 0.4453125 0.5453125 0.4734375 0.5453125 0.496875 0.54375 0.4984375 0.5453125 0.5109375 0.54375 0.5140625 0.540625 0.5140625 0.5390625 0.5109375 0.540625 0.4984375 0.534375 0.45625 0.534375 0.440625 0.5390625 0.4328125 0.5390625 0.4265625