0 0.4453125 0.55 0.45 0.55 0.4515625 0.553125 0.4515625 0.5578125 0.446875 0.559375 0.4453125 0.5515625
1 0.3515625 0.5578125 0.3515625 0.5765625 0.353125 0.578125 0.3515625 0.6046875 0.3609375 0.63125 0.359375 0.634375 0.35625 0.634375 0.353125 0.6171875 0.35 0.6109375 0.3453125 0.6078125 0.340625 0.6125 0.3375 0.63125 0.334375 0.6359375 0.3328125 0.6296875 0.3375 0.6125 0.3390625 0.575 0.346875 0.559375 0.35 0.5578125
1 0.51875 0.4484375 0.5265625 0.4578125 0.528125 0.4515625 0.528125 0.484375 0.5296875 0.4859375 0.528125 0.5015625 0.5140625 0.4859375 0.5140625 0.4671875 0.51875 0.45
1 0.6421875 0.528125 0.6453125 0.528125 0.646875 0.53125 0.6484375 0.5453125 0.65 0.5734375 0.646875 0.5859375 0.65 0.6015625 0.6484375 0.603125 0.646875 0.6015625 0.6453125 0.5890625 0.640625 0.5828125 0.6359375 0.5875 0.63125 0.603125 0.6265625 0.6046875 0.634375 0.5765625 0.640625 0.5640625 0.6390625 0.5609375 0.634375 0.5609375 0.634375 0.5578125 0.640625 0.5515625 0.6421875 0.54375 0.640625 0.53125 0.6421875 0.5296875
1 0.840625 0.4328125 0.85 0.45 0.8515625 0.4578125 0.8515625 0.475 0.85 0.4765625 0.85625 0.49375 0.85625 0.4984375 0.853125 0.5 0.85 0.4921875 0.8453125 0.4890625 0.84375 0.4984375 0.8390625 0.4984375 0.840625 0.4859375 0.8390625 0.4359375 0.840625 0.434375
1 0.615625 0.4625 0.61875 0.4625 0.6234375 0.475 0.6203125 0.484375 0.621875 0.4953125 0.61875 0.5109375 0.61875 0.5359375 0.6140625 0.5359375 0.615625 0.4640625
1 0.5453125 0.4453125 0.55 0.4484375 0.55625 0.4671875 0.553125 0.4984375 0.5546875 0.5 0.5546875 0.521875 0.55 0.5234375 0.546875 0.5203125 0.54375 0.5140625 0.54375 0.4890625 0.540625 0.48125 0.5453125 0.446875
1 0.1125 0.46484375 0.02265625 0.06796875
1 0.6234375 0.4765625 0.6265625 0.4765625 0.628125 0.4796875 0.6359375 0.5046875 0.6359375 0.515625 0.63125 0.525 0.6328125 0.5390625 0.6296875 0.5484375 0.6265625 0.5484375 0.6265625 0.5328125 0.621875 0.5125 0.621875 0.4796875 0.6234375 0.478125
1 0.3703125 0.478125 0.3734375 0.478125 0.3765625 0.4828125 0.375 0.490625 0.3765625 0.4921875 0.3765625 0.5109375 0.38125 0.5265625 0.38125 0.5421875 0.3796875 0.54375 0.3734375 0.5265625 0.36875 0.5296875 0.36875 0.5359375 0.365625 0.5359375 0.3671875 0.5171875 0.3625 0.5078125 0.359375 0.5109375 0.359375 0.503125 0.3703125 0.4796875
1 0.3859375 0.421875 0.3890625 0.4328125 0.390625 0.496875 0.3875 0.4921875 0.3859375 0.475 0.3828125 0.471875 0.3796875 0.475 0.3765625 0.490625 0.375 0.4890625 0.3765625 0.4375 0.38125 0.428125 0.38125 0.4234375 0.384375 0.421875
1 0.5984375 0.5671875 0.6015625 0.56875 0.6109375 0.603125 0.6109375 0.6234375 0.61875 0.6375 0.61875 0.64375 0.615625 0.64375 0.6078125 0.6265625 0.6046875 0.6234375 0.6 0.6234375 0.5984375 0.625 0.6 0.6453125 0.5984375 0.6484375 0.5953125 0.6484375 0.5953125 0.634375 0.5921875 0.6203125 0.59375 0.6140625 0.6 0.6078125 0.6 0.5984375 0.5953125 0.5875 0.5984375 0.5828125 0.596875 0.571875 0.5984375 0.56875
1 0.925 0.5578125 0.93125 0.578125 0.9296875 0.6484375 0.925 0.6515625 0.921875 0.65 0.9234375 0.6375 0.9203125 0.634375 0.91875 0.6234375 0.921875 0.5921875 0.9140625 0.584375 0.9140625 0.58125 0.9203125 0.578125 0.9203125 0.559375 0.9234375 0.5578125
1 0.490625 0.3796875 0.49375 0.3796875 0.4953125 0.3859375 0.496875 0.440625 0.4953125 0.440625 0.49375 0.428125 0.490625 0.4234375 0.4875 0.425 0.4859375 0.4390625 0.484375 0.4421875 0.4828125 0.440625 0.4859375 0.3875 0.490625 0.38125
1 0.765625 0.53046875 0.01171875 0.0859375
1 0.4046875 0.471875 0.4078125 0.4765625 0.4078125 0.496875 0.4109375 0.503125 0.4109375 0.5203125 0.4140625 0.5390625 0.4109375 0.540625 0.4078125 0.5390625 0.4078125 0.521875 0.3984375 0.5109375 0.396875 0.49375 0.403125 0.4734375
1 0.528125 0.5 0.525 0.471875 0.5234375 0.4671875 0.5171875 0.4609375 0.51875 0.4453125 0.5234375 0.4359375 0.5265625 0.4375 0.5296875 0.44375 0.53125 0.453125 0.5296875 0.4625 0.53125 0.4984375 0.5296875 0.5
1 0.515625 0.4859375 0.5265625 0.5 0.528125 0.54375 0.5265625 0.5453125 0.521875 0.5375 0.5140625 0.553125 0.5109375 0.55625 0.509375 0.553125 0.5125 0.5484375 0.5125 0.51875 0.5078125 0.5125 0.5125 0.503125 0.5125 0.4875 0.5140625 0.4875
2 0.575 0.5828125 0.578125 0.5828125 0.578125 0.5875 0.584375 0.6 0.584375 0.6359375 0.590625 0.653125 0.590625 0.6609375 0.5875 0.659375 0.5875 0.653125 0.58125 0.6375 0.575 0.6359375 0.56875 0.64375 0.565625 0.66875 0.5640625 0.6703125 0.5625 0.66875 0.5640625 0.6484375 0.5703125 0.621875 0.56875 0.615625 0.5703125 0.596875 0.575 0.5890625 0.575 0.584375