0 0.365625 0.3515625 0.3703125 0.35625 0.36875 0.3625 0.3640625 0.3625 0.3625 0.35625 0.3640625 0.353125
1 0.3828125 0.21875 0.3921875 0.259375 0.4015625 0.2640625 0.4015625 0.2703125 0.39375 0.26875 0.3828125 0.2609375 0.3796875 0.2640625 0.3796875 0.278125 0.378125 0.2828125 0.375 0.284375 0.375 0.2578125 0.378125 0.2546875 0.3796875 0.246875 0.3796875 0.221875 0.38125 0.2203125
1 0.465625 0.6515625 0.46875 0.665625 0.4734375 0.6703125 0.4765625 0.678125 0.478125 0.709375 0.484375 0.7125 0.4875 0.7171875 0.4859375 0.725 0.4765625 0.7234375 0.4734375 0.7265625 0.475 0.7453125 0.4796875 0.7515625 0.4765625 0.7578125 0.46875 0.7578125 0.46875 0.7515625 0.471875 0.746875 0.46875 0.7328125 0.4640625 0.725 0.465625 0.7046875 0.4609375 0.6640625 0.4609375 0.653125 0.4640625 0.6515625
1 0.321875 0.2875 0.321875 0.2796875 0.3171875 0.2734375 0.3171875 0.2671875 0.3234375 0.2515625 0.3234375 0.2375 0.3265625 0.2296875 0.33125 0.2359375 0.3296875 0.25625 0.3328125 0.2734375 0.3375 0.284375 0.3421875 0.2890625 0.3421875 0.2953125 0.340625 0.3 0.3375 0.2984375 0.3375 0.290625 0.3296875 0.2796875 0.3265625 0.2859375 0.3234375 0.2875
1 0.675 0.2375 0.6796875 0.240625 0.678125 0.246875 0.68125 0.2734375 0.6890625 0.2796875 0.684375 0.2859375 0.6765625 0.2875 0.6734375 0.2921875 0.671875 0.2796875 0.675 0.2609375 0.6734375 0.25625 0.675 0.2390625
1 0.6015625 0.3953125 0.603125 0.396875 0.603125 0.4078125 0.6015625 0.4078125 0.59375 0.396875 0.5875 0.3921875 0.5875 0.3890625 0.578125 0.3828125 0.5765625 0.390625 0.5796875 0.4046875 0.575 0.409375 0.571875 0.378125 0.5765625 0.371875 0.5765625 0.3453125 0.58125 0.334375 0.5875 0.3453125 0.5890625 0.38125 0.6 0.3953125
1 0.4109375 0.3671875 0.4203125 0.3875 0.4234375 0.4015625 0.421875 0.4046875 0.43125 0.4109375 0.43125 0.4171875 0.4265625 0.41875 0.4171875 0.43125 0.4171875 0.4359375 0.4140625 0.4390625 0.4140625 0.446875 0.409375 0.4484375 0.4078125 0.4453125 0.4109375 0.434375 0.4109375 0.4125 0.4078125 0.40625 0.4109375 0.4 0.4078125 0.3796875 0.4078125 0.36875 0.409375 0.36875
1 0.590625 0.2234375 0.596875 0.2328125 0.5953125 0.2484375 0.5984375 0.2609375 0.6078125 0.2734375 0.60625 0.278125 0.603125 0.278125 0.6 0.271875 0.5953125 0.2671875 0.5921875 0.2671875 0.590625 0.28125 0.5890625 0.2828125 0.5859375 0.28125 0.5859375 0.2515625 0.5875 0.25 0.584375 0.24375 0.584375 0.2375 0.590625 0.225
1 0.3875 0.3640625 0.3890625 0.3234375 0.3859375 0.303125 0.3890625 0.2921875 0.3921875 0.29375 0.390625 0.296875 0.3953125 0.30625 0.3984375 0.33125 0.4 0.3328125 0.40625 0.33125 0.40625 0.3375 0.39375 0.3453125 0.3921875 0.3625 0.3890625 0.3640625
1 0.8171875 0.2734375 0.821875 0.2734375 0.821875 0.278125 0.8296875 0.2890625 0.828125 0.30625 0.8296875 0.315625 0.8328125 0.3203125 0.825 0.328125 0.8265625 0.3421875 0.8203125 0.3453125 0.81875 0.303125 0.815625 0.2984375 0.815625 0.29375 0.81875 0.2890625 0.8171875 0.275
2 0.6859375 0.421875 0.6875 0.4125 0.684375 0.39375 0.6859375 0.3921875 0.6890625 0.39375 0.690625 0.4015625 0.7015625 0.415625 0.7015625 0.421875 0.6984375 0.4265625 0.6984375 0.446875 0.7015625 0.45 0.709375 0.4484375 0.7140625 0.4515625 0.715625 0.4578125 0.7109375 0.4578125 0.7078125 0.4546875 0.696875 0.459375 0.696875 0.4546875 0.6921875 0.45 0.6875 0.45 0.6828125 0.459375 0.68125 0.475 0.6796875 0.478125 0.6765625 0.478125 0.675 0.4734375 0.6796875 0.4640625 0.6828125 0.44375 0.6875 0.4359375 0.6875 0.4234375
1 0.1296875 0.4734375 0.134375 0.4734375 0.1359375 0.48125 0.14375 0.4875 0.146875 0.49375 0.1421875 0.5234375 0.1421875 0.5328125 0.1453125 0.5375 0.146875 0.56875 0.14375 0.571875 0.1390625 0.5703125 0.1390625 0.5609375 0.1296875 0.5359375 0.13125 0.5125 0.128125 0.509375 0.121875 0.5125 0.1171875 0.5109375 0.1234375 0.5015625 0.1265625 0.4859375 0.1296875 0.484375 0.1296875 0.475
1 0.9921875 0.20625 0.990625 0.25 0.984375 0.2484375 0.984375 0.2390625 0.9890625 0.2296875 0.990625 0.2078125
1 0.9609375 0.509375 0.9671875 0.5109375 0.965625 0.5203125 0.971875 0.5296875 0.96875 0.55 0.96875 0.5765625 0.971875 0.590625 0.975 0.5921875 0.975 0.6015625 0.9671875 0.603125 0.96875 0.59375 0.965625 0.590625 0.959375 0.596875 0.959375 0.5859375 0.9515625 0.578125 0.95 0.5734375 0.95 0.565625 0.9546875 0.5578125 0.953125 0.5390625 0.9578125 0.534375 0.959375 0.528125 0.9578125 0.5171875 0.959375 0.5109375
1 0.7875 0.3515625 0.790625 0.3515625 0.790625 0.3609375 0.79375 0.36875 0.7921875 0.371875 0.7953125 0.3921875 0.79375 0.4 0.8046875 0.415625 0.803125 0.4234375 0.8 0.4234375 0.796875 0.4140625 0.790625 0.4078125 0.784375 0.40625 0.78125 0.409375 0.78125 0.428125 0.778125 0.43125 0.7734375 0.4296875 0.778125 0.4171875 0.7765625 0.415625 0.778125 0.396875 0.78125 0.3921875 0.7828125 0.365625 0.7875 0.353125
1 0.6639930555555555 0.33292824074074073 0.021232638888888912 0.07476851851851851
1 0.4609375 0.2828125 0.46875 0.2953125 0.4703125 0.3234375 0.478125 0.34375 0.478125 0.35 0.475 0.3515625 0.4671875 0.3359375 0.4640625 0.3375 0.4625 0.346875 0.45625 0.334375 0.45625 0.321875 0.459375 0.3109375 0.4546875 0.30625 0.4546875 0.3015625 0.4578125 0.296875 0.459375 0.284375
1 0.2671875 0.3421875 0.2796875 0.359375 0.28125 0.390625 0.278125 0.3921875 0.2859375 0.41875 0.2859375 0.421875 0.28125 0.4265625 0.278125 0.4265625 0.278125 0.415625 0.265625 0.396875 0.265625 0.390625 0.2703125 0.38125 0.26875 0.3765625 0.2625 0.3734375 0.259375 0.36875 0.259375 0.3625 0.265625 0.3578125 0.2671875 0.34375
1 0.9203125 0.28125 0.925 0.28125 0.9296875 0.2984375 0.928125 0.3 0.928125 0.3328125 0.93125 0.3359375 0.9375 0.3328125 0.9390625 0.3359375 0.9375 0.3453125 0.9328125 0.3421875 0.9265625 0.34375 0.9234375 0.3421875 0.921875 0.34375 0.921875 0.359375 0.91875 0.3609375 0.9140625 0.359375 0.915625 0.3328125 0.91875 0.3203125 0.9203125 0.2828125
1 0.5734375 0.4421875 0.5796875 0.4390625 0.58125 0.4296875 0.5796875 0.415625 0.584375 0.4125 0.5859375 0.4140625 0.584375 0.4171875 0.590625 0.4265625 0.590625 0.4484375 0.5890625 0.45 0.59375 0.484375 0.5875 0.490625 0.5859375 0.4875 0.5875 0.4828125 0.58125 0.4703125 0.5765625 0.465625 0.578125 0.45 0.575 0.44375
1 0.2078125 0.284375 0.2109375 0.2890625 0.209375 0.29375 0.196875 0.2890625 0.1921875 0.28125 0.1875 0.28125 0.184375 0.284375 0.184375 0.3 0.1828125 0.303125 0.1796875 0.3 0.1796875 0.278125 0.184375 0.26875 0.1828125 0.24375 0.1859375 0.2375 0.1921875 0.2421875 0.1984375 0.2796875 0.20625 0.284375