1 0.2484375 0.3921875 0.2515625 0.39375 0.25 0.428125 0.2546875 0.4375 0.2546875 0.45 0.2515625 0.4578125 0.253125 0.4640625 0.2515625 0.465625 0.2484375 0.4609375 0.25 0.4453125 0.246875 0.44375 0.240625 0.4484375 0.2421875 0.409375 0.246875 0.39375
1 0.6515625 0.43125 0.6609375 0.509375 0.6578125 0.509375 0.65625 0.50625 0.65625 0.496875 0.653125 0.4921875 0.65 0.496875 0.6484375 0.515625 0.646875 0.515625 0.6453125 0.471875 0.6421875 0.453125 0.646875 0.4421875 0.646875 0.4328125 0.65 0.43125
1 0.4765625 0.38125 0.4796875 0.3859375 0.4828125 0.4 0.48125 0.45625 0.478125 0.45625 0.4734375 0.4515625 0.4734375 0.44375 0.478125 0.4359375 0.4734375 0.4109375 0.4734375 0.3875 0.4765625 0.3828125
1 0.5046875 0.353125 0.5109375 0.371875 0.509375 0.4203125 0.5078125 0.421875 0.50625 0.415625 0.5046875 0.4 0.5015625 0.421875 0.4984375 0.41875 0.5 0.415625 0.4984375 0.36875 0.5015625 0.3640625 0.503125 0.3546875
1 0.70625 0.365625 0.7125 0.38125 0.7140625 0.4140625 0.7171875 0.421875 0.7171875 0.4421875 0.7140625 0.4390625 0.709375 0.4234375 0.70625 0.434375 0.7078125 0.44375 0.70625 0.446875 0.703125 0.44375 0.7015625 0.39375 0.7046875 0.3671875
1 0.121875 0.5921875 0.1234375 0.6046875 0.1296875 0.615625 0.1296875 0.621875 0.1390625 0.63125 0.1359375 0.6359375 0.1296875 0.6359375 0.1265625 0.6390625 0.125 0.6484375 0.1265625 0.68125 0.121875 0.6921875 0.125 0.709375 0.1234375 0.7109375 0.1171875 0.709375 0.1171875 0.696875 0.1125 0.6921875 0.1109375 0.696875 0.1078125 0.6984375 0.1078125 0.6875 0.1171875 0.678125 0.109375 0.6265625 0.1125 0.6125 0.115625 0.6109375 0.11875 0.6046875 0.1203125 0.59375
1 0.4421875 0.4875 0.4421875 0.4828125 0.45625 0.46875 0.459375 0.43125 0.465625 0.4171875 0.4671875 0.4171875 0.4671875 0.4578125 0.471875 0.4671875 0.475 0.4828125 0.4828125 0.490625 0.4828125 0.4953125 0.4765625 0.4984375 0.4703125 0.478125 0.4640625 0.471875 0.459375 0.475 0.45625 0.4859375 0.44375 0.4875
1 0.8015625 0.4875 0.80625 0.4890625 0.80625 0.496875 0.8109375 0.5015625 0.815625 0.5140625 0.8109375 0.525 0.8109375 0.5453125 0.8078125 0.56875 0.8046875 0.5734375 0.8015625 0.5734375 0.8 0.534375 0.7984375 0.525 0.79375 0.5171875 0.796875 0.503125 0.8015625 0.496875 0.8015625 0.4890625
1 0.4484375 0.40625 0.4515625 0.4078125 0.453125 0.471875 0.446875 0.4734375 0.4296875 0.4671875 0.43125 0.4609375 0.4390625 0.4625 0.4421875 0.45625 0.4421875 0.4328125 0.4484375 0.4078125
1 0.3140625 0.38125 0.3171875 0.38125 0.3171875 0.3890625 0.3125 0.41875 0.3140625 0.4328125 0.3125 0.44375 0.309375 0.446875 0.309375 0.4359375 0.303125 0.4328125 0.30625 0.4015625 0.3140625 0.3828125
1 0.0546875 0.41875 0.05625 0.45 0.053125 0.4546875 0.05 0.4953125 0.04375 0.49375 0.0453125 0.4765625 0.0421875 0.4734375 0.0359375 0.4734375 0.0359375 0.4703125 0.04375 0.4625 0.0453125 0.4375 0.05 0.4203125 0.053125 0.41875
1 0.471875 0.3578125 0.4765625 0.359375 0.4765625 0.3828125 0.4734375 0.3890625 0.4703125 0.3890625 0.471875 0.359375
1 0.35625 0.4734375 0.3578125 0.4859375 0.3625 0.490625 0.3640625 0.5 0.3640625 0.50625 0.359375 0.5140625 0.3578125 0.525 0.3625 0.5609375 0.359375 0.5609375 0.3578125 0.55 0.353125 0.54375 0.3421875 0.553125 0.3421875 0.559375 0.3390625 0.5546875 0.3390625 0.55 0.35 0.5328125 0.346875 0.4921875 0.3515625 0.4828125 0.3515625 0.475 0.3546875 0.4734375
1 0.240625 0.3984375 0.2421875 0.4 0.240625 0.45 0.234375 0.4703125 0.2359375 0.4765625 0.234375 0.478125 0.23125 0.4765625 0.2265625 0.46875 0.2265625 0.4578125 0.23125 0.4515625 0.23125 0.4140625 0.234375 0.4109375 0.2359375 0.4015625 0.2390625 0.4
2 0.0984375 0.403125 0.1015625 0.4046875 0.103125 0.4375 0.1078125 0.4515625 0.1078125 0.4859375 0.109375 0.4875 0.1046875 0.4875 0.1046875 0.4625 0.103125 0.4609375 0.0984375 0.4609375 0.09375 0.46875 0.090625 0.478125 0.090625 0.4921875 0.0890625 0.49375 0.0859375 0.4875 0.0921875 0.4609375 0.09375 0.421875 0.096875 0.4046875