2 0.20625 0.534375 0.209375 0.534375 0.215625 0.55625 0.2140625 0.58125 0.2171875 0.5953125 0.221875 0.6046875 0.2171875 0.60625 0.2125 0.5875 0.209375 0.584375 0.2046875 0.5875 0.1984375 0.596875 0.1890625 0.603125 0.190625 0.5953125 0.2015625 0.5828125 0.203125 0.571875 0.1984375 0.5609375 0.1984375 0.55 0.20625 0.5390625 0.20625 0.5359375
0 0.3515625 0.528125 0.353125 0.5203125 0.35625 0.521875 0.35625 0.528125 0.353125 0.528125
1 0.546875 0.5859375 0.55 0.5875 0.55 0.5953125 0.55625 0.6078125 0.5640625 0.615625 0.5609375 0.6171875 0.553125 0.6125 0.5515625 0.6140625 0.5515625 0.6328125 0.559375 0.6609375 0.55625 0.6625 0.553125 0.659375 0.5515625 0.6484375 0.546875 0.64375 0.5421875 0.6484375 0.528125 0.653125 0.528125 0.6453125 0.5421875 0.6375 0.5421875 0.6171875 0.5390625 0.6140625 0.5328125 0.6265625 0.5328125 0.61875 0.5453125 0.5953125 0.5453125 0.5875
1 0.3484375 0.534375 0.340625 0.521875 0.3359375 0.4984375 0.340625 0.4734375 0.3421875 0.471875 0.3453125 0.4734375 0.34375 0.478125 0.3453125 0.5078125 0.35 0.5234375 0.35 0.5328125
1 0.4875 0.5140625 0.4875 0.521875 0.4921875 0.528125 0.49375 0.5375 0.4921875 0.5734375 0.4875 0.590625 0.484375 0.5890625 0.484375 0.5609375 0.4796875 0.5484375 0.4828125 0.515625 0.4859375 0.5140625
1 0.25625 0.4703125 0.2625 0.4640625 0.2625 0.45 0.265625 0.44375 0.265625 0.4375 0.26875 0.434375 0.271875 0.4359375 0.2703125 0.4703125 0.2734375 0.49375 0.2734375 0.5 0.271875 0.5015625 0.26875 0.5 0.26875 0.4890625 0.25625 0.471875
1 0.2578125 0.7578125 0.259375 0.7703125 0.265625 0.7859375 0.265625 0.79375 0.2609375 0.8 0.2609375 0.8203125 0.2578125 0.8265625 0.25625 0.8484375 0.2546875 0.85 0.2515625 0.8484375 0.2515625 0.8265625 0.246875 0.8234375 0.25 0.8140625 0.2484375 0.7765625 0.2546875 0.7671875 0.25625 0.759375
1 0.334375 0.4953125 0.3390625 0.50625 0.340625 0.54375 0.334375 0.553125 0.33125 0.5640625 0.328125 0.5640625 0.328125 0.5609375 0.33125 0.5375 0.3296875 0.5359375 0.3296875 0.5125 0.3328125 0.496875
1 0.3234375 0.6390625 0.33125 0.6671875 0.3265625 0.678125 0.328125 0.6984375 0.325 0.7046875 0.3234375 0.7203125 0.321875 0.721875 0.3203125 0.7203125 0.3203125 0.7046875 0.3171875 0.7015625 0.3140625 0.703125 0.3140625 0.696875 0.3171875 0.69375 0.315625 0.6578125 0.321875 0.640625
1 0.440625 0.4640625 0.44375 0.465625 0.4515625 0.48125 0.453125 0.4875 0.4515625 0.503125 0.4578125 0.5265625 0.4578125 0.5296875 0.45625 0.53125 0.4546875 0.5296875 0.453125 0.5203125 0.446875 0.5125 0.440625 0.5234375 0.4390625 0.5328125 0.4359375 0.5328125 0.4359375 0.525 0.4390625 0.51875 0.4375 0.478125 0.440625 0.465625
1 0.7578125 0.4453125 0.7609375 0.446875 0.765625 0.45625 0.7703125 0.475 0.76875 0.4875 0.7703125 0.4890625 0.7703125 0.515625 0.76875 0.5171875 0.7640625 0.5125 0.7640625 0.4953125 0.759375 0.48125 0.7578125 0.446875