0 0.4328125 0.496875 0.434375 0.4859375 0.4375 0.484375 0.4390625 0.4953125 0.434375 0.4984375
1 0.21875 0.625 0.221875 0.628125 0.21875 0.653125 0.2203125 0.6984375 0.21875 0.7 0.2140625 0.6984375 0.215625 0.6859375 0.2125 0.68125 0.209375 0.68125 0.2046875 0.6875 0.19375 0.6921875 0.19375 0.6875 0.2 0.68125 0.2078125 0.6671875 0.209375 0.653125 0.21875 0.6265625
1 0.3766203703703704 0.5080902777777778 0.025086805555555536 0.07586805555555562
1 0.6046875 0.596875 0.60625 0.6046875 0.6109375 0.6125 0.6109375 0.63125 0.6078125 0.6359375 0.6046875 0.6578125 0.6078125 0.6703125 0.60625 0.68125 0.603125 0.678125 0.6046875 0.6765625 0.6 0.6625 0.59375 0.665625 0.590625 0.68125 0.5890625 0.6828125 0.5859375 0.68125 0.590625 0.6609375 0.59375 0.65625 0.596875 0.634375 0.596875 0.615625 0.6 0.6125 0.603125 0.5984375
1 0.4703125 0.453125 0.4734375 0.4640625 0.4765625 0.465625 0.478125 0.4703125 0.4765625 0.475 0.471875 0.478125 0.4734375 0.49375 0.4703125 0.5203125 0.46875 0.5203125 0.4671875 0.5046875 0.465625 0.503125 0.4625 0.5046875 0.459375 0.5015625 0.4609375 0.49375 0.459375 0.4734375 0.4625 0.471875 0.465625 0.4546875 0.46875 0.453125
1 0.3515625 0.41875 0.359375 0.403125 0.359375 0.3953125 0.3625 0.3921875 0.3625 0.3828125 0.365625 0.3734375 0.371875 0.3671875 0.3765625 0.3703125 0.375 0.3765625 0.378125 0.3890625 0.371875 0.3984375 0.371875 0.403125 0.35625 0.41875 0.353125 0.41875
1 0.2078125 0.390625 0.2109375 0.39375 0.2109375 0.421875 0.2078125 0.4234375 0.209375 0.4390625 0.20625 0.44375 0.20625 0.4515625 0.196875 0.45 0.203125 0.4203125 0.2015625 0.403125 0.2046875 0.4 0.20625 0.3921875
1 0.4015625 0.4296875 0.4015625 0.415625 0.4046875 0.4125 0.40625 0.378125 0.409375 0.3703125 0.4125 0.371875 0.415625 0.3796875 0.4140625 0.3921875 0.415625 0.425 0.4125 0.4296875 0.4109375 0.415625 0.4078125 0.4140625 0.4046875 0.4171875 0.403125 0.4296875
1 0.4265625 0.5171875 0.4328125 0.5171875 0.44375 0.525 0.4375 0.5296875 0.4359375 0.5375 0.43125 0.5453125 0.4328125 0.5578125 0.428125 0.590625 0.425 0.590625 0.4234375 0.5828125 0.4265625 0.5796875 0.4234375 0.5734375 0.4140625 0.58125 0.4234375 0.5578125 0.4234375 0.5390625 0.4265625 0.534375 0.4265625 0.51875
1 0.00625 0.359375 0.009375 0.3609375 0.0125 0.3671875 0.0109375 0.3703125 0.0140625 0.384375 0.0109375 0.39375 0.0109375 0.409375 0.0078125 0.415625 0.0078125 0.421875 0.0046875 0.4234375 0.003125 0.41875 0.0046875 0.409375 0.0015625 0.3953125 0.0015625 0.3703125 0.00625 0.3609375
1 0.053125 0.48125 0.0578125 0.4828125 0.0625 0.5 0.0625 0.5109375 0.059375 0.5140625 0.0578125 0.553125 0.0546875 0.553125 0.0515625 0.53125 0.046875 0.51875 0.046875 0.496875 0.053125 0.4828125
1 0.378125 0.4734375 0.3703125 0.4703125 0.3703125 0.45625 0.3796875 0.4328125 0.3828125 0.43125 0.38125 0.4359375 0.3859375 0.453125 0.3828125 0.4578125 0.3796875 0.471875
1 0.371875 0.40625 0.371875 0.4296875 0.36875 0.4359375 0.371875 0.4546875 0.36875 0.4578125 0.3671875 0.4734375 0.3640625 0.4671875 0.3640625 0.4578125 0.359375 0.453125 0.35 0.4609375 0.3484375 0.4578125 0.3515625 0.4515625 0.359375 0.45 0.359375 0.4421875 0.3625 0.434375 0.3609375 0.4171875 0.365625 0.4078125 0.3703125 0.40625
1 0.2828125 0.3859375 0.2859375 0.3859375 0.284375 0.3984375 0.2875 0.4046875 0.2828125 0.425 0.2828125 0.434375 0.2765625 0.446875 0.2734375 0.446875 0.2703125 0.4421875 0.2765625 0.4296875 0.278125 0.4 0.28125 0.396875 0.2828125 0.3875
1 0.5375 0.484375 0.540625 0.484375 0.5421875 0.4875 0.5421875 0.49375 0.546875 0.5 0.546875 0.50625 0.5421875 0.5125 0.5375 0.5328125 0.5328125 0.5390625 0.53125 0.55 0.528125 0.5515625 0.5265625 0.5421875 0.5328125 0.5234375 0.53125 0.5125 0.534375 0.5078125 0.534375 0.4921875 0.5375 0.4859375
1 0.671875 0.3859375 0.6796875 0.3984375 0.678125 0.453125 0.675 0.45 0.675 0.4421875 0.671875 0.4390625 0.6671875 0.4484375 0.6640625 0.4484375 0.6671875 0.4421875 0.665625 0.428125 0.6671875 0.4015625 0.671875 0.3875
2 0.2234375 0.45 0.2265625 0.4515625 0.2265625 0.4625 0.225 0.4640625 0.225 0.4921875 0.2203125 0.50625 0.2203125 0.5203125 0.215625 0.5234375 0.2140625 0.5125 0.2171875 0.5046875 0.215625 0.4640625 0.2203125 0.459375 0.221875 0.4515625