0 0.259375 0.81875 0.2625 0.821875 0.2625 0.8359375 0.2609375 0.8375 0.2546875 0.8359375 0.253125 0.828125 0.2578125 0.8203125
1 0.3328125 0.4546875 0.3375 0.45625 0.3390625 0.465625 0.34375 0.4703125 0.3421875 0.5046875 0.340625 0.50625 0.3421875 0.540625 0.3375 0.54375 0.3359375 0.5421875 0.3375 0.528125 0.334375 0.5171875 0.3328125 0.496875 0.3265625 0.4921875 0.3328125 0.45625
1 0.5515625 0.3546875 0.5546875 0.3546875 0.5609375 0.378125 0.5578125 0.415625 0.5546875 0.421875 0.55 0.41875 0.5515625 0.3984375 0.546875 0.3875 0.546875 0.3765625 0.5515625 0.35625
1 0.16875 0.5421875 0.1734375 0.5421875 0.1703125 0.5875 0.175 0.6078125 0.16875 0.625 0.16875 0.6328125 0.1640625 0.6359375 0.1640625 0.6390625 0.1609375 0.6390625 0.159375 0.6359375 0.165625 0.6046875 0.1609375 0.5859375 0.1609375 0.5671875 0.165625 0.5578125 0.16875 0.54375
1 0.51875 0.6515625 0.521875 0.6640625 0.5265625 0.6671875 0.5328125 0.6828125 0.5328125 0.6875 0.5265625 0.6984375 0.528125 0.7265625 0.53125 0.7328125 0.5453125 0.746875 0.54375 0.7625 0.5421875 0.7546875 0.5265625 0.7390625 0.525 0.7328125 0.5203125 0.728125 0.515625 0.7328125 0.515625 0.7421875 0.5109375 0.759375 0.50625 0.7609375 0.503125 0.759375 0.5015625 0.7546875 0.503125 0.7515625 0.509375 0.75 0.5109375 0.7421875 0.515625 0.7015625 0.5109375 0.696875 0.509375 0.6984375 0.5046875 0.696875 0.5109375 0.6875 0.5109375 0.675 0.515625 0.6640625 0.5140625 0.653125 0.5171875 0.6515625
1 0.4294270833333334 0.5971469907407407 0.04828125000000005 0.10082754629629624
1 0.959375 0.475 0.9640625 0.475 0.965625 0.4859375 0.971875 0.490625 0.975 0.5015625 0.9734375 0.5125 0.9671875 0.5140625 0.9671875 0.525 0.9703125 0.528125 0.971875 0.5390625 0.9671875 0.5359375 0.9640625 0.5375 0.9625 0.5515625 0.959375 0.55625 0.9578125 0.515625 0.953125 0.4984375 0.9546875 0.490625 0.959375 0.4828125 0.959375 0.4765625
1 0.1109375 0.4859375 0.1140625 0.5421875 0.11875 0.5703125 0.1140625 0.5703125 0.1125 0.5515625 0.109375 0.5484375 0.103125 0.5578125 0.1 0.5703125 0.1 0.58125 0.0953125 0.5796875 0.1 0.5546875 0.0984375 0.5125 0.1046875 0.5 0.10625 0.4875 0.109375 0.4859375
1 0.1625 0.396875 0.1671875 0.396875 0.165625 0.4015625 0.1703125 0.4125 0.171875 0.428125 0.1703125 0.4421875 0.1671875 0.4484375 0.165625 0.4765625 0.1625 0.478125 0.159375 0.4734375 0.1609375 0.453125 0.1546875 0.440625 0.1546875 0.4296875 0.15625 0.415625 0.1625 0.3984375
1 0.3640625 0.5578125 0.3671875 0.55625 0.3703125 0.5578125 0.38125 0.584375 0.38125 0.5953125 0.3765625 0.6125 0.3765625 0.625 0.38125 0.634375 0.38125 0.6390625 0.3765625 0.6421875 0.3765625 0.634375 0.371875 0.625 0.36875 0.6234375 0.365625 0.628125 0.3671875 0.634375 0.365625 0.6421875 0.3625 0.64375 0.3578125 0.640625 0.35625 0.634375 0.3625 0.6265625 0.3625 0.61875 0.365625 0.615625 0.365625 0.6078125 0.3703125 0.5921875 0.36875 0.575 0.3640625 0.559375
1 0.484375 0.3125 0.4875 0.3125 0.4921875 0.3265625 0.4921875 0.3359375 0.4875 0.353125 0.4875 0.36875 0.4828125 0.3703125 0.48125 0.36875 0.4796875 0.340625 0.48125 0.3390625 0.48125 0.3203125 0.484375 0.3140625
1 0.5328125 0.4109375 0.534375 0.4125 0.53125 0.4375 0.5328125 0.475 0.5296875 0.4734375 0.5296875 0.465625 0.5265625 0.4578125 0.5171875 0.4640625 0.5140625 0.4625 0.5140625 0.45625 0.5234375 0.45 0.5234375 0.4296875 0.528125 0.415625 0.53125 0.4125
1 0.8546875 0.5375 0.8625 0.565625 0.8625 0.5734375 0.859375 0.578125 0.859375 0.5875 0.85625 0.5953125 0.85625 0.6265625 0.8546875 0.628125 0.853125 0.628125 0.85 0.6109375 0.8453125 0.6015625 0.8484375 0.5703125 0.84375 0.565625 0.8359375 0.5734375 0.83125 0.575 0.83125 0.5703125 0.84375 0.5578125 0.85 0.5390625 0.853125 0.5375
1 0.0953125 0.3109375 0.1015625 0.31875 0.1015625 0.3453125 0.0984375 0.35625 0.1 0.3703125 0.096875 0.371875 0.09375 0.359375 0.0921875 0.3703125 0.090625 0.3734375 0.0890625 0.371875 0.0890625 0.321875 0.09375 0.3125
1 0.340625 0.6546875 0.34375 0.6578125 0.34375 0.671875 0.35 0.6828125 0.3484375 0.6921875 0.3515625 0.715625 0.3484375 0.7203125 0.3484375 0.7578125 0.346875 0.759375 0.3484375 0.7765625 0.3421875 0.78125 0.3375 0.7796875 0.3328125 0.75625 0.334375 0.74375 0.3296875 0.715625 0.3296875 0.6859375 0.33125 0.675 0.3375 0.66875 0.3375 0.65625 0.3390625 0.65625
2 0.7796875 0.434375 0.7828125 0.4359375 0.790625 0.4546875 0.790625 0.4734375 0.7875 0.471875 0.7859375 0.4734375 0.7859375 0.4984375 0.7828125 0.5046875 0.7828125 0.5140625 0.778125 0.5140625 0.7765625 0.484375 0.771875 0.4734375 0.771875 0.4578125 0.7796875 0.4359375