1 0.5125 0.5265625 0.5140625 0.51875 0.5171875 0.5203125 0.5171875 0.525 0.515625 0.528125 0.5140625 0.5265625
1 0.6125 0.6296875 0.6171875 0.63125 0.6171875 0.6390625 0.621875 0.653125 0.621875 0.6921875 0.6265625 0.7328125 0.6265625 0.7421875 0.6203125 0.7421875 0.61875 0.7140625 0.615625 0.7109375 0.6125 0.7203125 0.6125 0.7453125 0.6109375 0.7515625 0.6078125 0.746875 0.6078125 0.7171875 0.609375 0.715625 0.6078125 0.6953125 0.609375 0.6921875 0.60625 0.671875 0.60625 0.653125 0.6109375 0.64375 0.6125 0.63125
1 0.515625 0.4625 0.525 0.465625 0.5296875 0.4734375 0.5296875 0.5234375 0.521875 0.528125 0.51875 0.525 0.5203125 0.5234375 0.521875 0.4859375 0.515625 0.4640625
1 0.9375 0.2984375 0.9421875 0.303125 0.9421875 0.321875 0.946875 0.3265625 0.946875 0.3296875 0.9453125 0.33125 0.9390625 0.328125 0.934375 0.3390625 0.9328125 0.3390625 0.934375 0.328125 0.9328125 0.3 0.9359375 0.2984375
1 0.428125 0.3515625 0.4328125 0.3625 0.43125 0.3921875 0.4390625 0.4046875 0.4359375 0.40625 0.43125 0.4 0.428125 0.4 0.425 0.4109375 0.421875 0.4140625 0.4203125 0.4125 0.4234375 0.4015625 0.421875 0.3609375 0.4265625 0.353125
1 0.5359375 0.4640625 0.5390625 0.465625 0.5421875 0.478125 0.5390625 0.5109375 0.5484375 0.5296875 0.5484375 0.5328125 0.5453125 0.534375 0.54375 0.5296875 0.5328125 0.51875 0.53125 0.478125 0.5359375 0.465625
1 0.1953125 0.4515625 0.2 0.4515625 0.1984375 0.48125 0.1953125 0.4796875 0.1890625 0.48125 0.1890625 0.4671875 0.1953125 0.453125
1 0.9984375 0.74375 0.9984375 0.8859375 0.9921875 0.8796875 0.996875 0.875 0.996875 0.8375 0.9921875 0.821875 0.9921875 0.7953125 0.99375 0.79375 0.99375 0.778125 0.996875 0.7703125 0.9953125 0.7625 0.9953125 0.746875 0.996875 0.7453125
1 0.315625 0.5296875 0.0203125 0.07890625
1 0.4109375 0.434375 0.409375 0.5109375 0.4078125 0.5125 0.4046875 0.5125 0.403125 0.509375 0.4015625 0.496875 0.4 0.4484375 0.4046875 0.4375 0.409375 0.434375
1 0.475 0.3625 0.4796875 0.371875 0.4796875 0.409375 0.48125 0.4109375 0.48125 0.4234375 0.4765625 0.425 0.4765625 0.4171875 0.4734375 0.4125 0.475 0.3640625
1 0.25 0.4 0.253125 0.4015625 0.253125 0.4640625 0.2546875 0.4703125 0.2421875 0.46875 0.2421875 0.4625 0.2453125 0.4578125 0.2453125 0.4171875 0.25 0.4015625
1 0.1921875 0.475 0.1953125 0.475 0.2015625 0.49375 0.2 0.496875 0.2 0.540625 0.2015625 0.5421875 0.2 0.5484375 0.2015625 0.553125 0.2 0.55625 0.1921875 0.5578125 0.1890625 0.5125 0.184375 0.4984375 0.1859375 0.4875 0.1921875 0.4765625
1 0.4734375 0.6515625 0.475 0.6671875 0.48125 0.6796875 0.48125 0.703125 0.478125 0.7109375 0.478125 0.7296875 0.4765625 0.73125 0.478125 0.7328125 0.4765625 0.7734375 0.4734375 0.771875 0.4640625 0.7046875 0.4625 0.7 0.459375 0.6984375 0.4609375 0.678125 0.46875 0.6640625 0.4671875 0.6609375 0.46875 0.653125 0.471875 0.6515625
1 0.3453125 0.528125 0.3484375 0.5296875 0.3484375 0.5390625 0.3546875 0.55 0.3484375 0.6203125 0.3421875 0.5921875 0.340625 0.5671875 0.3375 0.5625 0.3375 0.55 0.34375 0.5375 0.34375 0.5296875
1 0.6859375 0.403125 0.6890625 0.403125 0.69375 0.4140625 0.6984375 0.4421875 0.6984375 0.446875 0.69375 0.45 0.6890625 0.459375 0.6859375 0.4046875
1 0.121875 0.33125 0.1265625 0.3390625 0.128125 0.3484375 0.128125 0.3703125 0.13125 0.3890625 0.128125 0.3953125 0.121875 0.39375 0.121875 0.378125 0.115625 0.353125 0.1171875 0.3421875 0.121875 0.3328125
2 0.6984375 0.446875 0.703125 0.45 0.709375 0.4671875 0.709375 0.4796875 0.70625 0.4921875 0.7140625 0.5 0.7125 0.5109375 0.7078125 0.515625 0.7046875 0.5140625 0.7046875 0.5046875 0.7 0.496875 0.6984375 0.4828125 0.7 0.4703125 0.696875 0.4578125 0.6984375 0.4484375