1 0.3375 0.7359375 0.3375 0.7171875 0.34375 0.690625 0.346875 0.6890625 0.346875 0.696875 0.353125 0.70625 0.3546875 0.7125 0.3546875 0.734375 0.3515625 0.740625 0.3515625 0.7625 0.3546875 0.771875 0.353125 0.7859375 0.3484375 0.7859375 0.35 0.7734375 0.346875 0.7703125 0.34375 0.778125 0.3375 0.7796875 0.3375 0.775 0.3421875 0.76875 0.34375 0.7546875 0.34375 0.7390625 0.340625 0.734375 0.3390625 0.7359375
1 0.4921875 0.6703125 0.49375 0.66875 0.4921875 0.6484375 0.4984375 0.6375 0.5 0.628125 0.503125 0.6265625 0.503125 0.6359375 0.509375 0.6484375 0.509375 0.6625 0.503125 0.675 0.5015625 0.7078125 0.5 0.7125 0.49375 0.709375 0.49375 0.684375 0.4921875 0.6828125 0.49375 0.671875
1 0.521875 0.475 0.5265625 0.484375 0.528125 0.50625 0.5203125 0.5109375 0.5140625 0.4984375 0.5140625 0.4921875 0.5203125 0.4765625
1 0.4921875 0.534375 0.496875 0.534375 0.5015625 0.5390625 0.5046875 0.5484375 0.5046875 0.590625 0.503125 0.6046875 0.4984375 0.6078125 0.4953125 0.590625 0.4875 0.575 0.4890625 0.546875 0.4921875 0.5359375
1 0.4828125 0.5 0.4875 0.5125 0.4875 0.521875 0.484375 0.5265625 0.484375 0.534375 0.4796875 0.546875 0.48125 0.55625 0.478125 0.571875 0.475 0.5703125 0.4765625 0.5546875 0.471875 0.5390625 0.471875 0.5203125 0.478125 0.5015625 0.48125 0.5
1 0.5765625 0.5296875 0.5796875 0.53125 0.584375 0.5484375 0.5828125 0.578125 0.5859375 0.590625 0.5859375 0.6 0.584375 0.6 0.58125 0.5953125 0.5796875 0.5828125 0.578125 0.58125 0.575 0.5828125 0.5765625 0.5921875 0.575 0.603125 0.5703125 0.5859375 0.5734375 0.5609375 0.571875 0.5375 0.5765625 0.53125
1 0.475 0.584375 0.475 0.571875 0.4796875 0.553125 0.4765625 0.5453125 0.484375 0.53125 0.484375 0.525 0.4875 0.51875 0.49375 0.53125 0.49375 0.5421875 0.490625 0.5484375 0.4875 0.571875 0.484375 0.571875 0.4796875 0.5765625 0.4796875 0.58125 0.475 0.5859375
1 0.547962962962963 0.5428935185185185 0.01821759259259261 0.07004050925925923
1 0.46875 0.540625 0.4640625 0.53125 0.465625 0.525 0.4625 0.521875 0.4578125 0.521875 0.4515625 0.5390625 0.4515625 0.5453125 0.4484375 0.5484375 0.4484375 0.5359375 0.4546875 0.509375 0.4546875 0.4921875 0.4609375 0.48125 0.4671875 0.4921875 0.465625 0.509375 0.46875 0.5390625
1 0.3625 0.46875 0.365625 0.46875 0.3703125 0.4765625 0.365625 0.4828125 0.3671875 0.5125 0.3625 0.5234375 0.35625 0.525 0.3546875 0.4953125 0.3578125 0.4875 0.3578125 0.4796875 0.3625 0.4703125
1 0.5265625 0.509375 0.528125 0.509375 0.53125 0.5203125 0.5359375 0.525 0.5359375 0.54375 0.540625 0.559375 0.5390625 0.565625 0.540625 0.5953125 0.5375 0.5921875 0.534375 0.578125 0.53125 0.575 0.5265625 0.575 0.5265625 0.571875 0.5234375 0.5703125 0.528125 0.55 0.5265625 0.5484375 0.5265625 0.5296875 0.521875 0.521875 0.525 0.51875 0.5265625 0.5109375
1 0.5148379629629629 0.5649594907407407 0.01916087962962969 0.08100115740740747
1 0.3796875 0.4640625 0.384375 0.4640625 0.3890625 0.475 0.3890625 0.4984375 0.3921875 0.5078125 0.3921875 0.521875 0.3890625 0.521875 0.3890625 0.5125 0.3859375 0.5078125 0.38125 0.5125 0.38125 0.5234375 0.378125 0.5203125 0.375 0.4765625 0.3796875 0.465625
1 0.5078125 0.5296875 0.50625 0.5234375 0.5078125 0.5125 0.5109375 0.5078125 0.5109375 0.5 0.5140625 0.4984375 0.5171875 0.503125 0.5171875 0.5203125 0.515625 0.525 0.5078125 0.53125
1 0.146875 0.5328125 0.1515625 0.534375 0.1515625 0.5765625 0.15 0.578125 0.15 0.6140625 0.1484375 0.615625 0.14375 0.6140625 0.1453125 0.590625 0.1421875 0.5828125 0.14375 0.5484375 0.146875 0.534375
1 0.559375 0.4765625 0.5625 0.4796875 0.5625 0.4875 0.565625 0.49375 0.565625 0.5109375 0.5671875 0.5125 0.5671875 0.525 0.5625 0.5328125 0.5546875 0.51875 0.5546875 0.4859375 0.559375 0.478125
1 0.565625 0.528125 0.56875 0.528125 0.571875 0.5359375 0.5703125 0.54375 0.5734375 0.5640625 0.5703125 0.575 0.571875 0.58125 0.56875 0.5796875 0.5640625 0.5828125 0.5609375 0.5890625 0.5609375 0.596875 0.5578125 0.6 0.55625 0.5984375 0.5578125 0.5734375 0.5625 0.553125 0.5609375 0.54375 0.5625 0.534375 0.565625 0.5296875
1 0.5203125 0.50625 0.525 0.50625 0.528125 0.509375 0.53125 0.521875 0.53125 0.546875 0.528125 0.5515625 0.528125 0.55625 0.525 0.559375 0.521875 0.5578125 0.5203125 0.540625 0.5171875 0.53125 0.5203125 0.5078125
2 0.196875 0.675 0.1984375 0.6609375 0.203125 0.65 0.2 0.615625 0.2015625 0.60625 0.209375 0.5875 0.2125 0.5890625 0.2140625 0.6390625 0.2171875 0.6453125 0.2171875 0.659375 0.2203125 0.6734375 0.2171875 0.675 0.2125 0.6515625 0.2078125 0.65 0.2015625 0.6609375 0.2015625 0.671875 0.2 0.6765625 0.1984375 0.675