0 0.50625 0.5203125 0.5078125 0.5296875 0.50625 0.53125 0.503125 0.5296875 0.5046875 0.521875
1 0.3171875 0.4984375 0.31875 0.5 0.31875 0.51875 0.315625 0.528125 0.3140625 0.55 0.30625 0.5625 0.30625 0.5734375 0.303125 0.5703125 0.303125 0.5625 0.3078125 0.5515625 0.309375 0.5140625 0.315625 0.5
1 0.68125 0.69375 0.68125 0.703125 0.684375 0.70625 0.684375 0.7265625 0.6828125 0.740625 0.6796875 0.746875 0.68125 0.7515625 0.6796875 0.7796875 0.675 0.775 0.671875 0.775 0.6703125 0.76875 0.671875 0.765625 0.6703125 0.7640625 0.6703125 0.71875 0.6765625 0.70625 0.6765625 0.6953125 0.6796875 0.69375
1 0.7515625 0.6359375 0.7546875 0.6609375 0.75 0.6875 0.75 0.7109375 0.746875 0.715625 0.7421875 0.7140625 0.7453125 0.7046875 0.7421875 0.69375 0.7421875 0.671875 0.7390625 0.6640625 0.7421875 0.659375 0.746875 0.6375 0.75 0.6359375
1 0.42403356481481486 0.41834490740740743 0.015138888888888858 0.0447164351851852
1 0.40625 0.475 0.4078125 0.5 0.403125 0.509375 0.403125 0.521875 0.40625 0.53125 0.3984375 0.5375 0.396875 0.5359375 0.3984375 0.5171875 0.396875 0.503125 0.39375 0.496875 0.39375 0.4875 0.396875 0.48125 0.4 0.48125 0.4015625 0.4765625 0.4046875 0.475
1 0.4203125 0.434375 0.425 0.43125 0.4296875 0.43125 0.428125 0.471875 0.425 0.4703125 0.421875 0.471875 0.4234375 0.48125 0.4203125 0.484375 0.4171875 0.471875 0.4203125 0.465625 0.4203125 0.4359375
1 0.30625 0.6828125 0.3109375 0.684375 0.3109375 0.6953125 0.3140625 0.70625 0.3140625 0.7125 0.309375 0.7203125 0.3125 0.7671875 0.3109375 0.76875 0.309375 0.7640625 0.3078125 0.7421875 0.3046875 0.7390625 0.296875 0.746875 0.2953125 0.765625 0.2921875 0.765625 0.29375 0.746875 0.296875 0.7421875 0.2953125 0.7046875 0.2984375 0.696875 0.3046875 0.690625 0.30625 0.684375
1 0.678125 0.621875 0.6828125 0.63125 0.6828125 0.640625 0.6859375 0.6484375 0.684375 0.6640625 0.6890625 0.6703125 0.6890625 0.675 0.68125 0.6921875 0.678125 0.69375 0.6765625 0.690625 0.678125 0.675 0.6734375 0.6671875 0.6765625 0.6515625 0.675 0.6484375 0.675 0.6234375 0.6765625 0.6234375
1 0.628125 0.5953125 0.6359375 0.6078125 0.634375 0.6515625 0.6375 0.6703125 0.6375 0.675 0.634375 0.675 0.6328125 0.6671875 0.6296875 0.665625 0.628125 0.675 0.625 0.6734375 0.6265625 0.6609375 0.625 0.65 0.6234375 0.640625 0.61875 0.634375 0.6203125 0.6140625 0.628125 0.596875
1 0.53125 0.465625 0.5375 0.471875 0.540625 0.4796875 0.5390625 0.48125 0.540625 0.5046875 0.5359375 0.5375 0.5328125 0.5328125 0.534375 0.5296875 0.528125 0.528125 0.5265625 0.5125 0.528125 0.496875 0.525 0.484375 0.5296875 0.4671875
1 0.459375 0.440625 0.4640625 0.4421875 0.465625 0.446875 0.4640625 0.4796875 0.4609375 0.4890625 0.45625 0.4796875 0.4515625 0.484375 0.45 0.4921875 0.446875 0.4921875 0.4484375 0.48125 0.4515625 0.478125 0.453125 0.4546875 0.459375 0.4421875
1 0.553125 0.4203125 0.559375 0.440625 0.5578125 0.4546875 0.559375 0.4703125 0.55625 0.4671875 0.5515625 0.45 0.5453125 0.4546875 0.54375 0.465625 0.5421875 0.4671875 0.540625 0.465625 0.540625 0.45625 0.54375 0.4515625 0.5453125 0.4265625 0.5515625 0.4203125
1 0.24093171296296295 0.6630324074074074 0.024988425925925963 0.0792071759259259
1 0.496875 0.4796875 0.4953125 0.48125 0.5 0.4953125 0.49375 0.5203125 0.49375 0.53125 0.4890625 0.534375 0.4890625 0.50625 0.4921875 0.503125 0.490625 0.490625 0.4921875 0.48125 0.4953125 0.4796875
1 0.4137847222222222 0.42005787037037035 0.01642939814814808 0.053321759259259235
1 0.4546875 0.4171875 0.45625 0.4421875 0.45 0.465625 0.4453125 0.4625 0.44375 0.4578125 0.44375 0.4296875 0.45 0.41875 0.453125 0.4171875
1 0.4375 0.4296875 0.4375 0.4484375 0.4390625 0.45 0.4375 0.4765625 0.4390625 0.4796875 0.434375 0.4859375 0.43125 0.4828125 0.428125 0.4546875 0.43125 0.446875 0.4296875 0.43125 0.4359375 0.4296875
1 0.5025289351851852 0.5163136574074074 0.02024305555555559 0.05181712962962966
2 0.334375 0.5859375 0.3359375 0.5875 0.334375 0.5890625 0.3359375 0.5953125 0.334375 0.6671875 0.3234375 0.6640625 0.3265625 0.6390625 0.325 0.6 0.3328125 0.5875