1 0.325 0.6375 0.328125 0.65 0.325 0.7125 0.3203125 0.7125 0.3171875 0.709375 0.3171875 0.6515625 0.3234375 0.6390625
1 0.425 0.44375 0.43125 0.4546875 0.428125 0.4765625 0.43125 0.4984375 0.428125 0.5015625 0.4265625 0.4890625 0.421875 0.4859375 0.4234375 0.48125 0.421875 0.453125 0.425 0.4453125
1 0.496875 0.640625 0.496875 0.59375 0.5015625 0.5859375 0.503125 0.578125 0.5046875 0.578125 0.50625 0.5875 0.50625 0.6109375 0.5046875 0.6125 0.5046875 0.63125 0.5015625 0.6390625 0.4984375 0.640625
1 0.421875 0.4421875 0.4296875 0.45 0.428125 0.4859375 0.43125 0.4984375 0.4296875 0.5 0.4265625 0.4984375 0.425 0.4890625 0.4171875 0.4953125 0.41875 0.4859375 0.41875 0.46875 0.4171875 0.4671875 0.4203125 0.4609375 0.421875 0.44375
1 0.2734375 0.4359375 0.2765625 0.4375 0.278125 0.4453125 0.275 0.4875 0.2703125 0.465625 0.2703125 0.45 0.2734375 0.4375
1 0.4109375 0.475 0.4125 0.5015625 0.409375 0.53125 0.4046875 0.53125 0.4046875 0.4875 0.40625 0.4765625 0.409375 0.475
1 0.2921875 0.4375 0.2953125 0.4375 0.2984375 0.4453125 0.2984375 0.465625 0.296875 0.4734375 0.2921875 0.4765625 0.290625 0.4734375 0.2921875 0.4390625
1 0.9453125 0.6984375 0.94375 0.6953125 0.94375 0.6765625 0.9453125 0.675 0.94375 0.6625 0.9453125 0.653125 0.9484375 0.65 0.9515625 0.6515625 0.953125 0.6765625 0.9515625 0.678125 0.9515625 0.69375 0.95 0.6984375 0.946875 0.6984375
1 0.45 0.5390625 0.4484375 0.490625 0.4515625 0.4859375 0.4578125 0.4921875 0.4578125 0.5375 0.4515625 0.5390625
1 0.25 0.45625 0.253125 0.459375 0.253125 0.5015625 0.2515625 0.503125 0.253125 0.5140625 0.2484375 0.5171875 0.246875 0.515625 0.246875 0.4859375 0.2453125 0.484375 0.2453125 0.46875 0.25 0.4578125
1 0.278125 0.4546875 0.2828125 0.4625 0.2828125 0.4796875 0.284375 0.48125 0.2828125 0.5109375 0.278125 0.509375 0.2765625 0.4984375 0.278125 0.45625
1 0.4171875 0.4375 0.421875 0.4390625 0.421875 0.45 0.4171875 0.471875 0.4140625 0.4671875 0.4140625 0.446875 0.4171875 0.4390625
1 0.3 0.4625 0.30625 0.4625 0.3078125 0.475 0.30625 0.525 0.3 0.5234375 0.2984375 0.51875 0.3 0.4640625
1 0.3171875 0.4453125 0.3203125 0.4515625 0.3203125 0.4984375 0.3171875 0.50625 0.315625 0.5046875 0.3140625 0.5015625 0.315625 0.49375 0.3140625 0.4546875 0.3171875 0.446875
1 0.303125 0.4578125 0.3078125 0.4625 0.309375 0.46875 0.309375 0.4875 0.3078125 0.4890625 0.30625 0.4859375 0.30625 0.478125 0.303125 0.4734375 0.3 0.4796875 0.3 0.4609375 0.3015625 0.459375
1 0.359375 0.4375 0.3640625 0.45 0.3640625 0.4859375 0.365625 0.4875 0.365625 0.4953125 0.3609375 0.4921875 0.3609375 0.4859375 0.3546875 0.471875 0.3546875 0.446875 0.359375 0.4390625
1 0.390625 0.521875 0.3890625 0.5203125 0.3890625 0.49375 0.3859375 0.48125 0.3921875 0.4625 0.3953125 0.4640625 0.3984375 0.4703125 0.396875 0.478125 0.3984375 0.5109375 0.396875 0.5140625 0.3921875 0.515625 0.390625 0.5203125
1 0.3203125 0.4453125 0.3234375 0.446875 0.3265625 0.45625 0.3265625 0.5015625 0.3203125 0.4984375 0.31875 0.49375 0.3203125 0.446875
1 0.0828125 0.4765625 0.0859375 0.478125 0.0875 0.4875 0.0859375 0.5359375 0.08125 0.5390625 0.0828125 0.521875 0.0796875 0.4921875 0.0828125 0.478125
1 0.275 0.446875 0.009375 0.0234375
1 0.41875 0.4828125 0.4140625 0.4703125 0.4140625 0.4484375 0.4171875 0.44375 0.4171875 0.4390625 0.41875 0.4375 0.421875 0.4390625 0.421875 0.4609375 0.41875 0.48125
1 0.4421875 0.4640625 0.4453125 0.4703125 0.446875 0.4953125 0.4453125 0.50625 0.44375 0.5046875 0.440625 0.50625 0.4390625 0.515625 0.4359375 0.515625 0.4375 0.5015625 0.4359375 0.4734375 0.440625 0.465625
1 0.3453125 0.453125 0.3484375 0.453125 0.3546875 0.4671875 0.35625 0.5046875 0.3578125 0.50625 0.3578125 0.5109375 0.353125 0.509375 0.3484375 0.5109375 0.346875 0.490625 0.34375 0.484375 0.3453125 0.4546875
2 0.2375 0.6171875 0.2359375 0.609375 0.2375 0.5890625 0.234375 0.5609375 0.2375 0.55 0.240625 0.546875 0.24375 0.55 0.2453125 0.565625 0.24375 0.5671875 0.240625 0.6171875 0.2390625 0.6171875
2 0.9453125 0.6953125 0.95 0.696875 0.95 0.7140625 0.9515625 0.715625 0.9484375 0.7328125 0.9484375 0.7734375 0.9390625 0.778125 0.9390625 0.7546875 0.9375 0.753125 0.9390625 0.7203125 0.9453125 0.696875
0 0.871875 0.7203125 0.8765625 0.721875 0.875 0.73125 0.8703125 0.7265625 0.871875 0.721875