1 0.73125 0.5234375 0.734375 0.525 0.7359375 0.5296875 0.7375 0.584375 0.75 0.60625 0.7484375 0.6125 0.7453125 0.6140625 0.7421875 0.603125 0.7328125 0.5921875 0.728125 0.5984375 0.7265625 0.61875 0.7234375 0.621875 0.71875 0.6203125 0.71875 0.6140625 0.7234375 0.6078125 0.7234375 0.5859375 0.7265625 0.571875 0.725 0.553125 0.728125 0.5484375 0.7296875 0.525
1 0.4265625 0.596875 0.43125 0.5984375 0.43125 0.609375 0.44375 0.6328125 0.4421875 0.6375 0.4375 0.63125 0.434375 0.6359375 0.434375 0.64375 0.43125 0.646875 0.43125 0.6609375 0.428125 0.66875 0.428125 0.6796875 0.4328125 0.6890625 0.4328125 0.69375 0.4375 0.6984375 0.4359375 0.7078125 0.43125 0.7125 0.43125 0.6984375 0.4265625 0.6890625 0.421875 0.6921875 0.4203125 0.703125 0.4171875 0.70625 0.4125 0.703125 0.4140625 0.696875 0.41875 0.69375 0.421875 0.68125 0.421875 0.665625 0.4203125 0.6640625 0.421875 0.6578125 0.4203125 0.6421875 0.4125 0.6359375 0.409375 0.628125 0.4109375 0.6265625 0.4171875 0.628125 0.4203125 0.625 0.425 0.6125 0.4265625 0.5984375
1 0.621875 0.4546875 0.6171875 0.4453125 0.6140625 0.4421875 0.6125 0.44375 0.609375 0.465625 0.615625 0.478125 0.615625 0.4859375 0.6125 0.4859375 0.609375 0.4765625 0.6046875 0.475 0.5984375 0.490625 0.59375 0.4921875 0.6015625 0.475 0.603125 0.434375 0.59375 0.4328125 0.5921875 0.4296875 0.6 0.4265625 0.6046875 0.421875 0.60625 0.409375 0.609375 0.4078125 0.6125 0.4125 0.615625 0.434375 0.621875 0.4453125 0.6234375 0.453125
1 0.3328125 0.475 0.334375 0.4765625 0.3359375 0.475 0.3375 0.4796875 0.34375 0.4859375 0.3421875 0.54375 0.35 0.5546875 0.3484375 0.565625 0.3453125 0.559375 0.334375 0.5515625 0.3328125 0.546875 0.334375 0.51875 0.325 0.5140625 0.325 0.5109375 0.3328125 0.5046875 0.3328125 0.4875 0.3296875 0.4828125 0.33125 0.4765625
1 0.70625 0.5578125 0.7046875 0.55 0.6890625 0.5296875 0.684375 0.5390625 0.684375 0.5609375 0.678125 0.5671875 0.6734375 0.5671875 0.6796875 0.5546875 0.6828125 0.490625 0.6875 0.4765625 0.6875 0.4640625 0.690625 0.4609375 0.69375 0.4625 0.69375 0.4734375 0.696875 0.4828125 0.696875 0.490625 0.69375 0.496875 0.6953125 0.5234375 0.709375 0.546875 0.709375 0.5546875 0.7046875 0.559375
1 0.79375 0.3015625 0.796875 0.303125 0.796875 0.328125 0.79375 0.3359375 0.790625 0.359375 0.7875 0.365625 0.7875 0.375 0.7921875 0.390625 0.7875 0.396875 0.778125 0.3953125 0.7828125 0.375 0.78125 0.365625 0.7828125 0.34375 0.778125 0.3390625 0.784375 0.3328125 0.784375 0.321875 0.7875 0.3109375 0.79375 0.303125
1 0.5515625 0.4578125 0.5546875 0.453125 0.55625 0.44375 0.5546875 0.4296875 0.5578125 0.4265625 0.5609375 0.428125 0.559375 0.4296875 0.5609375 0.434375 0.5703125 0.45 0.5703125 0.45625 0.5671875 0.4578125 0.565625 0.4671875 0.5640625 0.490625 0.56875 0.4984375 0.575 0.503125 0.575 0.5171875 0.56875 0.5078125 0.5609375 0.5046875 0.5578125 0.5109375 0.5578125 0.51875 0.553125 0.51875 0.5515625 0.515625 0.5546875 0.5109375 0.5578125 0.4953125 0.55625 0.49375 0.55625 0.465625 0.553125 0.459375
1 0.3046875 0.5453125 0.3125 0.5515625 0.3203125 0.5703125 0.31875 0.5796875 0.3109375 0.5875 0.2984375 0.5796875 0.2875 0.56875 0.2890625 0.5625 0.2921875 0.5625 0.296875 0.5671875 0.2984375 0.565625 0.3 0.5484375 0.296875 0.5421875 0.3 0.540625 0.303125 0.5453125
1 0.859375 0.3203125 0.8625 0.3140625 0.8625 0.30625 0.865625 0.303125 0.865625 0.296875 0.8671875 0.2953125 0.8703125 0.296875 0.8703125 0.30625 0.8734375 0.3109375 0.875 0.3203125 0.8703125 0.334375 0.8703125 0.3421875 0.8671875 0.3453125 0.8671875 0.3546875 0.875 0.36875 0.871875 0.3734375 0.8640625 0.365625 0.8609375 0.375 0.85625 0.3765625 0.8578125 0.36875 0.85625 0.346875 0.8609375 0.3390625 0.8625 0.328125 0.8609375 0.321875
1 0.965625 0.41875 0.971875 0.4203125 0.9765625 0.4296875 0.9765625 0.440625 0.96875 0.44375 0.9625 0.44375 0.9515625 0.4359375 0.9515625 0.4265625 0.9546875 0.4203125 0.9640625 0.41875
1 0.53125 0.3265625 0.540625 0.35625 0.5390625 0.359375 0.5421875 0.3640625 0.5421875 0.3703125 0.5390625 0.3703125 0.5375 0.3671875 0.534375 0.36875 0.5359375 0.41875 0.5328125 0.4171875 0.5296875 0.396875 0.5265625 0.4140625 0.5234375 0.415625 0.5234375 0.384375 0.5203125 0.3734375 0.521875 0.3453125 0.5265625 0.3359375 0.5265625 0.328125 0.5296875 0.3265625
1 0.734375 0.38125 0.7375 0.3828125 0.7390625 0.3953125 0.7390625 0.4171875 0.7359375 0.4203125 0.7328125 0.434375 0.7375 0.4484375 0.7359375 0.45625 0.734375 0.45625 0.7328125 0.4484375 0.728125 0.44375 0.725 0.44375 0.7203125 0.4609375 0.715625 0.4609375 0.71875 0.45 0.71875 0.440625 0.725 0.425 0.725 0.4171875 0.7296875 0.409375 0.7328125 0.3828125
1 0.5546875 0.3640625 0.565625 0.3828125 0.565625 0.4046875 0.5625 0.409375 0.5609375 0.421875 0.553125 0.43125 0.553125 0.440625 0.55 0.4484375 0.546875 0.4453125 0.55 0.4265625 0.546875 0.384375 0.553125 0.365625
1 0.615625 0.5796875 0.625 0.5984375 0.625 0.603125 0.621875 0.6046875 0.6203125 0.603125 0.6171875 0.59375 0.6109375 0.5875 0.609375 0.58125 0.6046875 0.578125 0.5984375 0.5859375 0.596875 0.6 0.5984375 0.609375 0.5953125 0.6140625 0.5890625 0.6125 0.59375 0.6046875 0.59375 0.58125 0.596875 0.5671875 0.6 0.5640625 0.603125 0.5390625 0.603125 0.5140625 0.60625 0.5109375 0.609375 0.5125 0.609375 0.528125 0.6140625 0.54375 0.6109375 0.5671875 0.6109375 0.575 0.6140625 0.5796875