1 0.546875 0.3890625 0.5515625 0.4015625 0.5515625 0.4140625 0.55625 0.4296875 0.55625 0.44375 0.5609375 0.4515625 0.5609375 0.4609375 0.559375 0.4609375 0.55625 0.45 0.55 0.4421875 0.5453125 0.4484375 0.54375 0.4546875 0.5453125 0.4703125 0.540625 0.4765625 0.5390625 0.4765625 0.540625 0.4671875 0.5390625 0.4421875 0.5421875 0.425 0.540625 0.4 0.5421875 0.390625 0.5453125 0.3890625
1 0.553125 0.440625 0.5546875 0.4484375 0.5609375 0.4578125 0.559375 0.49375 0.565625 0.51875 0.5640625 0.5265625 0.5609375 0.5265625 0.559375 0.515625 0.553125 0.5109375 0.553125 0.5015625 0.546875 0.4953125 0.5484375 0.4859375 0.546875 0.471875 0.54375 0.465625 0.546875 0.44375 0.5515625 0.440625
1 0.6703125 0.521875 0.678125 0.5375 0.678125 0.5671875 0.675 0.571875 0.6703125 0.5671875 0.6609375 0.5671875 0.65625 0.5640625 0.6578125 0.5453125 0.665625 0.53125 0.665625 0.5234375 0.66875 0.521875
1 0.584375 0.4375 0.5890625 0.4390625 0.5890625 0.4453125 0.5953125 0.4578125 0.596875 0.4671875 0.5953125 0.46875 0.5953125 0.484375 0.590625 0.5 0.5921875 0.5046875 0.5890625 0.5125 0.5890625 0.534375 0.5875 0.5359375 0.5859375 0.534375 0.5875 0.5 0.5828125 0.484375 0.5828125 0.4765625 0.578125 0.46875 0.578125 0.4578125 0.584375 0.446875 0.584375 0.4390625
1 0.45625 0.390625 0.4578125 0.3984375 0.4625 0.4015625 0.4671875 0.4109375 0.465625 0.4453125 0.475 0.45625 0.478125 0.4640625 0.478125 0.4703125 0.4765625 0.4703125 0.4703125 0.4609375 0.4625 0.4578125 0.459375 0.4625 0.459375 0.471875 0.45625 0.48125 0.4546875 0.4796875 0.45625 0.4671875 0.4546875 0.4328125 0.446875 0.41875 0.4484375 0.4015625 0.4515625 0.3984375 0.4515625 0.3921875 0.4546875 0.390625
1 0.6046875 0.459375 0.6078125 0.4625 0.6171875 0.4625 0.6203125 0.4671875 0.61875 0.5 0.6296875 0.521875 0.6296875 0.5296875 0.6265625 0.5296875 0.621875 0.515625 0.615625 0.5109375 0.6140625 0.5125 0.615625 0.5265625 0.6125 0.534375 0.6078125 0.5015625 0.6 0.4875 0.6015625 0.4640625 0.6046875 0.4609375
1 0.36015625 0.475 0.0171875 0.03359375
1 0.365625 0.4859375 0.375 0.496875 0.3796875 0.5203125 0.3796875 0.5328125 0.3890625 0.5421875 0.390625 0.5515625 0.378125 0.5390625 0.371875 0.5375 0.36875 0.540625 0.36875 0.5484375 0.3734375 0.5671875 0.36875 0.571875 0.3671875 0.5703125 0.3671875 0.559375 0.3625 0.534375 0.359375 0.5296875 0.359375 0.5140625 0.35625 0.503125 0.3578125 0.49375 0.3640625 0.4875
1 0.4953125 0.4359375 0.5 0.4359375 0.5078125 0.4515625 0.509375 0.4890625 0.515625 0.496875 0.515625 0.5046875 0.5109375 0.496875 0.5046875 0.5 0.503125 0.5234375 0.5015625 0.528125 0.496875 0.528125 0.5 0.51875 0.496875 0.4703125 0.4953125 0.4640625 0.490625 0.4609375 0.4875 0.471875 0.4859375 0.471875 0.4859375 0.4609375 0.49375 0.4453125 0.4953125 0.4375
1 0.334375 0.36875 0.3375 0.3703125 0.3453125 0.390625 0.3453125 0.409375 0.3484375 0.41875 0.35625 0.428125 0.35625 0.4359375 0.3421875 0.4203125 0.3390625 0.4203125 0.334375 0.425 0.334375 0.4390625 0.3296875 0.44375 0.334375 0.3703125
1 0.51875 0.4890625 0.5046875 0.4375 0.5046875 0.4203125 0.5078125 0.4140625 0.5109375 0.415625 0.5171875 0.4375 0.51875 0.471875 0.521875 0.4828125 0.5203125 0.4890625
1 0.5984375 0.4859375 0.60625 0.503125 0.6078125 0.53125 0.6125 0.5484375 0.6046875 0.5484375 0.5984375 0.540625 0.5953125 0.54375 0.5921875 0.5734375 0.5875 0.575 0.590625 0.5484375 0.5875 0.525 0.5890625 0.5234375 0.5890625 0.50625 0.5921875 0.5015625 0.59375 0.4890625 0.596875 0.4875
1 0.5390625 0.484375 0.553125 0.5 0.5578125 0.5 0.5578125 0.509375 0.5515625 0.5171875 0.5515625 0.546875 0.5578125 0.5609375 0.5515625 0.5671875 0.55 0.5609375 0.5390625 0.5453125 0.540625 0.5171875 0.5359375 0.509375 0.5359375 0.4953125 0.5390625 0.4859375
1 0.984375 0.846875 0.9890625 0.85 0.9890625 0.85625 0.9984375 0.8859375 0.9984375 0.9296875 0.984375 0.934375 0.9828125 0.940625 0.984375 0.95625 0.98125 0.971875 0.9734375 0.9734375 0.9703125 0.971875 0.9703125 0.96875 0.975 0.9625 0.9765625 0.925 0.9859375 0.9109375 0.984375 0.8890625 0.98125 0.8859375 0.971875 0.884375 0.9828125 0.8734375 0.9828125 0.8640625 0.9796875 0.859375 0.9796875 0.8515625 0.9828125 0.8484375
2 0.1828125 0.5296875 0.178125 0.5234375 0.1734375 0.5265625 0.175 0.5578125 0.18125 0.5828125 0.1765625 0.58125 0.1734375 0.5640625 0.1703125 0.5609375 0.165625 0.5640625 0.165625 0.5734375 0.1640625 0.575 0.1609375 0.5734375 0.1609375 0.5640625 0.1671875 0.5515625 0.1625 0.515625 0.1609375 0.5140625 0.1578125 0.51875 0.15625 0.5328125 0.1546875 0.534375 0.153125 0.5296875 0.1546875 0.515625 0.16875 0.4765625 0.171875 0.478125 0.175 0.5046875 0.18125 0.515625 0.1828125 0.528125
1 0.646875 0.521875 0.6640625 0.525 0.6640625 0.5328125 0.6578125 0.5421875 0.6546875 0.559375 0.646875 0.5671875 0.6421875 0.578125 0.6375 0.578125 0.6359375 0.5765625 0.6375 0.553125 0.634375 0.5484375 0.634375 0.54375 0.646875 0.5234375
1 0.48125 0.509375 0.4875 0.54375 0.4875 0.565625 0.4796875 0.5859375 0.478125 0.596875 0.4734375 0.603125 0.471875 0.603125 0.475 0.5921875 0.475 0.584375 0.471875 0.5765625 0.4734375 0.546875 0.4703125 0.54375 0.4625 0.5453125 0.4609375 0.5421875 0.471875 0.534375 0.475 0.515625 0.4765625 0.5109375 0.4796875 0.509375
1 0.60625 0.4203125 0.609375 0.421875 0.6171875 0.4421875 0.615625 0.4609375 0.609375 0.4609375 0.603125 0.4546875 0.6 0.4375 0.6046875 0.421875
1 0.678125 0.4 0.684375 0.4171875 0.6859375 0.4625 0.6921875 0.4875 0.6921875 0.4953125 0.6890625 0.4984375 0.6875 0.48125 0.6796875 0.4609375 0.6734375 0.4625 0.675 0.4859375 0.6734375 0.4890625 0.66875 0.490625 0.6703125 0.475 0.665625 0.4421875 0.671875 0.4296875 0.671875 0.4109375 0.6734375 0.4015625 0.6765625 0.4