0 0.421875 0.4203125 0.425 0.421875 0.425 0.425 0.421875 0.4265625 0.4203125 0.421875
1 0.4421875 0.3484375 0.446875 0.359375 0.446875 0.3765625 0.44375 0.3953125 0.4421875 0.39375 0.44375 0.3890625 0.4375 0.38125 0.4375 0.35625 0.440625 0.35
1 0.8609375 0.584375 0.8640625 0.584375 0.8703125 0.5984375 0.8671875 0.6140625 0.871875 0.634375 0.871875 0.6421875 0.86875 0.6421875 0.86875 0.634375 0.865625 0.628125 0.8625 0.6265625 0.8578125 0.63125 0.85625 0.6421875 0.853125 0.6421875 0.853125 0.6359375 0.8578125 0.6234375 0.8546875 0.6109375 0.8546875 0.6 0.859375 0.59375 0.8609375 0.5859375
1 0.5203125 0.2640625 0.5234375 0.2640625 0.5265625 0.26875 0.525 0.2984375 0.5203125 0.3015625 0.5171875 0.2984375 0.5203125 0.284375 0.51875 0.278125 0.5203125 0.265625
1 0.5171875 0.65 0.5140625 0.640625 0.5140625 0.6296875 0.5078125 0.6171875 0.5078125 0.6109375 0.5046875 0.6046875 0.50625 0.590625 0.5109375 0.5765625 0.5203125 0.5953125 0.5171875 0.6046875 0.51875 0.65
1 0.55625 0.55625 0.5640625 0.5390625 0.5671875 0.5375 0.5734375 0.5578125 0.5703125 0.571875 0.5765625 0.6 0.5703125 0.596875 0.5640625 0.6046875 0.5625 0.6015625 0.565625 0.5984375 0.5671875 0.5859375 0.5578125 0.5578125
1 0.48125 0.9578125 0.4859375 0.959375 0.4890625 0.98125 0.4890625 0.9953125 0.4734375 0.9953125 0.4734375 0.9765625 0.4796875 0.9671875 0.48125 0.959375
1 0.1359375 0.38125 0.1390625 0.3828125 0.1421875 0.3890625 0.1484375 0.3921875 0.1484375 0.3953125 0.153125 0.4 0.1515625 0.40625 0.1328125 0.4078125 0.13125 0.39375 0.1359375 0.3828125
1 0.6296875 0.3203125 0.6328125 0.3203125 0.6328125 0.325 0.6359375 0.3296875 0.634375 0.365625 0.628125 0.36875 0.6265625 0.3453125 0.6296875 0.3359375 0.6296875 0.321875
1 0.4328125 0.38125 0.4375 0.38125 0.44375 0.390625 0.440625 0.39375 0.440625 0.4078125 0.44375 0.415625 0.44375 0.4234375 0.4390625 0.425 0.4359375 0.4296875 0.4328125 0.3828125
1 0.2015625 0.3609375 0.2046875 0.3640625 0.2078125 0.3765625 0.2078125 0.3921875 0.2046875 0.3953125 0.2046875 0.4046875 0.203125 0.409375 0.1984375 0.409375 0.2 0.4 0.1984375 0.3703125 0.2015625 0.3625
1 0.61875 0.3625 0.625 0.371875 0.625 0.390625 0.621875 0.3953125 0.625 0.415625 0.6234375 0.4171875 0.621875 0.415625 0.6203125 0.4015625 0.6171875 0.3953125 0.61875 0.3640625
1 0.628125 0.4484375 0.6359375 0.4625 0.6375 0.50625 0.634375 0.50625 0.6296875 0.4921875 0.6265625 0.4734375 0.6265625 0.45
1 0.821875 0.475 0.8265625 0.478125 0.8296875 0.484375 0.8328125 0.4953125 0.83125 0.503125 0.8359375 0.5125 0.834375 0.5234375 0.83125 0.5265625 0.8234375 0.5125 0.8234375 0.5078125 0.8171875 0.5046875 0.8171875 0.5 0.821875 0.49375 0.821875 0.4765625
1 0.13125 0.640625 0.1265625 0.6328125 0.1265625 0.628125 0.121875 0.625 0.11875 0.63125 0.11875 0.6484375 0.1171875 0.65 0.115625 0.6484375 0.1140625 0.6046875 0.11875 0.5703125 0.121875 0.56875 0.1234375 0.571875 0.1234375 0.5890625 0.125 0.590625 0.1234375 0.60625 0.1328125 0.6328125 0.1328125 0.6390625
1 0.66875 0.321875 0.671875 0.325 0.6734375 0.3328125 0.671875 0.3390625 0.6734375 0.36875 0.66875 0.36875 0.665625 0.346875 0.66875 0.3234375
1 0.596875 0.3890625 0.6 0.40625 0.5984375 0.4390625 0.5953125 0.4359375 0.5921875 0.41875 0.5921875 0.396875 0.5953125 0.390625
1 0.765625 0.4546875 0.759375 0.4359375 0.7578125 0.4125 0.7609375 0.4015625 0.765625 0.40625 0.7671875 0.415625 0.7671875 0.4390625 0.7703125 0.45 0.7671875 0.4546875
1 0.7828125 0.43125 0.784375 0.478125 0.78125 0.4890625 0.778125 0.4890625 0.7765625 0.484375 0.778125 0.4703125 0.7734375 0.45 0.778125 0.4328125 0.78125 0.43125
1 0.7140625 0.3953125 0.7171875 0.396875 0.71875 0.40625 0.7171875 0.425 0.7203125 0.4421875 0.71875 0.45 0.7140625 0.4484375 0.7109375 0.44375 0.7125 0.440625 0.7109375 0.4078125 0.7140625 0.396875
1 0.909375 0.371875 0.9109375 0.34375 0.9171875 0.328125 0.9234375 0.3328125 0.921875 0.3609375 0.925 0.36875 0.925 0.371875 0.921875 0.3734375 0.921875 0.3703125 0.915625 0.3625 0.909375 0.3734375
1 0.409375 0.2484375 0.4125 0.2484375 0.4140625 0.2515625 0.4140625 0.2796875 0.409375 0.2796875 0.4078125 0.2671875 0.409375 0.25
2 0.584375 0.4203125 0.5890625 0.4203125 0.5953125 0.4296875 0.5953125 0.4390625 0.590625 0.446875 0.5921875 0.4703125 0.5875 0.4796875 0.58125 0.44375 0.5828125 0.4421875 0.58125 0.4296875 0.584375 0.421875