1 0.7578125 0.340625 0.7609375 0.35 0.759375 0.3703125 0.7640625 0.396875 0.7609375 0.3984375 0.759375 0.3890625 0.7546875 0.3859375 0.7515625 0.390625 0.7515625 0.3984375 0.7484375 0.3984375 0.75 0.3546875 0.75625 0.3421875
1 0.30625 0.678125 0.3109375 0.6796875 0.3140625 0.7484375 0.3078125 0.7578125 0.3046875 0.7734375 0.3015625 0.775 0.296875 0.7734375 0.3 0.746875 0.3 0.696875 0.30625 0.684375 0.30625 0.6796875
1 0.646875 0.259375 0.65 0.259375 0.6515625 0.265625 0.6515625 0.2734375 0.6484375 0.275 0.646875 0.2796875 0.646875 0.2921875 0.64375 0.2984375 0.640625 0.296875 0.640625 0.2921875 0.6375 0.2890625 0.6328125 0.2953125 0.63125 0.29375 0.63125 0.2890625 0.6375 0.28125 0.6421875 0.265625 0.646875 0.2609375
1 0.6890625 0.321875 0.690625 0.3484375 0.684375 0.3828125 0.6828125 0.3828125 0.6828125 0.3328125 0.6875 0.3234375
1 0.565625 0.271875 0.01328125 0.046875
1 0.7171875 0.525 0.71875 0.5265625 0.71875 0.559375 0.7171875 0.5609375 0.7171875 0.596875 0.71875 0.5984375 0.7171875 0.6015625 0.7140625 0.6015625 0.7140625 0.5890625 0.7109375 0.584375 0.70625 0.5875 0.703125 0.5984375 0.7 0.6 0.7 0.59375 0.70625 0.575 0.7078125 0.5421875 0.715625 0.5265625
1 0.9671875 0.3046875 0.9765625 0.31875 0.9796875 0.340625 0.984375 0.3484375 0.984375 0.353125 0.98125 0.353125 0.978125 0.3484375 0.9734375 0.346875 0.9671875 0.3515625 0.965625 0.3484375 0.9640625 0.3125 0.9671875 0.30625
1 0.45625 0.2890625 0.459375 0.2890625 0.4609375 0.29375 0.4609375 0.3296875 0.4625 0.33125 0.4609375 0.3328125 0.4609375 0.3484375 0.45625 0.346875 0.4484375 0.3484375 0.4484375 0.3375 0.4515625 0.3296875 0.45625 0.290625
1 0.903125 0.3 0.9078125 0.3015625 0.9078125 0.3375 0.909375 0.3390625 0.909375 0.346875 0.90625 0.3484375 0.9 0.3328125 0.903125 0.3015625
1 0.2625 0.3 0.265625 0.303125 0.2671875 0.3234375 0.2640625 0.328125 0.2640625 0.34375 0.2609375 0.353125 0.259375 0.3546875 0.2546875 0.353125 0.2546875 0.340625 0.2578125 0.3328125 0.2578125 0.3109375 0.2625 0.3015625
1 0.1578125 0.4609375 0.159375 0.459375 0.1578125 0.4390625 0.1609375 0.43125 0.16875 0.4234375 0.1703125 0.425 0.1703125 0.4484375 0.1671875 0.4609375 0.16875 0.4890625 0.165625 0.4875 0.1640625 0.478125 0.1609375 0.475 0.1515625 0.49375 0.1515625 0.48125 0.1546875 0.475 0.1578125 0.4734375 0.159375 0.4625
1 0.184375 0.309375 0.1890625 0.321875 0.1875 0.3390625 0.19375 0.3625 0.1921875 0.365625 0.1828125 0.365625 0.18125 0.3625 0.1828125 0.35 0.178125 0.3375 0.178125 0.3234375 0.1796875 0.3140625 0.1828125 0.3109375
1 0.434375 0.3546875 0.4375 0.3625 0.4375 0.3734375 0.43125 0.390625 0.43125 0.4078125 0.428125 0.4078125 0.425 0.4015625 0.41875 0.40625 0.41875 0.4 0.425 0.39375 0.4265625 0.3640625 0.4328125 0.35625
1 0.3796875 0.35 0.3859375 0.3453125 0.3875 0.3546875 0.3875 0.36875 0.384375 0.3734375 0.3796875 0.3921875 0.371875 0.396875 0.371875 0.3890625 0.3765625 0.38125 0.3765625 0.35625 0.3796875 0.3515625
1 0.76875 0.859375 0.771875 0.8640625 0.771875 0.878125 0.7765625 0.89375 0.7765625 0.9015625 0.7703125 0.915625 0.765625 0.94375 0.765625 0.95625 0.76875 0.9640625 0.765625 0.9671875 0.759375 0.9671875 0.75625 0.9734375 0.7515625 0.971875 0.7515625 0.9625 0.75625 0.9578125 0.7609375 0.9390625 0.75625 0.890625 0.759375 0.8796875 0.765625 0.8703125 0.7640625 0.865625 0.7671875 0.8609375
1 0.4875 0.296875 0.490625 0.296875 0.490625 0.3265625 0.4875 0.3453125 0.4828125 0.346875 0.4796875 0.340625 0.4796875 0.3328125 0.4828125 0.328125 0.484375 0.303125 0.4875 0.2984375
1 0.41875 0.5125 0.421875 0.5125 0.4234375 0.5234375 0.4234375 0.5625 0.415625 0.5796875 0.4140625 0.58125 0.4109375 0.5796875 0.4140625 0.5546875 0.4140625 0.5265625 0.41875 0.5140625
2 0.7296875 0.359375 0.7328125 0.3734375 0.7296875 0.384375 0.7265625 0.4203125 0.7234375 0.421875 0.7203125 0.4140625 0.7171875 0.4203125 0.715625 0.4171875 0.721875 0.3984375 0.721875 0.36875 0.725 0.3625 0.728125 0.3609375