0 0.571875 0.503125 0.575 0.503125 0.575 0.5125 0.571875 0.5125 0.5703125 0.509375 0.571875 0.5046875
1 0.3546875 0.7453125 0.3578125 0.7390625 0.3609375 0.740625 0.3609375 0.7515625 0.36875 0.7671875 0.3671875 0.8 0.371875 0.825 0.371875 0.8484375 0.3671875 0.8484375 0.36875 0.8328125 0.365625 0.815625 0.3625 0.8109375 0.3578125 0.8109375 0.3546875 0.8140625 0.35 0.8453125 0.3484375 0.8484375 0.3453125 0.8484375 0.3421875 0.8453125 0.3421875 0.840625 0.3484375 0.83125 0.35 0.81875 0.3484375 0.790625 0.3515625 0.7796875 0.3515625 0.7625 0.35625 0.7546875 0.35625 0.746875
1 0.4046875 0.5453125 0.03046875 0.07109375
1 0.5625 0.546875 0.565625 0.5453125 0.5703125 0.5359375 0.575 0.5359375 0.5828125 0.553125 0.578125 0.5515625 0.571875 0.559375 0.5734375 0.575 0.5734375 0.6125 0.571875 0.6125 0.56875 0.6046875 0.5671875 0.59375 0.56875 0.58125 0.5625 0.5484375
1 0.5609375 0.52578125 0.01640625 0.04609375
1 0.5640625 0.5875 0.5671875 0.6078125 0.5703125 0.6125 0.571875 0.634375 0.5859375 0.653125 0.584375 0.6609375 0.58125 0.659375 0.5796875 0.65 0.5671875 0.6375 0.5640625 0.64375 0.56875 0.65 0.56875 0.6546875 0.565625 0.6609375 0.5609375 0.659375 0.5625 0.65 0.55625 0.640625 0.5546875 0.6265625 0.55625 0.625 0.55625 0.5890625 0.5625 0.5875
1 0.525 0.696875 0.525 0.709375 0.5296875 0.7140625 0.5328125 0.7296875 0.5328125 0.7453125 0.53125 0.746875 0.5328125 0.7828125 0.534375 0.784375 0.5328125 0.7875 0.5296875 0.7828125 0.528125 0.7640625 0.51875 0.75625 0.5109375 0.7640625 0.5046875 0.784375 0.5015625 0.7859375 0.5046875 0.765625 0.509375 0.7578125 0.5140625 0.7421875 0.5140625 0.7390625 0.509375 0.7359375 0.509375 0.73125 0.5140625 0.7171875 0.5203125 0.7078125 0.5203125 0.6984375 0.5234375 0.696875
1 0.528125 0.525 0.528125 0.5640625 0.534375 0.6109375 0.5296875 0.6109375 0.528125 0.5921875 0.525 0.5890625 0.5203125 0.5921875 0.51875 0.6125 0.5140625 0.6109375 0.5140625 0.6015625 0.51875 0.5828125 0.5171875 0.5421875 0.521875 0.534375 0.5234375 0.5265625 0.5265625 0.525
1 0.640625 0.56875 0.64375 0.571875 0.6453125 0.584375 0.6484375 0.5890625 0.64375 0.6109375 0.64375 0.625 0.65 0.6453125 0.65 0.6515625 0.6484375 0.653125 0.6453125 0.6515625 0.64375 0.64375 0.640625 0.6515625 0.6359375 0.65 0.634375 0.628125 0.6265625 0.6203125 0.6296875 0.6015625 0.6296875 0.58125 0.6390625 0.5703125
1 0.5125 0.5078125 0.5140625 0.515625 0.51875 0.5234375 0.515625 0.55625 0.5046875 0.5640625 0.5 0.5859375 0.496875 0.5875 0.496875 0.5765625 0.503125 0.5609375 0.5046875 0.55 0.503125 0.5265625 0.509375 0.5171875 0.5109375 0.509375
1 0.6015625 0.5765625 0.6 0.559375 0.6015625 0.546875 0.6046875 0.54375 0.609375 0.5484375 0.609375 0.5546875 0.6125 0.559375 0.6125 0.5703125 0.609375 0.575 0.603125 0.5765625
2 0.2125 0.7234375 0.2125 0.7140625 0.209375 0.7078125 0.2046875 0.7140625 0.2046875 0.7234375 0.203125 0.725 0.2 0.7234375 0.2046875 0.6984375 0.2046875 0.68125 0.2 0.6640625 0.2 0.65 0.209375 0.63125 0.209375 0.6265625 0.2125 0.6234375 0.215625 0.625 0.215625 0.6421875 0.2171875 0.64375 0.2171875 0.6625 0.2125 0.671875 0.2125 0.7 0.2140625 0.7125 0.21875 0.7203125 0.2171875 0.7234375 0.2140625 0.7234375
1 0.553125 0.54375 0.5609375 0.55 0.5640625 0.55 0.5640625 0.5578125 0.5703125 0.575 0.5703125 0.5859375 0.5671875 0.5953125 0.5609375 0.5875 0.55625 0.590625 0.55625 0.6171875 0.55625 0.609375 0.5484375 0.5953125 0.546875 0.5859375 0.5515625 0.5453125
1 0.5984375 0.5734375 0.603125 0.578125 0.6125 0.58125 0.6109375 0.5953125 0.6203125 0.625 0.628125 0.6421875 0.625 0.65625 0.6265625 0.6609375 0.6234375 0.6609375 0.61875 0.65625 0.61875 0.65 0.615625 0.64375 0.609375 0.65 0.6109375 0.64375 0.609375 0.6359375 0.6046875 0.6296875 0.6 0.63125 0.6015625 0.65 0.5984375 0.6484375 0.5984375 0.603125 0.5953125 0.5890625 0.596875 0.584375 0.5953125 0.575 0.596875 0.575
1 0.5484375 0.55 0.5515625 0.54375 0.5578125 0.55 0.553125 0.5625 0.553125 0.56875 0.55625 0.575 0.5546875 0.60625 0.553125 0.60625 0.546875 0.5921875 0.546875 0.56875 0.55 0.5515625
1 0.4359375 0.521875 0.01328125 0.075
1 0.1515625 0.61015625 0.01484375 0.09296875
1 0.6296875 0.5140625 0.640625 0.5375 0.6421875 0.565625 0.634375 0.5734375 0.6265625 0.575 0.625 0.5671875 0.6265625 0.565625 0.6265625 0.5171875 0.628125 0.515625