0 0.69375 0.871875 0.696875 0.8765625 0.696875 0.88125 0.69375 0.8859375 0.6875 0.884375 0.6890625 0.8734375 0.6921875 0.871875
1 0.553125 0.3453125 0.55625 0.3484375 0.559375 0.359375 0.5578125 0.4109375 0.55625 0.4109375 0.55625 0.4046875 0.5515625 0.3921875 0.546875 0.396875 0.546875 0.40625 0.54375 0.40625 0.5453125 0.3921875 0.54375 0.3640625 0.5515625 0.346875
1 0.4921875 0.3046875 0.496875 0.3140625 0.496875 0.33125 0.4953125 0.3328125 0.496875 0.34375 0.49375 0.35 0.4890625 0.353125 0.4859375 0.3609375 0.4859375 0.33125 0.4890625 0.328125 0.4875 0.3140625 0.4921875 0.30625
1 0.45625 0.33125 0.459375 0.3359375 0.459375 0.359375 0.45625 0.3625 0.45625 0.3765625 0.45 0.39375 0.446875 0.39375 0.4484375 0.3765625 0.4453125 0.3625 0.446875 0.359375 0.4453125 0.346875 0.4484375 0.334375 0.4546875 0.33125
1 0.5078125 0.378125 0.5109375 0.378125 0.515625 0.3875 0.5125 0.3984375 0.5140625 0.440625 0.5109375 0.4390625 0.509375 0.4265625 0.5109375 0.41875 0.509375 0.4171875 0.50625 0.41875 0.503125 0.425 0.503125 0.4359375 0.5 0.4390625 0.503125 0.4203125 0.503125 0.3921875 0.5078125 0.3796875
1 0.534375 0.328125 0.5390625 0.3296875 0.5375 0.334375 0.540625 0.340625 0.5390625 0.375 0.5375 0.3796875 0.5265625 0.378125 0.5296875 0.3609375 0.5296875 0.3421875 0.534375 0.3296875
1 0.3859375 0.2875 0.3890625 0.2984375 0.3828125 0.31875 0.3828125 0.325 0.378125 0.3296875 0.378125 0.3328125 0.371875 0.334375 0.3703125 0.328125 0.3765625 0.321875 0.378125 0.3 0.3828125 0.2953125 0.384375 0.2890625
1 0.3875 0.3296875 0.3890625 0.340625 0.3875 0.3421875 0.3875 0.3578125 0.384375 0.3625 0.3828125 0.371875 0.3828125 0.3859375 0.38125 0.3875 0.3796875 0.3859375 0.3796875 0.38125 0.375 0.375 0.36875 0.3890625 0.3671875 0.3890625 0.3671875 0.384375 0.3765625 0.35625 0.378125 0.3296875 0.3796875 0.328125 0.3859375 0.3296875
1 0.4008217592592593 0.3279861111111111 0.016238425925925927 0.05742476851851852
1 0.16512731481481482 0.5275694444444444 0.020740740740740747 0.08407986111111114
1 0.528125 0.3796875 0.534375 0.384375 0.5375 0.390625 0.5359375 0.41875 0.5328125 0.425 0.5328125 0.4421875 0.53125 0.44375 0.528125 0.4375 0.5265625 0.3984375 0.525 0.396875 0.528125 0.38125
1 0.3921875 0.475 0.396875 0.4765625 0.396875 0.4828125 0.4 0.4890625 0.4015625 0.4984375 0.4 0.51875 0.4046875 0.534375 0.403125 0.540625 0.4046875 0.5421875 0.4015625 0.54375 0.4 0.540625 0.4015625 0.5375 0.3953125 0.5234375 0.39375 0.5390625 0.390625 0.5421875 0.3890625 0.515625 0.384375 0.496875 0.3921875 0.4765625
1 0.496875 0.3421875 0.5015625 0.3453125 0.50625 0.35625 0.503125 0.3703125 0.5046875 0.384375 0.503125 0.3984375 0.5015625 0.4015625 0.5 0.4 0.5 0.3875 0.496875 0.3828125 0.490625 0.39375 0.4890625 0.403125 0.490625 0.3625 0.496875 0.34375
1 0.7 0.8859375 0.6984375 0.88125 0.7046875 0.8640625 0.7046875 0.8546875 0.7109375 0.8453125 0.7125 0.8296875 0.7171875 0.8203125 0.7171875 0.809375 0.7140625 0.803125 0.7140625 0.796875 0.7171875 0.79375 0.7203125 0.7953125 0.7265625 0.8125 0.7234375 0.8453125 0.7140625 0.8609375 0.7140625 0.8703125 0.70625 0.8734375 0.7015625 0.884375
1 0.4171875 0.325 0.421875 0.3265625 0.421875 0.3484375 0.4171875 0.3640625 0.4078125 0.378125 0.40625 0.3890625 0.4015625 0.3890625 0.4046875 0.3765625 0.3984375 0.3734375 0.4078125 0.3578125 0.4109375 0.3359375 0.4171875 0.3265625
1 0.471875 0.3171875 0.4796875 0.33125 0.4765625 0.340625 0.4765625 0.3609375 0.4734375 0.365625 0.4734375 0.3796875 0.471875 0.38125 0.46875 0.375 0.4671875 0.3765625 0.4640625 0.375 0.4671875 0.359375 0.4671875 0.3375 0.465625 0.3359375 0.471875 0.31875
1 0.20625 0.290625 0.2109375 0.3046875 0.2109375 0.3203125 0.20625 0.3328125 0.20625 0.3515625 0.203125 0.35 0.2015625 0.3453125 0.2 0.33125 0.2015625 0.321875 0.2 0.3078125 0.2015625 0.2984375 0.20625 0.2921875
1 0.5421875 0.3625 0.5421875 0.346875 0.5390625 0.3328125 0.54375 0.321875 0.5484375 0.325 0.5515625 0.3328125 0.55 0.334375 0.5515625 0.340625 0.55 0.353125 0.5421875 0.3640625
2 0.1971167703125 0.3633333328125 0.1931995890625 0.37851851875000003 0.190185828125 0.42155092656250004 0.20097929531249997 0.424652778125 0.2055774171875 0.3510648140625 0.1971167703125 0.3633333328125