0 0.575 0.4671875 0.5765625 0.4765625 0.571875 0.478125 0.5734375 0.46875
1 0.4111458333333333 0.3589583333333334 0.026093750000000027 0.07562500000000001
1 0.68125 0.440625 0.6828125 0.4671875 0.6734375 0.5078125 0.675 0.540625 0.671875 0.5453125 0.66875 0.5453125 0.6703125 0.540625 0.66875 0.5359375 0.6625 0.54375 0.659375 0.5421875 0.659375 0.534375 0.6625 0.5296875 0.659375 0.5234375 0.6578125 0.5078125 0.6609375 0.496875 0.6609375 0.4875 0.665625 0.4796875 0.665625 0.4609375 0.675 0.4515625 0.675 0.4421875 0.6796875 0.440625
1 0.434375 0.35 0.4390625 0.359375 0.4390625 0.371875 0.4296875 0.3859375 0.4296875 0.39375 0.4203125 0.4125 0.4171875 0.4140625 0.415625 0.4109375 0.41875 0.3953125 0.415625 0.3890625 0.415625 0.375 0.41875 0.371875 0.41875 0.3671875 0.434375 0.3515625
1 0.5484375 0.3984375 0.55 0.4109375 0.553125 0.4140625 0.5515625 0.4515625 0.553125 0.453125 0.5546875 0.4859375 0.55 0.4765625 0.546875 0.4609375 0.5421875 0.4640625 0.5421875 0.4859375 0.540625 0.4859375 0.5390625 0.4703125 0.5359375 0.4640625 0.5375 0.45625 0.5328125 0.446875 0.5359375 0.41875 0.5421875 0.4109375 0.54375 0.4 0.546875 0.3984375
1 0.2671875 0.4125 0.2703125 0.4171875 0.2703125 0.4234375 0.2640625 0.434375 0.2625 0.4453125 0.25625 0.4546875 0.2609375 0.46875 0.2546875 0.484375 0.2546875 0.5 0.25 0.5015625 0.246875 0.50625 0.240625 0.5046875 0.240625 0.496875 0.24375 0.49375 0.246875 0.4765625 0.2453125 0.4734375 0.246875 0.4703125 0.2421875 0.4625 0.240625 0.4515625 0.246875 0.4390625 0.2625 0.4203125 0.2625 0.415625 0.265625 0.4140625
1 0.4171875 0.415625 0.41875 0.4203125 0.4125 0.4296875 0.4046875 0.453125 0.4078125 0.4671875 0.4015625 0.490625 0.4015625 0.4984375 0.3953125 0.4984375 0.396875 0.465625 0.390625 0.4578125 0.390625 0.4453125 0.39375 0.44375 0.4015625 0.425 0.4125 0.4140625 0.415625 0.415625
1 0.9359375 0.73125 0.934375 0.6625 0.9375 0.634375 0.934375 0.63125 0.9328125 0.621875 0.9375 0.6125 0.9390625 0.603125 0.9453125 0.596875 0.95 0.578125 0.9546875 0.578125 0.95625 0.58125 0.9546875 0.6375 0.953125 0.6390625 0.953125 0.65625 0.9484375 0.665625 0.9453125 0.6859375 0.9453125 0.70625 0.9421875 0.709375 0.9421875 0.728125 0.940625 0.73125 0.9375 0.73125
1 0.590625 0.41875 0.590625 0.421875 0.5859375 0.4234375 0.58125 0.421875 0.575 0.4296875 0.5765625 0.4421875 0.58125 0.45 0.5796875 0.4859375 0.578125 0.4875 0.575 0.4859375 0.571875 0.478125 0.5765625 0.4609375 0.575 0.4546875 0.5703125 0.4578125 0.56875 0.4640625 0.5671875 0.4734375 0.56875 0.4828125 0.5671875 0.484375 0.5640625 0.478125 0.565625 0.4515625 0.5609375 0.440625 0.5640625 0.421875 0.5609375 0.4203125 0.5578125 0.4234375 0.55625 0.4203125 0.5640625 0.4046875 0.571875 0.396875 0.5734375 0.390625 0.5796875 0.3921875 0.578125 0.403125 0.58125 0.4140625 0.5859375 0.41875 0.5890625 0.41875
1 0.840625 0.6234375 0.8421875 0.634375 0.840625 0.6546875 0.834375 0.6671875 0.8328125 0.6875 0.825 0.703125 0.8265625 0.7125 0.825 0.715625 0.8296875 0.725 0.828125 0.74375 0.825 0.746875 0.8234375 0.74375 0.825 0.734375 0.821875 0.73125 0.815625 0.7390625 0.8140625 0.7484375 0.809375 0.7484375 0.809375 0.740625 0.815625 0.728125 0.815625 0.7125 0.8171875 0.7109375 0.815625 0.6984375 0.8171875 0.65625 0.8140625 0.653125 0.8125 0.64375 0.8171875 0.625 0.8265625 0.615625 0.825 0.6046875 0.828125 0.5984375 0.834375 0.6 0.834375 0.6171875 0.8390625 0.6234375
1 0.484375 0.403125 0.4875 0.40625 0.4859375 0.4234375 0.490625 0.4359375 0.490625 0.440625 0.4859375 0.4453125 0.4875 0.4875 0.484375 0.490625 0.484375 0.5078125 0.4796875 0.5078125 0.478125 0.5046875 0.48125 0.4921875 0.48125 0.4859375 0.478125 0.4828125 0.4671875 0.5046875 0.4671875 0.4921875 0.4734375 0.4765625 0.471875 0.4671875 0.4734375 0.446875 0.4703125 0.44375 0.471875 0.43125 0.4796875 0.4171875 0.4796875 0.409375 0.4828125 0.4046875
1 0.4231249999999999 0.45996527777777774 0.026250000000000016 0.08966435185185188
1 0.6671875 0.4140625 0.66875 0.4125 0.66875 0.3921875 0.671875 0.3890625 0.6734375 0.3796875 0.6703125 0.3671875 0.6734375 0.3625 0.6734375 0.35625 0.678125 0.3484375 0.68125 0.334375 0.684375 0.3328125 0.6890625 0.35 0.6890625 0.3640625 0.6859375 0.3671875 0.684375 0.3890625 0.68125 0.3984375 0.6828125 0.425 0.6796875 0.4265625 0.675 0.4015625 0.671875 0.4234375 0.6703125 0.4265625 0.6671875 0.4265625 0.66875 0.415625
1 0.4109375 0.5265625 0.4234375 0.5015625 0.425 0.490625 0.43125 0.484375 0.4328125 0.4859375 0.43125 0.5 0.4359375 0.5109375 0.434375 0.5140625 0.4359375 0.5359375 0.4328125 0.5453125 0.4265625 0.5484375 0.4171875 0.5671875 0.415625 0.6015625 0.4078125 0.6046875 0.40625 0.5609375 0.4078125 0.553125 0.4171875 0.5359375 0.4171875 0.528125 0.4140625 0.525 0.4125 0.5265625
2 0.6625 0.446875 0.665625 0.446875 0.6671875 0.45 0.6671875 0.459375 0.665625 0.4609375 0.665625 0.478125 0.6625 0.484375 0.6625 0.496875 0.6578125 0.5109375 0.6640625 0.5265625 0.659375 0.528125 0.6578125 0.5203125 0.653125 0.5171875 0.65 0.5296875 0.646875 0.5328125 0.646875 0.540625 0.6453125 0.5421875 0.6421875 0.540625 0.646875 0.5296875 0.646875 0.5125 0.6546875 0.49375 0.65625 0.4828125 0.6546875 0.4671875 0.65625 0.4609375 0.6609375 0.45625 0.6625 0.4484375