1 0.8 0.40277777812500004 0.80625 0.38055555625 0.8 0.36944444375 0.8 0.3583333328125 0.79296875 0.3416666671875 0.7875 0.36666666718749996 0.7859375 0.40277777812500004 0.79296875 0.425 0.7984375 0.425 0.8 0.40277777812500004
2 0.80625 0.3791666671875 0.803125 0.36944444375 0.7953125 0.372222221875 0.7921875 0.42083333281249996 0.79296875 0.425 0.8 0.425 0.80625 0.3791666671875
1 0.47421875 0.43194444374999996 0.4765625 0.4388888890625 0.49609375 0.3986111109375 0.49375 0.38055555625 0.47734375 0.3638888890625 0.4734375 0.365277778125 0.4828125 0.372222221875 0.48359375 0.38194444375000003 0.47421875 0.43194444374999996
1 0.490625 0.3791666671875 0.484375 0.38194444375000003 0.4796875 0.40277777812500004 0.48046875 0.427777778125 0.49453125 0.40277777812500004 0.49453125 0.384722221875 0.490625 0.3791666671875
1 0.62265625 0.24444444375000002 0.61875 0.2388888890625 0.61484375 0.24722222187499998 0.609375 0.272222221875 0.6125 0.28055555625 0.6171875 0.27777777812500004 0.62265625 0.24444444375000002
1 0.4390625 0.372222221875 0.434375 0.397222221875 0.43515625 0.41805555625 0.45 0.384722221875 0.44609375 0.3638888890625 0.4390625 0.372222221875
1 0.44609375 0.3638888890625 0.43671875 0.3791666671875 0.434375 0.4166666671875 0.4390625 0.4125 0.44921875 0.3861111109375 0.44609375 0.3638888890625
1 0.29609375 0.3416666671875 0.29609375 0.3138888890625 0.28515625 0.325 0.271875 0.3125 0.27109375 0.32777777812500003 0.27890625 0.35555555625 0.290625 0.35694444375 0.29609375 0.3416666671875
0 0.31484375 0.3291666671875 0.31953125 0.32083333281250004 0.3109375 0.3236111109375 0.31484375 0.3291666671875
1 0.709375 0.2708333328125 0.709375 0.2541666671875 0.70625 0.25 0.70234375 0.25555555625 0.69609375 0.28472222187499996 0.69765625 0.2916666671875 0.70390625 0.2916666671875 0.709375 0.2708333328125
1 0.7546875 0.38333333281250004 0.759375 0.3513888890625 0.75703125 0.3291666671875 0.7515625 0.32777777812500003 0.74765625 0.3736111109375 0.74765625 0.38333333281250004 0.7515625 0.3861111109375 0.7546875 0.38333333281250004
1 0.2203125 0.4291666671875 0.2171875 0.427777778125 0.20859375 0.44444444375 0.209375 0.47222222187499996 0.20546875 0.497222221875 0.22265625 0.4513888890625 0.2203125 0.4291666671875
1 0.46640625 0.54444444375 0.4609375 0.525 0.45078125 0.54305555625 0.45390625 0.5625 0.453125 0.5888888890625 0.45703125 0.5916666671875 0.46640625 0.54444444375
1 0.51875 0.35 0.52421875 0.34305555625 0.5296875 0.3513888890625 0.5328125 0.30694444375 0.52109375 0.28611111093749997 0.5171875 0.2888888890625 0.5171875 0.3111111109375 0.51171875 0.3375 0.51484375 0.3375 0.51875 0.35
1 0.76953125 0.5527777781250001 0.765625 0.5541666671875001 0.7578125 0.5736111109375 0.7546875 0.6347222218749999 0.765625 0.622222221875 0.77578125 0.577777778125 0.76953125 0.5527777781250001
1 0.3203125 0.79305555625 0.32578125 0.79444444375 0.33828125 0.7375 0.33828125 0.7236111109375 0.33125 0.7013888890625 0.3203125 0.725 0.31875 0.73055555625 0.32421875 0.7666666671875 0.31875 0.7875 0.3203125 0.79305555625
1 0.8078125 0.9861111109375 0.81015625 0.99444444375 0.815625 0.9902777781250001 0.81484375 0.9708333328125001 0.81875 0.9638888890624999 0.825 0.925 0.82265625 0.9041666671874999 0.81640625 0.89305555625 0.8171875 0.8791666671874999 0.8109375 0.88055555625 0.81171875 0.89305555625 0.80546875 0.902777778125 0.80390625 0.925 0.8078125 0.9305555562500001 0.81015625 0.95555555625 0.8078125 0.9861111109375
1 0.29765625 0.3375 0.296875 0.3111111109375 0.28515625 0.3263888890625 0.28359375 0.3458333328125 0.27890625 0.35555555625 0.29296875 0.35972222187499997 0.29765625 0.3375