0 0.5828125 0.409375 0.5859375 0.4109375 0.5859375 0.4203125 0.5828125 0.4203125 0.5828125 0.4109375
1 0.7328125 0.6390625 0.7328125 0.6484375 0.7375 0.6578125 0.7328125 0.6828125 0.7328125 0.6953125 0.7375 0.70625 0.7359375 0.7140625 0.7328125 0.7109375 0.7296875 0.7 0.725 0.7046875 0.7234375 0.7125 0.7203125 0.7140625 0.7234375 0.696875 0.721875 0.675 0.725 0.66875 0.728125 0.640625 0.73125 0.6390625
1 0.384375 0.496875 0.3828125 0.4953125 0.384375 0.4828125 0.3828125 0.46875 0.384375 0.4671875 0.384375 0.44375 0.3875 0.434375 0.3921875 0.43125 0.390625 0.434375 0.390625 0.4671875 0.3921875 0.46875 0.3859375 0.4890625 0.3859375 0.4953125
1 0.5375 0.390625 0.5421875 0.390625 0.540625 0.4015625 0.5453125 0.4109375 0.54375 0.4421875 0.5359375 0.446875 0.5375 0.428125 0.5328125 0.415625 0.53125 0.4140625 0.5265625 0.415625 0.528125 0.40625 0.5375 0.3921875
1 0.4421875 0.4296875 0.45 0.425 0.453125 0.43125 0.45 0.434375 0.4484375 0.4453125 0.4484375 0.4671875 0.446875 0.46875 0.4484375 0.4875 0.446875 0.4890625 0.440625 0.478125 0.4375 0.484375 0.4359375 0.4828125 0.4390625 0.4671875 0.4359375 0.44375 0.4421875 0.43125
1 0.740625 0.36875 0.74375 0.3703125 0.7453125 0.3828125 0.74375 0.4015625 0.746875 0.4046875 0.746875 0.409375 0.7421875 0.4140625 0.7421875 0.421875 0.740625 0.4234375 0.7375 0.421875 0.7375 0.39375 0.740625 0.3703125
1 0.584375 0.4640625 0.5859375 0.43125 0.5875 0.425 0.5953125 0.415625 0.5984375 0.41875 0.6 0.4296875 0.5984375 0.4421875 0.596875 0.4484375 0.5921875 0.453125 0.5890625 0.4640625 0.5859375 0.4640625
1 0.5078125 0.3625 0.5109375 0.371875 0.5109375 0.396875 0.509375 0.3984375 0.5109375 0.415625 0.50625 0.4171875 0.5015625 0.396875 0.503125 0.3953125 0.5015625 0.375 0.50625 0.3640625
1 0.5984375 0.43125 0.6 0.4296875 0.5984375 0.425 0.6 0.4015625 0.6046875 0.396875 0.6078125 0.403125 0.6078125 0.421875 0.6015625 0.4328125 0.6 0.4484375 0.5984375 0.45 0.596875 0.446875 0.6 0.4328125
1 0.5 0.45625 0.50625 0.4671875 0.5046875 0.4703125 0.5078125 0.478125 0.5046875 0.490625 0.50625 0.5171875 0.5046875 0.51875 0.503125 0.5171875 0.5015625 0.5078125 0.4984375 0.503125 0.4953125 0.5078125 0.49375 0.521875 0.4921875 0.5203125 0.4921875 0.5015625 0.49375 0.5 0.4921875 0.4796875 0.49375 0.46875 0.4984375 0.4640625 0.5 0.4578125
1 0.81875 0.3328125 0.821875 0.3375 0.821875 0.35625 0.815625 0.36875 0.815625 0.3796875 0.8109375 0.384375 0.8078125 0.384375 0.8078125 0.3671875 0.8140625 0.353125 0.815625 0.340625 0.81875 0.334375
1 0.296875 0.6015625 0.2984375 0.6046875 0.296875 0.6171875 0.3015625 0.625 0.30625 0.625 0.30625 0.63125 0.3109375 0.6359375 0.3140625 0.6453125 0.3125 0.646875 0.3140625 0.6546875 0.3078125 0.659375 0.30625 0.6671875 0.30625 0.690625 0.309375 0.7015625 0.309375 0.70625 0.30625 0.70625 0.3015625 0.690625 0.3015625 0.675 0.296875 0.65 0.2984375 0.6390625 0.29375 0.6140625 0.296875 0.603125
1 0.8448784722222221 0.47153935185185186 0.01715277777777775 0.06973958333333333
1 0.4609375 0.3796875 0.4640625 0.38125 0.465625 0.396875 0.4625 0.4109375 0.4625 0.4328125 0.459375 0.4375 0.4578125 0.428125 0.4546875 0.425 0.45 0.425 0.453125 0.3984375 0.45625 0.3953125 0.4609375 0.38125
1 0.2234375 0.4515625 0.2234375 0.4359375 0.225 0.434375 0.2234375 0.4125 0.228125 0.4015625 0.234375 0.396875 0.2375 0.4 0.234375 0.409375 0.234375 0.4296875 0.23125 0.4375 0.23125 0.446875 0.2265625 0.453125 0.225 0.4515625
1 0.5859375 0.4875 0.590625 0.5 0.5890625 0.503125 0.5921875 0.528125 0.6 0.5375 0.6015625 0.546875 0.59375 0.5390625 0.5875 0.5375 0.5828125 0.5421875 0.5828125 0.5515625 0.578125 0.553125 0.578125 0.5359375 0.58125 0.5296875 0.5828125 0.5140625 0.58125 0.5015625 0.584375 0.496875 0.584375 0.4890625
2 0.64375 0.4328125 0.646875 0.434375 0.6484375 0.44375 0.6484375 0.4546875 0.6453125 0.465625 0.6453125 0.4828125 0.6484375 0.4890625 0.6484375 0.4984375 0.646875 0.4984375 0.64375 0.4875 0.6390625 0.4828125 0.6359375 0.49375 0.6328125 0.496875 0.6359375 0.4671875 0.6390625 0.4640625 0.6390625 0.446875 0.64375 0.434375