0 0.7296875 0.5296875 0.73125 0.51875 0.7359375 0.5234375 0.7359375 0.5296875 0.73125 0.5296875
1 0.253125 0.703125 0.2578125 0.703125 0.259375 0.70625 0.2609375 0.71875 0.265625 0.7296875 0.2640625 0.740625 0.2671875 0.746875 0.265625 0.7796875 0.26875 0.7953125 0.271875 0.8 0.271875 0.803125 0.2671875 0.803125 0.2625 0.7984375 0.259375 0.80625 0.25625 0.8046875 0.2609375 0.7828125 0.2546875 0.7484375 0.246875 0.7390625 0.246875 0.728125 0.253125 0.7171875 0.253125 0.7046875
1 0.4828125 0.425 0.484375 0.4328125 0.4796875 0.4515625 0.48125 0.471875 0.478125 0.478125 0.4734375 0.478125 0.46875 0.4828125 0.465625 0.4890625 0.465625 0.496875 0.4625 0.4984375 0.4609375 0.4890625 0.46875 0.475 0.46875 0.459375 0.4703125 0.4578125 0.4671875 0.43125 0.4703125 0.4265625 0.4765625 0.428125 0.48125 0.425
1 0.521875 0.484375 0.5234375 0.4875 0.521875 0.5078125 0.528125 0.5265625 0.525 0.5328125 0.5234375 0.5515625 0.5203125 0.55625 0.521875 0.5578125 0.5203125 0.5671875 0.515625 0.5578125 0.5171875 0.5328125 0.5125 0.5125 0.5125 0.503125 0.5171875 0.49375 0.5171875 0.4859375 0.5203125 0.484375
1 0.6050000000000001 0.5085416666666667 0.020833333333333304 0.08279513888888887
1 0.628125 0.4234375 0.6328125 0.4234375 0.6328125 0.4390625 0.6359375 0.446875 0.634375 0.4625 0.6375 0.475 0.6265625 0.465625 0.621875 0.4703125 0.621875 0.4796875 0.61875 0.48125 0.6171875 0.478125 0.621875 0.4625 0.61875 0.4390625 0.628125 0.425
2 0.25625 0.5125 0.2640625 0.55625 0.2609375 0.6 0.2578125 0.5984375 0.259375 0.571875 0.25625 0.5671875 0.25625 0.5609375 0.2515625 0.5546875 0.2515625 0.540625 0.2484375 0.534375 0.2515625 0.5140625 0.2546875 0.5125
1 0.4578125 0.4984375 0.4625 0.5 0.4625 0.50625 0.465625 0.5109375 0.46875 0.525 0.4640625 0.553125 0.465625 0.58125 0.4625 0.58125 0.4609375 0.565625 0.4578125 0.5609375 0.45625 0.5515625 0.45625 0.5390625 0.4515625 0.525 0.4515625 0.5171875 0.4578125 0.5
1 0.5265625 0.5609375 0.53125 0.5609375 0.53125 0.5671875 0.5375 0.5796875 0.534375 0.6390625 0.53125 0.6359375 0.528125 0.6421875 0.5234375 0.640625 0.525 0.628125 0.528125 0.621875 0.528125 0.5953125 0.521875 0.5859375 0.521875 0.578125 0.5265625 0.56875 0.5265625 0.5625
1 0.25625 0.3984375 0.259375 0.3984375 0.2609375 0.4015625 0.2625 0.4265625 0.2671875 0.4390625 0.2671875 0.4625 0.2640625 0.4625 0.2640625 0.4515625 0.2609375 0.446875 0.2578125 0.453125 0.2546875 0.453125 0.2484375 0.459375 0.246875 0.4578125 0.246875 0.453125 0.2546875 0.4484375 0.2578125 0.4421875 0.253125 0.409375 0.253125 0.403125 0.25625 0.4
1 0.7171875 0.471875 0.721875 0.4734375 0.728125 0.48125 0.728125 0.5 0.7359375 0.5234375 0.7359375 0.5296875 0.721875 0.5296875 0.721875 0.5203125 0.7171875 0.5109375 0.7171875 0.4953125 0.7140625 0.4921875 0.7109375 0.4921875 0.70625 0.496875 0.703125 0.4953125 0.7171875 0.4734375
1 0.2109375 0.5921875 0.2140625 0.590625 0.215625 0.5859375 0.2125 0.5265625 0.2171875 0.521875 0.21875 0.5328125 0.221875 0.5359375 0.2265625 0.55 0.225 0.5703125 0.228125 0.575 0.228125 0.6015625 0.23125 0.60625 0.2265625 0.6078125 0.2234375 0.6046875 0.225 0.590625 0.221875 0.5859375 0.2140625 0.5953125 0.2109375 0.603125 0.209375 0.603125 0.2109375 0.59375
1 0.1796875 0.3828125 0.1828125 0.384375 0.1828125 0.3921875 0.1859375 0.396875 0.1875 0.43125 0.1890625 0.4328125 0.1890625 0.453125 0.1859375 0.4515625 0.1859375 0.4421875 0.18125 0.4390625 0.1734375 0.446875 0.1734375 0.4390625 0.1765625 0.434375 0.1765625 0.409375 0.178125 0.4078125 0.1765625 0.39375 0.1796875 0.384375
1 0.5546875 0.428125 0.553125 0.4390625 0.5546875 0.440625 0.5546875 0.471875 0.55625 0.4734375 0.5546875 0.484375 0.55625 0.4859375 0.553125 0.4921875 0.5515625 0.5046875 0.5484375 0.5 0.55 0.475 0.5453125 0.4625 0.546875 0.45625 0.5453125 0.4453125 0.55 0.4296875 0.553125 0.428125