0 0.30649884259259264 0.37223958333333335 0.007123842592592622 0.012864583333333313
1 0.30625 0.521875 0.3109375 0.5203125 0.3203125 0.5296875 0.3265625 0.540625 0.3265625 0.54375 0.3234375 0.540625 0.31875 0.54375 0.31875 0.55625 0.3203125 0.5578125 0.3203125 0.5734375 0.3296875 0.5890625 0.3296875 0.5953125 0.3265625 0.5953125 0.3234375 0.5890625 0.315625 0.58125 0.3125 0.58125 0.3046875 0.5703125 0.3046875 0.5625 0.3078125 0.5578125 0.303125 0.5453125 0.30625 0.534375 0.30625 0.5234375
1 0.7754571759259259 0.31980902777777775 0.014525462962962976 0.06322916666666663
1 0.734375 0.4578125 0.7390625 0.4640625 0.7421875 0.4828125 0.740625 0.5078125 0.74375 0.5109375 0.753125 0.5109375 0.753125 0.51875 0.7453125 0.51875 0.7375 0.5125 0.7328125 0.5171875 0.73125 0.5375 0.728125 0.540625 0.725 0.5390625 0.73125 0.496875 0.7296875 0.4859375 0.7328125 0.4828125 0.7328125 0.459375
1 0.5421875 0.2703125 0.5453125 0.271875 0.5484375 0.2828125 0.546875 0.303125 0.55 0.3109375 0.55 0.31875 0.546875 0.31875 0.5390625 0.303125 0.5390625 0.2859375 0.5421875 0.271875
1 0.496875 0.34375 0.5046875 0.35625 0.5046875 0.38125 0.5078125 0.384375 0.5109375 0.38125 0.515625 0.3828125 0.515625 0.3875 0.50625 0.3890625 0.4953125 0.396875 0.4921875 0.415625 0.4890625 0.415625 0.4875 0.4109375 0.4921875 0.4046875 0.4953125 0.3921875 0.4953125 0.3671875 0.4921875 0.3609375 0.4953125 0.3453125
1 0.6234375 0.359375 0.6265625 0.359375 0.6296875 0.36875 0.634375 0.403125 0.6390625 0.415625 0.6390625 0.4265625 0.634375 0.428125 0.6328125 0.4171875 0.6265625 0.4140625 0.621875 0.4046875 0.6234375 0.3609375
1 0.91875 0.321875 0.925 0.3390625 0.925 0.35 0.921875 0.35625 0.925 0.378125 0.91875 0.384375 0.915625 0.384375 0.9140625 0.3796875 0.9109375 0.36875 0.9109375 0.353125 0.9078125 0.3484375 0.9109375 0.3296875 0.9140625 0.3234375 0.9171875 0.321875
1 0.24375 0.453125 0.246875 0.453125 0.2515625 0.4625 0.2515625 0.4703125 0.25625 0.484375 0.25625 0.496875 0.2703125 0.5 0.26875 0.50625 0.253125 0.50625 0.2515625 0.5015625 0.246875 0.5 0.24375 0.5078125 0.2421875 0.5234375 0.2375 0.521875 0.240625 0.5109375 0.240625 0.4984375 0.2453125 0.484375 0.2421875 0.46875 0.24375 0.4546875
1 0.3015625 0.4828125 0.30625 0.484375 0.30625 0.49375 0.3125 0.5109375 0.3109375 0.5203125 0.30625 0.5234375 0.30625 0.5296875 0.3015625 0.5390625 0.3015625 0.5515625 0.2984375 0.5546875 0.29375 0.553125 0.296875 0.5453125 0.2953125 0.5296875 0.3015625 0.5140625 0.3015625 0.50625 0.296875 0.5015625 0.3015625 0.4921875 0.3015625 0.484375
1 0.475 0.375 0.4765625 0.3765625 0.475 0.3828125 0.4671875 0.375 0.4625 0.375 0.459375 0.3796875 0.459375 0.3953125 0.45625 0.3921875 0.4546875 0.3390625 0.4578125 0.3328125 0.4609375 0.334375 0.465625 0.34375 0.46875 0.36875 0.4734375 0.375
1 0.84375 0.5390625 0.853125 0.559375 0.8546875 0.5859375 0.865625 0.5875 0.8671875 0.5953125 0.8625 0.59375 0.853125 0.596875 0.8484375 0.5953125 0.8453125 0.5984375 0.84375 0.615625 0.840625 0.61875 0.8359375 0.615625 0.840625 0.6078125 0.8453125 0.5765625 0.8421875 0.56875 0.8421875 0.553125 0.840625 0.5515625 0.8421875 0.540625
1 0.931892361111111 0.8138483796296295 0.05076388888888896 0.1057175925925927
1 0.925 0.353125 0.925 0.3390625 0.9171875 0.321875 0.9171875 0.3078125 0.9234375 0.2953125 0.928125 0.303125 0.9265625 0.3375 0.925 0.3390625 0.9265625 0.353125
1 0.5990393518518519 0.30943287037037037 0.016869212962962975 0.06335069444444441
2 0.828125 0.403125 0.8390625 0.41875 0.8375 0.44375 0.846875 0.4625 0.8453125 0.465625 0.8421875 0.4640625 0.834375 0.446875 0.83125 0.4453125 0.8296875 0.446875 0.83125 0.465625 0.828125 0.4671875 0.828125 0.4609375 0.8234375 0.453125 0.825 0.4375 0.8234375 0.4046875 0.8265625 0.403125