1 0.390625 0.6125 0.3875 0.6078125 0.3828125 0.553125 0.378125 0.54375 0.3796875 0.53125 0.384375 0.525 0.3921875 0.525 0.396875 0.5375 0.396875 0.5484375 0.3921875 0.5703125 0.3921875 0.609375 0.390625 0.6109375
1 0.3140625 0.4015625 0.31875 0.403125 0.3171875 0.4125 0.31875 0.471875 0.3171875 0.4734375 0.3140625 0.4703125 0.30625 0.4703125 0.3046875 0.4640625 0.3078125 0.4578125 0.309375 0.4453125 0.309375 0.41875 0.3140625 0.403125
1 0.50625 0.3625 0.509375 0.3625 0.5109375 0.371875 0.5140625 0.375 0.5140625 0.409375 0.5171875 0.4171875 0.515625 0.425 0.5140625 0.41875 0.5078125 0.4140625 0.50625 0.4234375 0.5015625 0.425 0.50625 0.39375 0.50625 0.3640625
1 0.459375 0.4359375 0.4609375 0.4390625 0.45625 0.4625 0.4578125 0.49375 0.453125 0.5109375 0.4484375 0.509375 0.4515625 0.4859375 0.4453125 0.471875 0.4453125 0.4640625 0.4484375 0.446875 0.4578125 0.4359375
1 0.9875 0.3 0.990625 0.3015625 0.990625 0.30625 0.99375 0.309375 0.9921875 0.3375 0.9953125 0.34375 0.99375 0.3484375 0.984375 0.3328125 0.984375 0.309375 0.9875 0.3015625
1 0.240625 0.4421875 0.2421875 0.44375 0.240625 0.4765625 0.2375 0.4734375 0.2328125 0.4734375 0.23125 0.4703125 0.2359375 0.44375 0.2390625 0.4421875
1 0.5578125 0.4515625 0.5578125 0.45625 0.5640625 0.4703125 0.5625 0.509375 0.5671875 0.5265625 0.5640625 0.525 0.5625 0.5171875 0.559375 0.5109375 0.55625 0.509375 0.5546875 0.5109375 0.5546875 0.5296875 0.55 0.5296875 0.5515625 0.5265625 0.55 0.4703125 0.553125 0.4625 0.553125 0.453125 0.55625 0.4515625
1 0.6890625 0.69140625 0.02265625 0.1140625
1 0.234375 0.4703125 0.2390625 0.475 0.2421875 0.4859375 0.2421875 0.525 0.2390625 0.5328125 0.2359375 0.55625 0.2328125 0.5546875 0.23125 0.50625 0.228125 0.4984375 0.228125 0.4875 0.2328125 0.471875
1 0.5046875 0.6984375 0.50625 0.675 0.5109375 0.6671875 0.5109375 0.6546875 0.5140625 0.65 0.5171875 0.6515625 0.5171875 0.6625 0.528125 0.684375 0.5234375 0.71875 0.5234375 0.7390625 0.5265625 0.7484375 0.5265625 0.759375 0.5234375 0.7625 0.521875 0.7703125 0.5171875 0.76875 0.51875 0.7609375 0.5125 0.73125 0.5109375 0.7046875 0.50625 0.6984375
1 0.5203125 0.503125 0.521875 0.5046875 0.528125 0.5015625 0.5359375 0.50625 0.5359375 0.5109375 0.528125 0.5109375 0.525 0.5140625 0.525 0.5171875 0.534375 0.525 0.50625 0.5234375 0.5046875 0.51875 0.5046875 0.509375 0.5078125 0.4984375 0.50625 0.49375 0.5125 0.4921875 0.51875 0.503125
1 0.4484375 0.3578125 0.453125 0.36875 0.45 0.3953125 0.45 0.4125 0.4515625 0.4140625 0.45 0.4234375 0.446875 0.421875 0.4421875 0.3765625 0.4421875 0.36875 0.446875 0.359375
2 0.7234375 0.4453125 0.7265625 0.44375 0.7296875 0.4453125 0.734375 0.4609375 0.734375 0.4953125 0.7421875 0.515625 0.7421875 0.5234375 0.740625 0.525 0.7390625 0.5234375 0.7390625 0.515625 0.734375 0.5078125 0.7328125 0.5 0.7296875 0.4984375 0.728125 0.5 0.728125 0.5203125 0.7234375 0.521875 0.725 0.5109375 0.721875 0.4921875 0.725 0.4765625 0.7203125 0.475 0.7234375 0.46875 0.7234375 0.446875
1 0.240625 0.440625 0.2421875 0.44375 0.240625 0.4796875 0.2375 0.475 0.23125 0.471875 0.2359375 0.44375 0.2390625 0.4421875
1 0.39375 0.4828125 0.3953125 0.496875 0.39375 0.525 0.3828125 0.5234375 0.3828125 0.5125 0.3796875 0.5046875 0.3734375 0.5078125 0.375 0.5 0.3796875 0.4921875 0.384375 0.490625 0.3921875 0.4828125
1 0.7328125 0.43203125 0.01484375 0.0609375
1 0.1609375 0.3328125 0.1671875 0.34375 0.1703125 0.359375 0.1703125 0.3640625 0.165625 0.3671875 0.1640625 0.371875 0.1640625 0.3953125 0.1609375 0.39375 0.159375 0.378125 0.15625 0.371875 0.153125 0.353125 0.153125 0.3453125 0.159375 0.334375