0 0.465625 0.38125 0.46875 0.38125 0.4671875 0.3890625 0.4640625 0.3859375 0.465625 0.3828125
1 0.675 0.615625 0.678125 0.6171875 0.678125 0.625 0.684375 0.6375 0.6828125 0.6734375 0.68125 0.675 0.6828125 0.6984375 0.678125 0.7 0.675 0.7046875 0.671875 0.7046875 0.6703125 0.6390625 0.6734375 0.63125 0.6734375 0.6171875
1 0.209375 0.684375 0.2140625 0.6859375 0.2140625 0.6953125 0.21875 0.7 0.2203125 0.7109375 0.21875 0.784375 0.215625 0.7859375 0.2109375 0.7703125 0.209375 0.75 0.203125 0.7234375 0.203125 0.70625 0.209375 0.696875 0.2078125 0.6890625 0.209375 0.6859375
1 0.5546875 0.45 0.5578125 0.45 0.559375 0.453125 0.5625 0.4734375 0.559375 0.4890625 0.559375 0.51875 0.5578125 0.51875 0.5578125 0.5046875 0.553125 0.496875 0.5484375 0.5 0.54375 0.51875 0.5421875 0.5171875 0.54375 0.503125 0.55 0.48125 0.5484375 0.465625 0.5546875 0.4515625
1 0.6046875 0.6625 0.6078125 0.6640625 0.615625 0.6828125 0.615625 0.6953125 0.6125 0.7 0.609375 0.7203125 0.6109375 0.75 0.6078125 0.75625 0.6046875 0.7546875 0.6 0.7234375 0.6 0.7 0.596875 0.69375 0.5984375 0.675 0.6046875 0.6640625
1 0.615625 0.775 0.6203125 0.7765625 0.6203125 0.7875 0.6265625 0.8 0.6234375 0.8328125 0.6234375 0.8546875 0.625 0.85625 0.6234375 0.8828125 0.6171875 0.8796875 0.6203125 0.8734375 0.6203125 0.853125 0.615625 0.846875 0.6125 0.8515625 0.6140625 0.8796875 0.609375 0.88125 0.6046875 0.8796875 0.6046875 0.875 0.609375 0.8703125 0.609375 0.8390625 0.6125 0.81875 0.6125 0.8 0.615625 0.7921875 0.6140625 0.7859375 0.615625 0.7765625
1 0.475 0.4125 0.478125 0.4171875 0.475 0.4546875 0.471875 0.4671875 0.4671875 0.4734375 0.4625 0.4234375 0.465625 0.4140625 0.4734375 0.4125
1 0.2484375 0.3890625 0.2515625 0.41875 0.2484375 0.4265625 0.246875 0.45 0.240625 0.4484375 0.240625 0.4390625 0.24375 0.43125 0.2421875 0.40625 0.246875 0.390625
1 0.484375 0.4140625 0.49375 0.4234375 0.490625 0.428125 0.49375 0.4859375 0.490625 0.484375 0.4890625 0.4796875 0.4859375 0.4578125 0.484375 0.45625 0.48125 0.459375 0.4796875 0.4671875 0.478125 0.465625 0.478125 0.4375 0.4796875 0.421875 0.4828125 0.415625
1 0.5265625 0.5359375 0.534375 0.55625 0.53125 0.575 0.5296875 0.61875 0.5265625 0.6109375 0.5234375 0.575 0.5203125 0.565625 0.5203125 0.5515625 0.525 0.54375 0.525 0.5375
1 0.878125 0.7890625 0.88125 0.7890625 0.8890625 0.8109375 0.8859375 0.8546875 0.89375 0.86875 0.89375 0.8765625 0.890625 0.8765625 0.8875 0.8671875 0.8796875 0.859375 0.8734375 0.84375 0.8734375 0.834375 0.8765625 0.8265625 0.878125 0.790625
1 0.0328125 0.6484375 0.0359375 0.65 0.0359375 0.6609375 0.0390625 0.6671875 0.04375 0.740625 0.034375 0.746875 0.03125 0.7390625 0.0296875 0.709375 0.0234375 0.6796875 0.0234375 0.6703125 0.0265625 0.6640625 0.028125 0.6515625 0.03125 0.65
1 0.521875 0.4625 0.528125 0.4765625 0.528125 0.5015625 0.5265625 0.503125 0.528125 0.5296875 0.51875 0.5296875 0.5171875 0.5171875 0.515625 0.475 0.5203125 0.4640625
1 0.396875 0.528125 0.4 0.5328125 0.403125 0.55 0.4015625 0.6046875 0.4 0.60625 0.396875 0.6046875 0.39375 0.6 0.39375 0.5859375 0.3890625 0.5578125 0.390625 0.5421875 0.3953125 0.534375 0.3953125 0.5296875
1 0.134375 0.615625 0.1390625 0.615625 0.1390625 0.6234375 0.14375 0.6296875 0.1453125 0.6375 0.1453125 0.6765625 0.14375 0.678125 0.1453125 0.709375 0.14375 0.7109375 0.140625 0.709375 0.140625 0.69375 0.1296875 0.6515625 0.1296875 0.6328125 0.134375 0.6171875
1 0.36875 0.4328125 0.3734375 0.453125 0.3703125 0.4953125 0.36875 0.4953125 0.3625 0.4609375 0.3625 0.446875 0.3671875 0.434375
1 0.484375 0.9125 0.4875 0.9140625 0.4890625 0.9234375 0.49375 0.928125 0.496875 0.9375 0.4984375 0.9765625 0.4953125 0.984375 0.4953125 0.9953125 0.4921875 0.9984375 0.4875 0.996875 0.4796875 0.9984375 0.478125 0.9921875 0.4765625 0.98125 0.478125 0.9359375 0.4828125 0.928125 0.4828125 0.9140625
1 0.6296875 0.425 0.6328125 0.425 0.634375 0.4328125 0.64375 0.45 0.64375 0.465625 0.6421875 0.4671875 0.64375 0.4921875 0.640625 0.4921875 0.640625 0.4875 0.6359375 0.484375 0.6359375 0.4703125 0.6296875 0.4375 0.6296875 0.4265625
1 0.875 0.85 0.88125 0.8625 0.8796875 0.9109375 0.890625 0.9328125 0.8921875 0.9390625 0.890625 0.946875 0.8859375 0.9453125 0.8859375 0.9390625 0.8796875 0.9296875 0.8765625 0.9390625 0.875 0.9375 0.865625 0.9140625 0.8671875 0.8875 0.8546875 0.88125 0.853125 0.878125 0.853125 0.875 0.8609375 0.871875 0.8640625 0.85625 0.8625 0.840625 0.86875 0.8390625 0.8734375 0.85
2 0.2015625 0.5046875 0.2046875 0.50625 0.2078125 0.525 0.2046875 0.5859375 0.2015625 0.5859375 0.2 0.5515625 0.196875 0.5328125 0.1984375 0.5125 0.2015625 0.50625