1 0.2921875 0.65 0.2984375 0.640625 0.3015625 0.6265625 0.2984375 0.575 0.303125 0.5546875 0.30625 0.553125 0.309375 0.5609375 0.3078125 0.565625 0.309375 0.5859375 0.3140625 0.5953125 0.3140625 0.5984375 0.3078125 0.6046875 0.3078125 0.6296875 0.30625 0.63125 0.3078125 0.6515625 0.2984375 0.659375 0.2953125 0.6578125 0.29375 0.6515625
1 0.2859375 0.5 0.2890625 0.5015625 0.2890625 0.5234375 0.29375 0.53125 0.29375 0.534375 0.2890625 0.5390625 0.2859375 0.5953125 0.2796875 0.5828125 0.275 0.5859375 0.275 0.578125 0.2796875 0.5703125 0.28125 0.5578125 0.2796875 0.55 0.2765625 0.546875 0.271875 0.5484375 0.2765625 0.534375 0.278125 0.51875 0.2828125 0.5109375 0.284375 0.5015625
1 0.2171875 0.646875 0.215625 0.640625 0.2125 0.6390625 0.209375 0.64375 0.209375 0.65 0.2078125 0.6515625 0.2046875 0.65 0.209375 0.6296875 0.209375 0.590625 0.2078125 0.5875 0.2109375 0.5609375 0.2140625 0.559375 0.2171875 0.5625 0.2171875 0.578125 0.2203125 0.5859375 0.21875 0.6234375 0.221875 0.64375 0.21875 0.6453125
1 0.6671875 0.6015625 0.6640625 0.5875 0.6609375 0.590625 0.6609375 0.60625 0.659375 0.609375 0.65625 0.609375 0.6578125 0.5890625 0.65625 0.5875 0.6546875 0.5390625 0.6625 0.5234375 0.6640625 0.5140625 0.6671875 0.515625 0.6671875 0.525 0.6703125 0.5328125 0.6703125 0.5578125 0.66875 0.559375 0.66875 0.596875 0.6703125 0.5984375 0.66875 0.6015625
1 0.6140625 0.60625 0.61875 0.5984375 0.6203125 0.5875 0.61875 0.584375 0.6203125 0.5765625 0.61875 0.5515625 0.625 0.5390625 0.625 0.53125 0.6296875 0.528125 0.6328125 0.5328125 0.63125 0.5390625 0.6359375 0.55 0.6359375 0.571875 0.6328125 0.5765625 0.6328125 0.621875 0.6296875 0.621875 0.6296875 0.6046875 0.6265625 0.596875 0.6234375 0.6 0.621875 0.6234375 0.6203125 0.625 0.615625 0.6234375 0.6171875 0.6203125 0.615625 0.6078125
1 0.2421875 0.5171875 0.24375 0.528125 0.2390625 0.5390625 0.240625 0.5734375 0.2359375 0.5859375 0.2375 0.5953125 0.23125 0.59375 0.23125 0.559375 0.228125 0.5421875 0.228125 0.525 0.2328125 0.503125 0.240625 0.5171875
2 0.1265625 0.58515625 0.015625 0.1015625
1 0.584375 0.546875 0.590625 0.55 0.590625 0.5609375 0.5953125 0.571875 0.59375 0.6109375 0.596875 0.6234375 0.5953125 0.6375 0.5921875 0.6296875 0.590625 0.6140625 0.584375 0.6125 0.58125 0.615625 0.5796875 0.6390625 0.5765625 0.640625 0.5765625 0.625 0.575 0.6234375 0.5796875 0.590625 0.578125 0.56875 0.584375 0.559375 0.584375 0.5484375
1 0.5421875 0.4625 0.5453125 0.4609375 0.5484375 0.4625 0.5515625 0.475 0.5515625 0.515625 0.55 0.521875 0.5453125 0.5265625 0.5453125 0.5328125 0.54375 0.534375 0.540625 0.5328125 0.5375 0.5125 0.5375 0.490625 0.5328125 0.4828125 0.5328125 0.475 0.5421875 0.4640625
1 0.5640625 0.4859375 0.56875 0.490625 0.5703125 0.5625 0.5671875 0.5609375 0.5671875 0.5421875 0.5640625 0.5359375 0.5578125 0.540625 0.5578125 0.5453125 0.55 0.55625 0.55 0.559375 0.546875 0.5625 0.5453125 0.5609375 0.546875 0.5515625 0.553125 0.54375 0.5515625 0.515625 0.559375 0.4953125 0.559375 0.4890625 0.5625 0.4875
1 0.7515625 0.5875 0.75625 0.5890625 0.75625 0.596875 0.7609375 0.609375 0.7609375 0.6359375 0.759375 0.6375 0.7609375 0.66875 0.7578125 0.6640625 0.7578125 0.6515625 0.7515625 0.640625 0.7453125 0.6484375 0.7421875 0.6640625 0.740625 0.6640625 0.740625 0.653125 0.7453125 0.6390625 0.7453125 0.6046875 0.75 0.596875 0.7515625 0.5890625
1 0.0109375 0.5890625 0.0046875 0.5265625 0.0125 0.5125 0.0171875 0.5125 0.021875 0.5359375 0.01875 0.5625 0.01875 0.5875 0.015625 0.590625 0.0125 0.5890625
1 0.3390625 0.5171875 0.3390625 0.5421875 0.340625 0.54375 0.3390625 0.5734375 0.3421875 0.6015625 0.3359375 0.5984375 0.334375 0.5859375 0.3296875 0.5921875 0.328125 0.6015625 0.325 0.6015625 0.3234375 0.596875 0.328125 0.58125 0.325 0.5515625 0.33125 0.525 0.334375 0.51875 0.3375 0.5171875
1 0.8140625 0.678125 0.8171875 0.678125 0.81875 0.6921875 0.8234375 0.7015625 0.8203125 0.746875 0.815625 0.7578125 0.8171875 0.7859375 0.8140625 0.7875 0.809375 0.7859375 0.8109375 0.78125 0.809375 0.725 0.8 0.71875 0.809375 0.7078125 0.8140625 0.6796875
1 0.61875 0.5109375 0.6203125 0.5203125 0.625 0.5265625 0.6234375 0.5375 0.6171875 0.5546875 0.61875 0.5796875 0.615625 0.6015625 0.6125 0.5875 0.6109375 0.5484375 0.6046875 0.5375 0.6046875 0.528125 0.6125 0.5203125 0.6140625 0.5125 0.6171875 0.5109375
1 0.171875 0.4875 0.178125 0.4890625 0.184375 0.5078125 0.1828125 0.5375 0.1859375 0.55 0.1859375 0.5640625 0.1828125 0.5671875 0.171875 0.540625 0.16875 0.5203125 0.16875 0.4953125 0.171875 0.4890625
1 0.58125 0.5484375 0.58125 0.51875 0.584375 0.5140625 0.5875 0.5 0.590625 0.496875 0.59375 0.4984375 0.59375 0.5140625 0.5953125 0.515625 0.5921875 0.5265625 0.5921875 0.546875 0.5859375 0.55 0.5828125 0.5484375
1 0.36875 0.55 0.3703125 0.5625 0.375 0.575 0.375 0.5859375 0.3796875 0.5921875 0.3796875 0.5984375 0.3765625 0.596875 0.3734375 0.6 0.3734375 0.625 0.3765625 0.640625 0.3703125 0.6390625 0.36875 0.6234375 0.365625 0.621875 0.359375 0.6484375 0.35625 0.6484375 0.359375 0.6171875 0.3578125 0.5703125 0.3640625 0.559375 0.3640625 0.5515625 0.3671875 0.55
1 0.7453125 0.4890625 0.7484375 0.490625 0.7515625 0.5 0.7515625 0.5328125 0.75 0.534375 0.7484375 0.5328125 0.74375 0.5375 0.740625 0.5515625 0.7375 0.55 0.7375 0.5390625 0.740625 0.5359375 0.740625 0.5296875 0.7375 0.5265625 0.728125 0.5421875 0.7265625 0.54375 0.725 0.5390625 0.7296875 0.53125 0.7296875 0.525 0.7265625 0.51875 0.7375 0.49375 0.74375 0.4890625