0 0.1953125 0.4734375 0.196875 0.475 0.1953125 0.4828125 0.190625 0.48125 0.190625 0.475 0.19375 0.4734375
1 0.4625 0.3796875 0.465625 0.38125 0.471875 0.39375 0.4703125 0.44375 0.46875 0.4484375 0.4640625 0.446875 0.465625 0.4453125 0.465625 0.415625 0.459375 0.4046875 0.459375 0.390625 0.4625 0.38125
1 0.484375 0.4453125 0.496875 0.4625 0.5015625 0.49375 0.5109375 0.5109375 0.509375 0.515625 0.50625 0.515625 0.5015625 0.5 0.4953125 0.4953125 0.4921875 0.4984375 0.496875 0.515625 0.49375 0.51875 0.4921875 0.5171875 0.49375 0.5125 0.4875 0.4984375 0.490625 0.490625 0.490625 0.48125 0.4859375 0.4734375 0.4859375 0.4578125 0.4828125 0.446875
1 0.453125 0.5078125 0.4546875 0.5171875 0.459375 0.525 0.4578125 0.60625 0.45625 0.6078125 0.4546875 0.60625 0.4546875 0.5796875 0.453125 0.578125 0.4515625 0.5796875 0.4515625 0.60625 0.45 0.6078125 0.446875 0.60625 0.4484375 0.5984375 0.446875 0.55625 0.4453125 0.5546875 0.4421875 0.559375 0.4453125 0.53125 0.45 0.5203125 0.4515625 0.509375
1 0.5046875 0.3828125 0.509375 0.4 0.509375 0.4328125 0.5125 0.446875 0.509375 0.4515625 0.5046875 0.4515625 0.5046875 0.440625 0.5015625 0.4359375 0.5015625 0.421875 0.4984375 0.41875 0.5 0.384375 0.503125 0.3828125
1 0.6015625 0.4421875 0.6046875 0.4421875 0.6046875 0.4484375 0.6109375 0.4640625 0.6125 0.5015625 0.61875 0.5125 0.61875 0.5234375 0.615625 0.525 0.615625 0.515625 0.6078125 0.50625 0.60625 0.5078125 0.60625 0.5296875 0.6 0.5296875 0.603125 0.521875 0.6015625 0.4796875 0.6 0.478125 0.6015625 0.44375
1 0.7 0.4375 0.703125 0.4453125 0.7 0.4765625 0.7015625 0.496875 0.696875 0.5046875 0.6953125 0.5046875 0.6921875 0.4625 0.6890625 0.4578125 0.6890625 0.4421875 0.69375 0.434375 0.6984375 0.4375
1 0.56875 0.4140625 0.5734375 0.4140625 0.58125 0.428125 0.58125 0.4484375 0.578125 0.4625 0.578125 0.471875 0.58125 0.475 0.58125 0.4875 0.578125 0.490625 0.5765625 0.478125 0.571875 0.46875 0.571875 0.453125 0.56875 0.4453125 0.56875 0.4203125 0.5671875 0.41875 0.56875 0.415625
1 0.2 0.403125 0.203125 0.403125 0.203125 0.4078125 0.2078125 0.4171875 0.2140625 0.446875 0.221875 0.4546875 0.225 0.4625 0.2234375 0.46875 0.221875 0.4625 0.20625 0.446875 0.203125 0.45 0.203125 0.4671875 0.2 0.4703125 0.1984375 0.45625 0.2 0.4453125 0.1984375 0.4078125 0.2 0.4046875
1 0.4 0.4140625 0.4015625 0.4125 0.4046875 0.4140625 0.40625 0.421875 0.4109375 0.4296875 0.4125 0.459375 0.4203125 0.478125 0.41875 0.4890625 0.4171875 0.4796875 0.4078125 0.465625 0.4046875 0.46875 0.403125 0.4875 0.4 0.4890625 0.3984375 0.4875 0.4015625 0.48125 0.4015625 0.4578125 0.403125 0.45625 0.4015625 0.415625
1 0.440625 0.4265625 0.4453125 0.425 0.4515625 0.4421875 0.453125 0.4609375 0.459375 0.4671875 0.459375 0.471875 0.4546875 0.475 0.45625 0.48125 0.453125 0.48125 0.4484375 0.4734375 0.4453125 0.4515625 0.4390625 0.4484375 0.4375 0.43125 0.440625 0.428125
1 0.4390625 0.3859375 0.4421875 0.3875 0.446875 0.4046875 0.446875 0.43125 0.4421875 0.428125 0.4390625 0.43125 0.440625 0.446875 0.4390625 0.4484375 0.4375 0.446875 0.4390625 0.4390625 0.434375 0.4296875 0.4375 0.3875
1 0.2515625 0.503125 0.2484375 0.5 0.2453125 0.5015625 0.2453125 0.509375 0.2515625 0.53125 0.253125 0.54375 0.2515625 0.5484375 0.2484375 0.54375 0.2453125 0.5234375 0.240625 0.51875 0.2375 0.51875 0.2328125 0.525 0.23125 0.5453125 0.2296875 0.5484375 0.228125 0.54375 0.2328125 0.5125 0.23125 0.4984375 0.2328125 0.4765625 0.2359375 0.4734375 0.240625 0.4734375 0.2453125 0.48125 0.2515625 0.5015625
1 0.7859375 0.4734375 0.7890625 0.4765625 0.790625 0.484375 0.790625 0.5265625 0.7890625 0.528125 0.790625 0.5625 0.7859375 0.5609375 0.7859375 0.546875 0.7828125 0.540625 0.78125 0.490625 0.7765625 0.484375 0.7765625 0.4796875 0.778125 0.48125 0.784375 0.475
1 0.4734375 0.3953125 0.48125 0.4015625 0.4828125 0.40625 0.4828125 0.434375 0.4796875 0.440625 0.4734375 0.4390625 0.4703125 0.4203125 0.4703125 0.40625 0.4734375 0.396875
1 0.4734375 0.4359375 0.478125 0.4375 0.4828125 0.4453125 0.48125 0.4703125 0.4859375 0.475 0.484375 0.490625 0.48125 0.490625 0.4734375 0.475 0.4734375 0.459375 0.4703125 0.4484375 0.471875 0.4375
1 0.696875 0.4 0.7 0.4 0.7046875 0.4140625 0.7078125 0.428125 0.70625 0.446875 0.709375 0.45 0.7125 0.4609375 0.7125 0.4703125 0.709375 0.471875 0.7078125 0.4640625 0.7046875 0.4609375 0.7015625 0.440625 0.6953125 0.4328125 0.69375 0.4109375 0.696875 0.4015625
2 0.23515625 0.4328125 0.0125 0.07890625