0 0.2125 0.4765625 0.2140625 0.4828125 0.2109375 0.4859375 0.2078125 0.478125 0.2109375 0.4765625
1 0.6328125 0.459375 0.6375 0.4609375 0.6390625 0.46875 0.6453125 0.4796875 0.646875 0.5 0.64375 0.5078125 0.64375 0.521875 0.65 0.5359375 0.65 0.54375 0.64375 0.5484375 0.640625 0.546875 0.6421875 0.5359375 0.6375 0.5234375 0.6359375 0.5015625 0.6328125 0.49375 0.6328125 0.4609375
1 0.734375 0.440625 0.7359375 0.453125 0.740625 0.4609375 0.740625 0.4890625 0.7421875 0.490625 0.740625 0.5234375 0.7328125 0.521875 0.734375 0.5125 0.7296875 0.490625 0.7296875 0.45625 0.728125 0.453125 0.7296875 0.4421875 0.7328125 0.440625
1 0.49375 0.390625 0.4984375 0.3921875 0.503125 0.4015625 0.5015625 0.4109375 0.503125 0.43125 0.496875 0.434375 0.4921875 0.3953125 0.49375 0.3921875
1 0.5296875 0.3984375 0.5359375 0.4 0.54375 0.415625 0.54375 0.4421875 0.553125 0.4578125 0.5484375 0.4625 0.5453125 0.45625 0.54375 0.4609375 0.5390625 0.4640625 0.5390625 0.45625 0.5359375 0.45 0.5359375 0.4359375 0.53125 0.428125 0.5328125 0.4171875 0.5296875 0.4109375 0.5296875 0.4
1 0.2125 0.478125 0.2171875 0.465625 0.2171875 0.4453125 0.2140625 0.4359375 0.2140625 0.4234375 0.2171875 0.409375 0.225 0.4171875 0.2296875 0.41875 0.2296875 0.4265625 0.2265625 0.4359375 0.228125 0.44375 0.2265625 0.465625 0.2234375 0.465625 0.21875 0.4703125 0.2171875 0.4765625 0.2140625 0.478125
1 0.4328125 0.41875 0.4359375 0.41875 0.4421875 0.434375 0.44375 0.4828125 0.446875 0.4890625 0.446875 0.4953125 0.440625 0.496875 0.440625 0.4859375 0.4359375 0.4734375 0.4328125 0.4203125
1 0.453125 0.43125 0.4578125 0.43125 0.471875 0.453125 0.4734375 0.4578125 0.471875 0.4703125 0.475 0.4765625 0.4765625 0.490625 0.4734375 0.496875 0.4703125 0.4859375 0.465625 0.48125 0.4640625 0.4609375 0.45625 0.4578125 0.4578125 0.45 0.4546875 0.4453125 0.453125 0.4328125
1 0.271875 0.4609375 0.275 0.475 0.284375 0.49375 0.284375 0.4984375 0.28125 0.49375 0.2765625 0.4953125 0.278125 0.553125 0.275 0.5546875 0.271875 0.55 0.265625 0.50625 0.2625 0.496875 0.2625 0.4796875 0.26875 0.471875 0.26875 0.465625 0.271875 0.4625
1 0.5199652777777778 0.4954513888888889 0.025989583333333323 0.07550347222222217
1 0.8234375 0.5046875 0.8296875 0.5078125 0.8296875 0.5171875 0.8328125 0.528125 0.8328125 0.5609375 0.8359375 0.56875 0.834375 0.5890625 0.8328125 0.590625 0.8296875 0.5890625 0.8296875 0.578125 0.825 0.5625 0.825 0.5359375 0.81875 0.5265625 0.81875 0.51875 0.8234375 0.50625
1 0.46875 0.396875 0.4734375 0.3984375 0.48125 0.415625 0.4796875 0.4421875 0.4828125 0.45 0.4828125 0.4578125 0.4796875 0.4609375 0.478125 0.4515625 0.475 0.446875 0.471875 0.425 0.4671875 0.4140625 0.46875 0.3984375
1 0.4953125 0.5171875 0.5046875 0.5359375 0.50625 0.5890625 0.5078125 0.590625 0.50625 0.615625 0.5046875 0.6171875 0.503125 0.615625 0.503125 0.5921875 0.5 0.584375 0.496875 0.5859375 0.496875 0.6171875 0.49375 0.615625 0.49375 0.5921875 0.490625 0.565625 0.4921875 0.559375 0.490625 0.5390625 0.4953125 0.5234375 0.49375 0.51875
1 0.5046875 0.4046875 0.5109375 0.4078125 0.515625 0.4171875 0.515625 0.4328125 0.5125 0.44375 0.5140625 0.4578125 0.5109375 0.4578125 0.50625 0.45 0.5046875 0.4375 0.5046875 0.4171875 0.503125 0.415625 0.5046875 0.40625
1 0.6078125 0.5078125 0.60625 0.50625 0.6078125 0.4890625 0.603125 0.475 0.6015625 0.43125 0.603125 0.4296875 0.60625 0.43125 0.6109375 0.4421875 0.6109375 0.45 0.6140625 0.453125 0.6125 0.4859375 0.6171875 0.4953125 0.609375 0.50625
1 0.4984375 0.5015625 0.5 0.4875 0.496875 0.48125 0.5 0.4640625 0.4953125 0.4359375 0.5015625 0.434375 0.503125 0.446875 0.5078125 0.453125 0.5078125 0.475 0.503125 0.4828125 0.5046875 0.4859375 0.503125 0.503125 0.5 0.503125
1 0.74375 0.4859375 0.7421875 0.421875 0.740625 0.4203125 0.7421875 0.415625 0.746875 0.4203125 0.7515625 0.4328125 0.7546875 0.465625 0.7609375 0.4796875 0.7609375 0.490625 0.7578125 0.490625 0.75625 0.478125 0.75 0.471875 0.746875 0.475 0.7453125 0.4859375
2 0.271875 0.4015625 0.275 0.4015625 0.2765625 0.409375 0.28125 0.4171875 0.2796875 0.44375 0.2828125 0.45 0.28125 0.478125 0.275 0.471875 0.275 0.465625 0.271875 0.4609375 0.26875 0.4296875 0.2703125 0.415625 0.26875 0.409375 0.271875 0.403125