0 0.4203125 0.3171875 0.4234375 0.3171875 0.4234375 0.3234375 0.41875 0.321875 0.4203125 0.31875
1 0.5078125 0.3953125 0.5140625 0.4015625 0.515625 0.421875 0.521875 0.4390625 0.51875 0.4390625 0.5171875 0.434375 0.5109375 0.428125 0.5046875 0.428125 0.5015625 0.4359375 0.4984375 0.4375 0.50625 0.396875
1 0.1921875 0.6984375 0.19375 0.6875 0.1984375 0.6765625 0.203125 0.6734375 0.2046875 0.6671875 0.2078125 0.6703125 0.2109375 0.684375 0.2109375 0.69375 0.2078125 0.7 0.20625 0.7203125 0.2 0.746875 0.196875 0.7453125 0.1984375 0.7046875 0.196875 0.7 0.19375 0.6984375
1 0.5453125 0.4484375 0.5484375 0.45 0.5484375 0.45625 0.5515625 0.4625 0.5484375 0.4984375 0.54375 0.5078125 0.5421875 0.4609375 0.5453125 0.45
1 0.453125 0.4640625 0.45625 0.465625 0.4625 0.4828125 0.4625 0.5125 0.459375 0.5125 0.45625 0.51875 0.4546875 0.5171875 0.4515625 0.49375 0.4484375 0.4859375 0.453125 0.465625
1 0.4875 0.4328125 0.4859375 0.428125 0.4921875 0.4140625 0.4921875 0.396875 0.4953125 0.3859375 0.4984375 0.384375 0.503125 0.3921875 0.503125 0.4109375 0.5015625 0.4203125 0.4984375 0.41875 0.490625 0.4265625 0.4890625 0.43125
1 0.496875 0.440625 0.5015625 0.44375 0.5015625 0.4484375 0.5046875 0.45 0.5078125 0.4703125 0.5078125 0.4984375 0.50625 0.496875 0.503125 0.4828125 0.496875 0.4703125 0.496875 0.4421875
1 0.359375 0.428125 0.0125 0.0484375
1 0.265625 0.5046875 0.2703125 0.5125 0.26875 0.534375 0.271875 0.54375 0.271875 0.5578125 0.275 0.5640625 0.2734375 0.565625 0.2703125 0.5640625 0.265625 0.55 0.2578125 0.553125 0.2546875 0.559375 0.25 0.5609375 0.25 0.5546875 0.259375 0.5453125 0.2625 0.5125 0.265625 0.50625
1 0.1640625 0.3890625 0.1671875 0.3921875 0.16875 0.4 0.1671875 0.421875 0.1578125 0.4390625 0.1546875 0.4375 0.1609375 0.4203125 0.1609375 0.3984375 0.1640625 0.390625
1 0.29375 0.453125 0.2953125 0.453125 0.2984375 0.4640625 0.3046875 0.4671875 0.3046875 0.471875 0.3 0.475 0.2984375 0.5109375 0.2921875 0.509375 0.2921875 0.4875 0.2890625 0.48125 0.2890625 0.475 0.29375 0.4546875
1 0.4703125 0.3609375 0.4765625 0.3640625 0.478125 0.378125 0.4828125 0.3875 0.4828125 0.39375 0.4796875 0.3875 0.475 0.3859375 0.471875 0.3953125 0.4703125 0.396875 0.46875 0.3953125 0.4703125 0.3625
1 0.1234375 0.3375 0.1265625 0.3375 0.128125 0.359375 0.13125 0.36875 0.1296875 0.3859375 0.1265625 0.3859375 0.125 0.3765625 0.115625 0.3859375 0.1171875 0.3765625 0.121875 0.3671875 0.121875 0.340625 0.1234375 0.3390625
1 0.60625 0.671875 0.6140625 0.6875 0.615625 0.6953125 0.6125 0.7109375 0.6125 0.7484375 0.609375 0.7546875 0.60625 0.7578125 0.6046875 0.7546875 0.60625 0.725 0.5984375 0.7046875 0.5984375 0.6890625 0.6046875 0.6796875 0.6046875 0.6734375
1 0.08125 0.46875 0.084375 0.5203125 0.0875 0.5328125 0.0828125 0.5328125 0.08125 0.5203125 0.078125 0.5171875 0.0671875 0.528125 0.065625 0.5265625 0.06875 0.5171875 0.0734375 0.5125 0.0734375 0.4875 0.0765625 0.4703125 0.0796875 0.46875
1 0.709375 0.3921875 0.7125 0.3921875 0.7140625 0.3984375 0.7171875 0.4 0.7203125 0.409375 0.7203125 0.425 0.721875 0.4265625 0.721875 0.4328125 0.71875 0.434375 0.7171875 0.43125 0.7109375 0.4421875 0.7109375 0.40625 0.7078125 0.3984375 0.709375 0.39375
2 0.2796875 0.4953125 0.2796875 0.4890625 0.2828125 0.4859375 0.284375 0.478125 0.2828125 0.4484375 0.2875 0.4390625 0.290625 0.4375 0.29375 0.45 0.2875 0.4859375 0.284375 0.4875 0.2796875 0.496875