1 0.18125 0.5796875 0.184375 0.58125 0.1859375 0.590625 0.190625 0.5953125 0.2015625 0.590625 0.2078125 0.584375 0.2125 0.5875 0.20625 0.5953125 0.19375 0.6 0.1875 0.6109375 0.1859375 0.640625 0.1875 0.6421875 0.1890625 0.684375 0.1859375 0.6859375 0.1828125 0.6828125 0.1828125 0.6734375 0.1796875 0.6703125 0.1765625 0.6734375 0.1765625 0.6796875 0.171875 0.6921875 0.16875 0.69375 0.1703125 0.6765625 0.1765625 0.6578125 0.175 0.6109375 0.165625 0.5984375 0.1546875 0.5921875 0.1546875 0.5875 0.15625 0.584375 0.1671875 0.59375 0.171875 0.59375 0.178125 0.590625 0.18125 0.58125
1 0.615625 0.4609375 0.6234375 0.475 0.6234375 0.50625 0.6203125 0.509375 0.625 0.5265625 0.625 0.5328125 0.621875 0.53125 0.61875 0.51875 0.615625 0.515625 0.6109375 0.521875 0.6125 0.53125 0.6109375 0.5359375 0.6078125 0.525 0.609375 0.50625 0.6125 0.5 0.6109375 0.4859375 0.615625 0.4625
1 0.446875 0.3890625 0.4515625 0.39375 0.4484375 0.4109375 0.4484375 0.4453125 0.4453125 0.453125 0.4421875 0.4546875 0.4359375 0.4515625 0.4375 0.4046875 0.44375 0.3921875 0.446875 0.390625
1 0.5359375 0.453125 0.5390625 0.45625 0.54375 0.478125 0.54375 0.4953125 0.546875 0.5015625 0.55 0.5328125 0.55 0.5375 0.5453125 0.5359375 0.54375 0.5328125 0.5453125 0.521875 0.5421875 0.515625 0.5375 0.51875 0.5328125 0.5328125 0.53125 0.53125 0.53125 0.521875 0.5359375 0.5140625 0.5359375 0.503125 0.5296875 0.490625 0.5296875 0.4734375 0.534375 0.4640625 0.5359375 0.4546875
1 0.1453125 0.4390625 0.146875 0.48125 0.1484375 0.4828125 0.146875 0.484375 0.15 0.496875 0.15 0.509375 0.153125 0.5125 0.1515625 0.515625 0.146875 0.5140625 0.1453125 0.4984375 0.1390625 0.4890625 0.1328125 0.496875 0.128125 0.4953125 0.1359375 0.4796875 0.1375 0.45 0.140625 0.4453125 0.140625 0.440625 0.14375 0.4390625
1 0.275 0.415625 0.2796875 0.415625 0.2796875 0.425 0.2828125 0.4359375 0.2828125 0.44375 0.2796875 0.4484375 0.28125 0.4671875 0.2765625 0.484375 0.2734375 0.484375 0.26875 0.4921875 0.265625 0.490625 0.271875 0.4671875 0.2671875 0.4390625 0.275 0.4171875
1 0.375 0.48125 0.3765625 0.4734375 0.3796875 0.4703125 0.3796875 0.4375 0.3828125 0.4234375 0.3859375 0.41875 0.3890625 0.421875 0.3875 0.4234375 0.3875 0.44375 0.3921875 0.490625 0.390625 0.490625 0.3875 0.478125 0.3765625 0.48125
1 0.509375 0.521875 0.5109375 0.4953125 0.5078125 0.4875 0.5078125 0.4734375 0.5046875 0.465625 0.5078125 0.440625 0.5171875 0.4578125 0.5171875 0.48125 0.5203125 0.490625 0.515625 0.5203125 0.5109375 0.521875
1 0.303125 0.5140625 0.3015625 0.4984375 0.3078125 0.4890625 0.3046875 0.478125 0.3046875 0.4484375 0.3078125 0.434375 0.315625 0.440625 0.315625 0.4453125 0.3125 0.45 0.3125 0.478125 0.315625 0.4921875 0.30625 0.5078125 0.3078125 0.5140625 0.3046875 0.5140625
1 0.0640625 0.484375 0.0625 0.4953125 0.065625 0.50625 0.065625 0.5515625 0.059375 0.5765625 0.05625 0.5765625 0.0578125 0.5578125 0.0515625 0.5515625 0.0515625 0.5484375 0.05625 0.54375 0.0546875 0.5015625 0.0578125 0.496875 0.059375 0.4859375 0.0625 0.484375
1 0.759375 0.5125 0.76875 0.5296875 0.76875 0.5390625 0.765625 0.54375 0.7640625 0.553125 0.7640625 0.58125 0.7609375 0.584375 0.753125 0.5734375 0.7515625 0.5328125 0.7578125 0.5203125 0.7578125 0.5140625
1 0.4609375 0.4015625 0.4640625 0.4015625 0.4640625 0.409375 0.4671875 0.4125 0.471875 0.43125 0.4703125 0.4375 0.471875 0.4609375 0.4703125 0.4609375 0.46875 0.45 0.4640625 0.4421875 0.4609375 0.446875 0.4625 0.459375 0.4609375 0.4609375 0.459375 0.459375 0.4578125 0.4140625 0.4609375 0.403125
1 0.6296875 0.4265625 0.6328125 0.4265625 0.6453125 0.4546875 0.6453125 0.4625 0.6421875 0.46875 0.6453125 0.4890625 0.64375 0.490625 0.6421875 0.4890625 0.6375 0.475 0.6359375 0.4765625 0.6359375 0.49375 0.6328125 0.49375 0.6328125 0.484375 0.628125 0.4703125 0.6296875 0.46875 0.6296875 0.428125
1 0.490625 0.425 0.4984375 0.428125 0.4984375 0.45 0.50625 0.490625 0.5015625 0.4875 0.4984375 0.4796875 0.4953125 0.4828125 0.490625 0.4734375 0.4890625 0.4375 0.4875 0.4359375 0.4890625 0.4265625
1 0 0.375 0.003125 0.3890625 0.003125 0.4109375 0.0078125 0.425 0.0078125 0.4375 0.0109375 0.4453125 0.009375 0.4484375 0.00625 0.446875 0.0046875 0.4296875 0 0.425 0 0.3765625
1 0.4 0.484375 0.403125 0.496875 0.4015625 0.4984375 0.40625 0.5078125 0.40625 0.5203125 0.403125 0.525 0.4046875 0.5375 0.403125 0.559375 0.4 0.5703125 0.3984375 0.571875 0.396875 0.5703125 0.396875 0.55625 0.3890625 0.5546875 0.39375 0.54375 0.390625 0.50625 0.3984375 0.4859375
2 0.1234375 0.49375 0.1234375 0.484375 0.1203125 0.4796875 0.1140625 0.4859375 0.1125 0.496875 0.109375 0.49375 0.1109375 0.4828125 0.11875 0.4671875 0.1171875 0.453125 0.1125 0.4421875 0.1125 0.4328125 0.1203125 0.4125 0.1234375 0.4140625 0.1234375 0.4203125 0.1265625 0.4265625 0.1265625 0.4609375 0.125 0.4625 0.1265625 0.49375 0.125 0.49375