0 0.2828125 0.4546875 0.2859375 0.4609375 0.2828125 0.4640625 0.2796875 0.4609375 0.28125 0.45625
1 0.2734375 0.4578125 0.2765625 0.4578125 0.278125 0.4625 0.2796875 0.484375 0.2828125 0.4875 0.2828125 0.4921875 0.2796875 0.4953125 0.2828125 0.521875 0.2890625 0.5328125 0.2890625 0.5359375 0.2859375 0.5375 0.2828125 0.5359375 0.2796875 0.528125 0.275 0.5328125 0.2765625 0.5390625 0.271875 0.5390625 0.275 0.5140625 0.2703125 0.5 0.2703125 0.490625 0.2671875 0.4875 0.2671875 0.4796875 0.2734375 0.459375
1 0.1921875 0.45 0.1921875 0.4375 0.2015625 0.41875 0.203125 0.4171875 0.20625 0.41875 0.20625 0.4265625 0.209375 0.43125 0.2125 0.45 0.2109375 0.4703125 0.2203125 0.4875 0.215625 0.4921875 0.2125 0.4859375 0.20625 0.48125 0.203125 0.4859375 0.2 0.4859375 0.2 0.48125 0.2046875 0.4734375 0.203125 0.4625 0.1984375 0.45 0.1953125 0.4484375 0.1921875 0.4515625
1 0.2234375 0.51875 0.2265625 0.51875 0.228125 0.521875 0.228125 0.53125 0.2375 0.5484375 0.2328125 0.5578125 0.2328125 0.565625 0.2359375 0.578125 0.234375 0.6 0.2359375 0.6109375 0.2390625 0.615625 0.2375 0.6234375 0.23125 0.6234375 0.2296875 0.6203125 0.2296875 0.59375 0.225 0.584375 0.221875 0.5609375 0.215625 0.55 0.2234375 0.5203125
1 0 0.5 0.0078125 0.490625 0.0078125 0.4796875 0.003125 0.4609375 0.003125 0.440625 0.0046875 0.434375 0.0078125 0.4328125 0.009375 0.4484375 0.0125 0.4546875 0.015625 0.4765625 0.01875 0.484375 0.01875 0.4921875 0.021875 0.4984375 0.021875 0.5046875 0.0265625 0.5109375 0.0265625 0.5125 0.0203125 0.5109375 0.01875 0.503125 0.0125 0.4953125 0.00625 0.5015625 0.003125 0.5125 0 0.5125 0 0.5015625
1 0.2828125 0.396875 0.2921875 0.4140625 0.2890625 0.425 0.3 0.45625 0.296875 0.45625 0.2953125 0.4515625 0.2890625 0.4453125 0.2859375 0.4453125 0.2765625 0.4265625 0.2765625 0.4125 0.28125 0.3984375
2 0.328125 0.3953125 0.334375 0.4078125 0.334375 0.4328125 0.33125 0.4453125 0.334375 0.4703125 0.33125 0.4703125 0.328125 0.465625 0.3265625 0.4703125 0.3234375 0.4703125 0.3265625 0.4578125 0.3265625 0.4453125 0.3234375 0.4328125 0.3234375 0.40625 0.3265625 0.396875
1 0.35859375 0.41805555625 0.3625 0.4166666671875 0.36875 0.4291666671875 0.375 0.41111111093749997 0.38125 0.41944444374999995 0.386328125 0.41805555625 0.38671875 0.4138888890625 0.390625 0.41805555625 0.390625 0.4138888890625 0.36953125 0.40555555625000006 0.365625 0.38194444375000003 0.35703125 0.3708333328125 0.35390625 0.372222221875 0.35234375 0.3888888890625 0.346875 0.397222221875 0.35546875 0.39027777812500003 0.35859375 0.41805555625
1 0.4453125 0.490277778125 0.44921875 0.46666666718750005 0.45390625 0.46805555625000006 0.46640625 0.490277778125 0.4671875 0.48333333281249996 0.46015625 0.46944444374999994 0.459375 0.45416666718750004 0.453125 0.43333333281249997 0.446875 0.42222222187499997 0.44296875 0.4236111109375 0.446875 0.45694444375 0.4421875 0.46666666718750005 0.4390625 0.490277778125 0.4453125 0.490277778125
1 0.49453125 0.42222222187499997 0.4953125 0.41805555625 0.4890625 0.40833333281249995 0.4875 0.39027777812500003 0.4796875 0.36805555624999997 0.47890625 0.4138888890625 0.484375 0.4291666671875 0.4859375 0.41944444374999995 0.49453125 0.42222222187499997
1 0.5890625 0.40416666718750005 0.58359375 0.39027777812500003 0.584375 0.365277778125 0.57890625 0.34861111093749997 0.57578125 0.35555555625 0.575 0.40972222187499996 0.58046875 0.40416666718750005 0.5875 0.40833333281249995 0.5890625 0.40416666718750005
1 0.63671875 0.3791666671875 0.6296875 0.365277778125 0.6265625 0.365277778125 0.621875 0.384722221875 0.6296875 0.427777778125 0.6328125 0.4291666671875 0.63671875 0.3791666671875
1 0.6 0.58055555625 0.60546875 0.58194444375 0.60546875 0.5736111109375 0.60859375 0.5694444437499999 0.61640625 0.577777778125 0.61171875 0.5361111109375 0.6171875 0.5125 0.609375 0.4888888890625 0.6046875 0.490277778125 0.60390625 0.5 0.59921875 0.5083333328124999 0.5984375 0.522222221875 0.603125 0.5263888890625 0.60546875 0.5458333328125 0.6 0.58055555625
1 0.63125 0.597222221875 0.63359375 0.5833333328125 0.6328125 0.5305555562500001 0.62734375 0.5041666671875 0.6234375 0.5041666671875 0.6171875 0.522222221875 0.62265625 0.575 0.621875 0.5944444437499999 0.62734375 0.6013888890625 0.63125 0.597222221875
1 0.73046875 0.4875 0.7296875 0.425 0.72421875 0.40833333281249995 0.71953125 0.40555555625000006 0.7203125 0.46527777812500004 0.72578125 0.4763888890625 0.72578125 0.4861111109375 0.73046875 0.4875
1 0.78671875 0.45 0.78203125 0.4361111109375 0.78046875 0.4 0.77421875 0.39444444375 0.7734375 0.4388888890625 0.7765625 0.4611111109375 0.78046875 0.4625 0.78671875 0.45
1 0.81953125 0.45277777812500003 0.83125 0.48055555625 0.83515625 0.46527777812500004 0.82890625 0.45555555625000005 0.82421875 0.4263888890625 0.8140625 0.40833333281249995 0.81015625 0.415277778125 0.8140625 0.43194444374999996 0.8125 0.440277778125 0.80859375 0.44305555625000004 0.81953125 0.45277777812500003
1 0.84765625 0.4861111109375 0.85234375 0.4916666671875 0.85703125 0.48333333281249996 0.85390625 0.46805555625000006 0.85390625 0.43333333281249997 0.8484375 0.41111111093749997 0.84296875 0.41111111093749997 0.84296875 0.43194444374999996 0.8375 0.4388888890625 0.84375 0.44444444375 0.84765625 0.4861111109375
1 0.925 0.49305555625 0.92890625 0.49444444374999996 0.93125 0.4888888890625 0.92578125 0.46666666718750005 0.92421875 0.4361111109375 0.91875 0.41111111093749997 0.91171875 0.41111111093749997 0.909375 0.43194444374999996 0.91640625 0.447222221875 0.9171875 0.46388888906250003 0.925 0.49305555625
1 0.9828125 0.5527777781250001 0.98046875 0.5041666671875 0.97265625 0.47083333281249995 0.9671875 0.46805555625000006 0.96953125 0.540277778125 0.97109375 0.55694444375 0.97578125 0.559722221875 0.9828125 0.5527777781250001