1 0.221875 0.659375 0.225 0.6609375 0.23125 0.6828125 0.23125 0.7234375 0.2328125 0.725 0.2328125 0.7375 0.23125 0.7390625 0.228125 0.734375 0.2234375 0.7421875 0.2203125 0.7390625 0.215625 0.671875 0.221875 0.6609375
1 0.5470717592592592 0.6222048611111111 0.015873842592592613 0.07019097222222222
1 0.596875 0.3359375 0.6046875 0.3484375 0.5984375 0.353125 0.5984375 0.3671875 0.5921875 0.3765625 0.590625 0.378125 0.5890625 0.3765625 0.5921875 0.365625 0.590625 0.3484375 0.5921875 0.340625 0.5953125 0.3375
1 0.9828125 0.3453125 0.9875 0.346875 0.99375 0.3640625 0.9921875 0.3765625 0.9890625 0.38125 0.9875 0.3984375 0.98125 0.4 0.9828125 0.346875
1 0.646875 0.440625 0.65 0.440625 0.653125 0.45 0.6515625 0.4828125 0.6484375 0.4890625 0.6484375 0.4953125 0.6453125 0.4921875 0.646875 0.48125 0.64375 0.4796875 0.6359375 0.4953125 0.6328125 0.496875 0.6328125 0.4921875 0.6390625 0.4796875 0.646875 0.4421875
1 0.2375 0.4203125 0.2390625 0.4203125 0.2390625 0.446875 0.2359375 0.4578125 0.2375 0.4703125 0.234375 0.4765625 0.234375 0.4828125 0.23125 0.484375 0.228125 0.48125 0.2328125 0.4671875 0.2296875 0.45 0.23125 0.434375 0.2375 0.421875
1 0.415625 0.365625 0.4203125 0.3703125 0.41875 0.4109375 0.4171875 0.4125 0.4140625 0.4109375 0.4125 0.409375 0.4125 0.390625 0.415625 0.3671875
1 0.7484375 0.7484375 0.7515625 0.7484375 0.7515625 0.753125 0.7578125 0.7671875 0.7578125 0.7796875 0.753125 0.7859375 0.75 0.8234375 0.740625 0.8296875 0.7375 0.840625 0.734375 0.8375 0.7421875 0.8109375 0.7421875 0.7921875 0.7375 0.7796875 0.7375 0.765625 0.740625 0.759375 0.7484375 0.7546875 0.7484375 0.75
1 0.4171875 0.4125 0.4203125 0.4140625 0.41875 0.459375 0.4140625 0.4578125 0.4125 0.45 0.403125 0.459375 0.4015625 0.4578125 0.403125 0.4515625 0.409375 0.44375 0.4171875 0.4140625
1 0.3546875 0.4390625 0.3546875 0.4484375 0.359375 0.4578125 0.359375 0.465625 0.35625 0.4703125 0.35625 0.4765625 0.3484375 0.4984375 0.3453125 0.5 0.3453125 0.4875 0.3484375 0.4765625 0.34375 0.4609375 0.3515625 0.4453125 0.3515625 0.440625 0.353125 0.440625
1 0.796875 0.4953125 0.8 0.496875 0.8 0.51875 0.7953125 0.5296875 0.7921875 0.5515625 0.7875 0.5546875 0.7859375 0.546875 0.7890625 0.5359375 0.7890625 0.5046875 0.796875 0.496875
1 0.1078125 0.4859375 0.1125 0.5 0.1109375 0.5125 0.115625 0.528125 0.1140625 0.54375 0.1078125 0.5453125 0.10625 0.540625 0.1015625 0.55 0.0984375 0.55 0.1015625 0.534375 0.1 0.5046875 0.10625 0.4875
1 0.4 0.2640625 0.403125 0.265625 0.4046875 0.2796875 0.403125 0.29375 0.4 0.29375 0.3984375 0.290625 0.3921875 0.29375 0.390625 0.290625 0.4 0.265625
1 0.7015625 0.3296875 0.70625 0.340625 0.7046875 0.3734375 0.6984375 0.3671875 0.6921875 0.371875 0.6921875 0.3671875 0.696875 0.3640625 0.6953125 0.3453125 0.6984375 0.3421875 0.7 0.33125
1 0.7046875 0.4671875 0.709375 0.484375 0.6984375 0.5234375 0.69375 0.521875 0.6953125 0.5203125 0.69375 0.4828125 0.703125 0.46875
1 0.671875 0.315625 0.6765625 0.3171875 0.678125 0.321875 0.6765625 0.3296875 0.6796875 0.3390625 0.678125 0.3484375 0.675 0.3421875 0.671875 0.340625 0.671875 0.3171875
1 0.1109375 0.3453125 0.1078125 0.3890625 0.1046875 0.3890625 0.0984375 0.3828125 0.1015625 0.378125 0.1015625 0.359375 0.10625 0.346875 0.109375 0.3453125
1 0.45625 0.4875 0.4609375 0.496875 0.4609375 0.5140625 0.4546875 0.521875 0.45 0.5390625 0.446875 0.5421875 0.44375 0.5421875 0.4421875 0.5390625 0.446875 0.525 0.4484375 0.4953125 0.4546875 0.4890625
1 0.6640625 0.3140625 0.6671875 0.3140625 0.6703125 0.3203125 0.6703125 0.3359375 0.66875 0.3375 0.6703125 0.3390625 0.6703125 0.3546875 0.6671875 0.35625 0.665625 0.346875 0.6625 0.34375 0.653125 0.3484375 0.653125 0.34375 0.6578125 0.3390625 0.6578125 0.325 0.6640625 0.315625
1 0.23399305555555555 0.59703125 0.022986111111111106 0.07597222222222219
2 0.51875 0.390625 0.521875 0.390625 0.525 0.3984375 0.521875 0.4140625 0.521875 0.428125 0.51875 0.4375 0.5140625 0.4390625 0.5109375 0.4359375 0.5140625 0.4015625 0.51875 0.3921875