0 0.7 0.69375 0.703125 0.7 0.7015625 0.7078125 0.6953125 0.7046875 0.6953125 0.7 0.6984375 0.6953125
1 0.2234375 0.7203125 0.2234375 0.7484375 0.2265625 0.7515625 0.2265625 0.75625 0.2234375 0.7609375 0.225 0.79375 0.2234375 0.8 0.2140625 0.809375 0.2140625 0.821875 0.2109375 0.821875 0.2078125 0.828125 0.2015625 0.825 0.2015625 0.8203125 0.2109375 0.7828125 0.2109375 0.75 0.2171875 0.73125 0.2171875 0.7234375 0.221875 0.7203125
1 0.6046875 0.515625 0.6078125 0.521875 0.6046875 0.5515625 0.60625 0.575 0.6015625 0.5796875 0.596875 0.590625 0.5921875 0.5859375 0.5890625 0.5859375 0.5859375 0.590625 0.5828125 0.5828125 0.590625 0.575 0.5953125 0.565625 0.59375 0.5296875 0.6 0.51875 0.603125 0.5171875
1 0.4578125 0.58125 0.4609375 0.584375 0.459375 0.5859375 0.459375 0.625 0.4609375 0.6265625 0.459375 0.6546875 0.4609375 0.6578125 0.4546875 0.659375 0.4546875 0.6421875 0.453125 0.640625 0.4375 0.64375 0.4375 0.6375 0.4484375 0.6328125 0.4515625 0.5953125 0.45625 0.5828125
1 0.6125 0.64375 0.6171875 0.64375 0.61875 0.646875 0.6171875 0.653125 0.6140625 0.6546875 0.6140625 0.6828125 0.609375 0.684375 0.6046875 0.6921875 0.6046875 0.703125 0.6015625 0.709375 0.6 0.721875 0.5984375 0.725 0.59375 0.7234375 0.5921875 0.7078125 0.5875 0.7140625 0.584375 0.7125 0.584375 0.7046875 0.59375 0.684375 0.59375 0.6703125 0.596875 0.6578125 0.6078125 0.6515625 0.6125 0.6453125
1 0.540625 0.6546875 0.54375 0.653125 0.5484375 0.6421875 0.5484375 0.6265625 0.5515625 0.6078125 0.559375 0.5859375 0.5625 0.584375 0.5640625 0.5859375 0.5625 0.6171875 0.5671875 0.6390625 0.5671875 0.65625 0.5703125 0.6609375 0.56875 0.665625 0.5625 0.6640625 0.5640625 0.6515625 0.5625 0.6390625 0.559375 0.6359375 0.5546875 0.6390625 0.553125 0.6484375 0.5453125 0.659375 0.5453125 0.6640625 0.54375 0.665625 0.540625 0.6640625 0.540625 0.65625
1 0.2237384259259259 0.4032638888888888 0.013564814814814818 0.07196759259259258
1 0.69375 0.56875 0.6921875 0.5609375 0.696875 0.5453125 0.696875 0.5171875 0.70625 0.5 0.709375 0.5046875 0.709375 0.55 0.7046875 0.55625 0.7046875 0.565625 0.7015625 0.565625 0.6984375 0.5609375 0.6953125 0.56875
2 0.1890625 0.4546875 0.2 0.4375 0.2046875 0.403125 0.2109375 0.396875 0.2125 0.40625 0.2109375 0.4453125 0.2140625 0.471875 0.209375 0.4703125 0.2078125 0.45 0.2046875 0.4453125 0.196875 0.45 0.190625 0.459375 0.190625 0.45625
1 0.428125 0.409375 0.43125 0.4109375 0.43125 0.4203125 0.425 0.475 0.4203125 0.478125 0.41875 0.4765625 0.4203125 0.4671875 0.4125 0.4640625 0.4125 0.4609375 0.41875 0.453125 0.4203125 0.43125 0.428125 0.4109375
1 0.171875 0.2703125 0.178125 0.2625 0.1796875 0.2515625 0.184375 0.240625 0.190625 0.2390625 0.1890625 0.259375 0.184375 0.26875 0.1828125 0.28125 0.1734375 0.271875
1 0.453125 0.375 0.4546875 0.375 0.4546875 0.4046875 0.4515625 0.4109375 0.4515625 0.421875 0.44375 0.434375 0.44375 0.440625 0.4390625 0.4359375 0.440625 0.425 0.4453125 0.41875 0.44375 0.409375 0.4453125 0.3953125 0.453125 0.3765625
1 0.19375 0.6 0.1921875 0.59375 0.1953125 0.58125 0.2 0.5734375 0.2015625 0.559375 0.1984375 0.5328125 0.203125 0.525 0.2046875 0.5125 0.2078125 0.5078125 0.2109375 0.509375 0.2125 0.5140625 0.2109375 0.525 0.2140625 0.5359375 0.2109375 0.54375 0.2109375 0.559375 0.2125 0.5609375 0.2125 0.578125 0.209375 0.584375 0.2109375 0.6015625 0.2046875 0.6 0.2046875 0.584375 0.203125 0.5828125 0.1984375 0.5890625 0.1984375 0.5953125 0.1953125 0.6
1 0.3015625 0.3234375 0.3015625 0.315625 0.3046875 0.3125 0.3046875 0.2828125 0.3109375 0.2734375 0.3140625 0.2796875 0.3125 0.309375 0.309375 0.3171875 0.303125 0.3234375
1 0.7109375 0.2921875 0.715625 0.3046875 0.715625 0.3203125 0.7078125 0.3578125 0.7046875 0.3546875 0.7046875 0.3296875 0.7015625 0.321875 0.703125 0.31875 0.7015625 0.309375 0.70625 0.29375 0.709375 0.2921875
1 0.0671875 0.565625 0.0671875 0.55625 0.0734375 0.546875 0.075 0.5390625 0.0765625 0.515625 0.0796875 0.50625 0.090625 0.49375 0.09375 0.4953125 0.09375 0.5015625 0.0875 0.5140625 0.084375 0.528125 0.084375 0.5484375 0.0859375 0.5609375 0.0890625 0.5671875 0.08125 0.56875 0.08125 0.553125 0.078125 0.55 0.06875 0.565625
1 0.521875 0.378125 0.534375 0.390625 0.534375 0.3953125 0.53125 0.3921875 0.5234375 0.39375 0.5203125 0.4046875 0.521875 0.409375 0.5203125 0.4265625 0.5125 0.4375 0.5046875 0.440625 0.503125 0.434375 0.509375 0.4203125 0.5109375 0.3984375 0.509375 0.396875 0.503125 0.4015625 0.5015625 0.3984375 0.5203125 0.378125
1 0.4390625 0.459375 0.4421875 0.4640625 0.4421875 0.46875 0.4390625 0.4796875 0.440625 0.49375 0.4359375 0.5140625 0.4359375 0.5234375 0.434375 0.525 0.4328125 0.5234375 0.43125 0.515625 0.4328125 0.5078125 0.43125 0.50625 0.415625 0.525 0.415625 0.515625 0.425 0.5015625 0.4265625 0.4859375 0.4390625 0.4609375
1 0.7515625 0.690625 0.7546875 0.6921875 0.7546875 0.696875 0.7515625 0.7 0.746875 0.6984375 0.74375 0.7015625 0.7453125 0.7484375 0.746875 0.75 0.746875 0.7578125 0.74375 0.759375 0.740625 0.75625 0.7375 0.728125 0.734375 0.7234375 0.7328125 0.7078125 0.7265625 0.690625 0.7359375 0.675 0.7375 0.6640625 0.7421875 0.6671875 0.7421875 0.6765625 0.75 0.690625
1 0.440625 0.334375 0.44375 0.3375 0.4453125 0.3453125 0.44375 0.3546875 0.44375 0.371875 0.4453125 0.3734375 0.440625 0.3890625 0.434375 0.3984375 0.4328125 0.4 0.43125 0.3984375 0.43125 0.3890625 0.4375 0.3640625 0.4375 0.346875 0.440625 0.3359375
1 0.1855439814814815 0.344380787037037 0.023605324074074074 0.06423032407407407