0 0.7744560185185184 0.5879050925925926 0.010248842592592577 0.012876157407407352
1 0.371875 0.4046875 0.3765625 0.4046875 0.3828125 0.4125 0.3828125 0.425 0.3890625 0.44375 0.3890625 0.4484375 0.3796875 0.44375 0.3765625 0.4390625 0.375 0.421875 0.371875 0.4171875 0.371875 0.40625
1 0.4109375 0.421875 0.4140625 0.425 0.415625 0.4328125 0.4140625 0.4375 0.415625 0.4765625 0.4125 0.4765625 0.4125 0.46875 0.4109375 0.4671875 0.4078125 0.46875 0.4046875 0.465625 0.4046875 0.4296875 0.409375 0.4234375
1 0.2421875 0.403125 0.2453125 0.403125 0.246875 0.409375 0.2453125 0.45 0.24375 0.45625 0.2375 0.45625 0.2359375 0.453125 0.2375 0.4421875 0.2359375 0.41875 0.2421875 0.4046875
1 0.315625 0.390625 0.31875 0.4015625 0.3140625 0.4140625 0.3140625 0.4234375 0.30625 0.4453125 0.303125 0.446875 0.3046875 0.4046875 0.3078125 0.3953125 0.3140625 0.390625
1 0.31875 0.4 0.321875 0.4015625 0.3265625 0.4140625 0.3265625 0.4359375 0.3234375 0.4390625 0.3171875 0.4375 0.315625 0.4140625 0.31875 0.4015625
1 0.2140625 0.4328125 0.2171875 0.4359375 0.2171875 0.44375 0.2203125 0.4484375 0.2203125 0.5 0.2171875 0.5 0.2171875 0.4953125 0.2140625 0.490625 0.20625 0.49375 0.2078125 0.4484375 0.2125 0.4421875 0.2140625 0.434375
1 0.4 0.4453125 0.403125 0.4640625 0.4015625 0.5015625 0.3984375 0.4984375 0.396875 0.484375 0.390625 0.490625 0.3875 0.50625 0.3859375 0.50625 0.3859375 0.496875 0.390625 0.48125 0.3890625 0.4578125 0.390625 0.45 0.3984375 0.4453125
1 0.3125 0.4234375 0.3140625 0.4234375 0.3140625 0.4328125 0.3171875 0.4375 0.3171875 0.4421875 0.309375 0.465625 0.309375 0.471875 0.3015625 0.48125 0.296875 0.478125 0.296875 0.46875 0.303125 0.459375 0.3046875 0.440625 0.3125 0.425
1 0.303125 0.4859375 0.3015625 0.478125 0.309375 0.4671875 0.309375 0.4609375 0.3125 0.45625 0.31875 0.4328125 0.321875 0.43125 0.3265625 0.4375 0.3265625 0.4859375 0.3234375 0.484375 0.31875 0.471875 0.3125 0.471875 0.3046875 0.484375
2 0.08958912037037037 0.4961516203703704 0.010688657407407409 0.07225115740740735
1 0.9237152777777778 0.7043402777777777 0.017754629629629547 0.07719907407407404
1 0.3421875 0.4734375 0.3421875 0.465625 0.3453125 0.4609375 0.346875 0.4484375 0.3453125 0.43125 0.3546875 0.4125 0.3578125 0.415625 0.359375 0.4609375 0.3625 0.478125 0.3578125 0.475 0.3546875 0.46875 0.3515625 0.475 0.3515625 0.4828125 0.3484375 0.48125 0.3484375 0.475 0.34375 0.4734375
1 0.365625 0.4671875 0.365625 0.4296875 0.3703125 0.4140625 0.375 0.4234375 0.375 0.4359375 0.3796875 0.4515625 0.3796875 0.459375 0.3734375 0.459375 0.36875 0.46875 0.3671875 0.4671875