1 0.55625 0.471875 0.5609375 0.475 0.5609375 0.478125 0.565625 0.4828125 0.578125 0.484375 0.5859375 0.4890625 0.5828125 0.4921875 0.56875 0.490625 0.5671875 0.4984375 0.5609375 0.50625 0.5609375 0.509375 0.5578125 0.5125 0.55 0.5109375 0.5453125 0.5078125 0.5453125 0.5015625 0.5484375 0.4953125 0.546875 0.490625 0.5484375 0.484375 0.5546875 0.4734375
1 0.26875 0.4828125 0.271875 0.4828125 0.2734375 0.49375 0.2796875 0.503125 0.2859375 0.5375 0.2859375 0.546875 0.2828125 0.5546875 0.284375 0.5875 0.2796875 0.5859375 0.2796875 0.56875 0.278125 0.5671875 0.2734375 0.575 0.2703125 0.565625 0.26875 0.5234375 0.2625 0.5140625 0.26875 0.496875 0.2671875 0.4953125 0.26875 0.484375
1 0.3671875 0.465625 0.3703125 0.4703125 0.3703125 0.4765625 0.378125 0.490625 0.375 0.5234375 0.3765625 0.53125 0.375 0.54375 0.371875 0.5484375 0.3734375 0.55 0.365625 0.5375 0.365625 0.5265625 0.3625 0.5234375 0.3640625 0.509375 0.3625 0.503125 0.3578125 0.4984375 0.3578125 0.490625 0.3640625 0.4796875 0.365625 0.4671875
1 0.4609375 0.528125 0.4734375 0.540625 0.4703125 0.55 0.4765625 0.5578125 0.4734375 0.5640625 0.4546875 0.559375 0.4515625 0.5546875 0.45625 0.5328125 0.4546875 0.53125 0.459375 0.528125
1 0.45625 0.465625 0.4609375 0.4890625 0.45625 0.503125 0.4578125 0.509375 0.45625 0.5265625 0.453125 0.5296875 0.4546875 0.5328125 0.4484375 0.553125 0.45 0.5609375 0.446875 0.5609375 0.44375 0.5546875 0.446875 0.5359375 0.4421875 0.53125 0.4390625 0.53125 0.4375 0.5265625 0.4390625 0.5234375 0.44375 0.521875 0.4453125 0.509375 0.44375 0.496875 0.446875 0.4859375 0.4453125 0.4796875 0.4515625 0.471875 0.4515625 0.4671875 0.4546875 0.465625
1 0.16875 0.5125 0.175 0.515625 0.1734375 0.5234375 0.1828125 0.5375 0.184375 0.54375 0.1828125 0.559375 0.184375 0.5609375 0.184375 0.5828125 0.1890625 0.63125 0.1890625 0.6375 0.1828125 0.634375 0.178125 0.6390625 0.1734375 0.6296875 0.16875 0.565625 0.165625 0.5578125 0.159375 0.553125 0.159375 0.54375 0.16875 0.525 0.16875 0.5140625
1 0.0953125 0.4203125 0.0953125 0.4359375 0.0984375 0.4390625 0.1015625 0.4734375 0.10625 0.4859375 0.10625 0.5078125 0.109375 0.5109375 0.1078125 0.515625 0.103125 0.5109375 0.103125 0.5 0.1 0.49375 0.09375 0.4984375 0.0890625 0.4984375 0.0859375 0.5046875 0.0828125 0.5046875 0.084375 0.4953125 0.09375 0.4859375 0.0921875 0.4625 0.0890625 0.459375 0.0875 0.45 0.0890625 0.4265625 0.090625 0.421875 0.09375 0.4203125
1 0.340625 0.4984375 0.34375 0.5015625 0.3421875 0.5109375 0.34375 0.5234375 0.346875 0.5265625 0.346875 0.534375 0.353125 0.5484375 0.353125 0.553125 0.35 0.55625 0.35 0.5703125 0.353125 0.5765625 0.3484375 0.59375 0.3546875 0.6109375 0.35 0.6125 0.346875 0.6109375 0.3453125 0.5984375 0.3390625 0.6109375 0.3375 0.609375 0.3375 0.59375 0.3453125 0.58125 0.334375 0.5390625 0.3359375 0.528125 0.334375 0.5203125 0.3375 0.5140625 0.3375 0.5 0.3390625 0.5
1 0.2328125 0.640625 0.240625 0.646875 0.2453125 0.6578125 0.2453125 0.6609375 0.2390625 0.6671875 0.2421875 0.7265625 0.24375 0.728125 0.2421875 0.7484375 0.2484375 0.7609375 0.2453125 0.7625 0.2390625 0.7609375 0.2375 0.728125 0.234375 0.71875 0.2296875 0.74375 0.23125 0.7578125 0.228125 0.7609375 0.2265625 0.759375 0.225 0.75 0.2265625 0.7046875 0.221875 0.68125 0.21875 0.678125 0.2171875 0.653125 0.2234375 0.640625 0.2203125 0.6328125 0.221875 0.625 0.2265625 0.625 0.23125 0.640625
1 0.490625 0.48125 0.4953125 0.4828125 0.496875 0.49375 0.5046875 0.50625 0.509375 0.521875 0.503125 0.525 0.5046875 0.5640625 0.4984375 0.5796875 0.5 0.5828125 0.496875 0.5859375 0.4921875 0.5359375 0.4890625 0.5296875 0.4859375 0.5109375 0.4875 0.5 0.490625 0.4953125 0.4890625 0.4875 0.490625 0.4828125
1 0.6359375 0.503125 0.640625 0.503125 0.640625 0.5140625 0.6484375 0.521875 0.6515625 0.5390625 0.65625 0.5484375 0.65625 0.55625 0.653125 0.5515625 0.65 0.5546875 0.6546875 0.60625 0.653125 0.6078125 0.6515625 0.60625 0.6484375 0.578125 0.6453125 0.575 0.640625 0.578125 0.640625 0.6015625 0.6375 0.6046875 0.6359375 0.5515625 0.628125 0.5390625 0.6328125 0.521875 0.63125 0.5203125 0.6359375 0.5140625 0.6359375 0.5046875
1 0.365625 0.5421875 0.36875 0.5421875 0.3703125 0.5453125 0.3734375 0.559375 0.3796875 0.5734375 0.3796875 0.5921875 0.378125 0.59375 0.3796875 0.5984375 0.3765625 0.6046875 0.378125 0.6203125 0.3765625 0.621875 0.3765625 0.6421875 0.378125 0.64375 0.3765625 0.6578125 0.371875 0.6578125 0.371875 0.64375 0.36875 0.634375 0.365625 0.6390625 0.3671875 0.64375 0.365625 0.65625 0.3625 0.6578125 0.3640625 0.6203125 0.3578125 0.5671875 0.359375 0.5609375 0.365625 0.553125 0.3640625 0.5484375 0.365625 0.54375
1 0.275 0.640625 0.2765625 0.6375 0.2734375 0.634375 0.2734375 0.61875 0.26875 0.6078125 0.265625 0.6109375 0.2671875 0.6125 0.2609375 0.6296875 0.2609375 0.6421875 0.2578125 0.6421875 0.2546875 0.634375 0.2609375 0.6078125 0.2609375 0.590625 0.2578125 0.58125 0.259375 0.578125 0.2578125 0.5671875 0.2546875 0.5625 0.2546875 0.5515625 0.2578125 0.54375 0.25625 0.534375 0.2609375 0.5296875 0.2625 0.5421875 0.2671875 0.5515625 0.26875 0.565625 0.271875 0.5734375 0.271875 0.5875 0.275 0.590625 0.275 0.6109375 0.278125 0.6140625 0.278125 0.634375 0.284375 0.6421875 0.2828125 0.64375 0.2765625 0.64375 0.2765625 0.6421875
1 0.2125 0.390625 0.2171875 0.39375 0.2203125 0.421875 0.2234375 0.425 0.2265625 0.4375 0.2296875 0.4609375 0.234375 0.4703125 0.234375 0.475 0.2390625 0.48125 0.2328125 0.4828125 0.23125 0.471875 0.225 0.4625 0.21875 0.4671875 0.215625 0.4828125 0.2125 0.4796875 0.2125 0.4671875 0.21875 0.4578125 0.2171875 0.4390625 0.2125 0.4328125 0.209375 0.4328125 0.209375 0.4203125 0.2125 0.409375 0.2109375 0.39375 0.2125 0.3921875
1 0.1671875 0.409375 0.171875 0.453125 0.1765625 0.4609375 0.178125 0.471875 0.171875 0.4828125 0.1640625 0.484375 0.1625 0.490625 0.159375 0.4859375 0.1625 0.48125 0.165625 0.4671875 0.1625 0.4625 0.1625 0.44375 0.1609375 0.4421875 0.1625 0.4203125 0.1609375 0.41875 0.1625 0.4109375 0.165625 0.409375
2 0.065625 0.4703125 0.0703125 0.4734375 0.071875 0.4890625 0.075 0.4921875 0.075 0.50625 0.0796875 0.515625 0.0796875 0.5203125 0.0765625 0.5234375 0.078125 0.53125 0.0765625 0.5765625 0.075 0.578125 0.0734375 0.5765625 0.0734375 0.5578125 0.0703125 0.5546875 0.0640625 0.5578125 0.059375 0.56875 0.0578125 0.5625 0.059375 0.5515625 0.0625 0.546875 0.0625 0.5296875 0.059375 0.509375 0.0546875 0.5 0.0578125 0.4890625 0.0640625 0.478125 0.0640625 0.471875