0 0.8015625 0.65625 0.803125 0.66875 0.8 0.6703125 0.7953125 0.6640625 0.796875 0.6578125 0.8 0.65625
1 0.5390625 0.4625 0.54375 0.48125 0.54375 0.509375 0.5359375 0.5109375 0.5328125 0.515625 0.5265625 0.515625 0.5171875 0.509375 0.5171875 0.5 0.5203125 0.5 0.525 0.4953125 0.5265625 0.478125 0.534375 0.465625 0.5375 0.4640625
1 0.215625 0.5125 0.21875 0.5125 0.2203125 0.5234375 0.225 0.534375 0.2203125 0.553125 0.221875 0.5859375 0.2140625 0.596875 0.215625 0.6046875 0.2140625 0.6109375 0.2078125 0.6109375 0.203125 0.603125 0.203125 0.59375 0.2125 0.5828125 0.209375 0.56875 0.2078125 0.5375 0.215625 0.5140625
1 0.1015625 0.4578125 0.103125 0.4859375 0.1 0.4875 0.0984375 0.4984375 0.1015625 0.50625 0.1015625 0.5203125 0.1 0.53125 0.0953125 0.5390625 0.09375 0.5484375 0.0875 0.546875 0.0875 0.5421875 0.0921875 0.5359375 0.090625 0.525 0.0859375 0.528125 0.0765625 0.5421875 0.075 0.5484375 0.071875 0.546875 0.071875 0.5375 0.084375 0.5203125 0.084375 0.5125 0.0921875 0.48125 0.0921875 0.471875 0.096875 0.459375 0.1 0.4578125
1 0.503125 0.634375 0.5046875 0.6234375 0.5015625 0.6125 0.496875 0.625 0.496875 0.63125 0.5 0.6359375 0.4984375 0.6375 0.4921875 0.6359375 0.4921875 0.6265625 0.496875 0.60625 0.49375 0.590625 0.49375 0.559375 0.496875 0.55 0.4953125 0.5484375 0.496875 0.5375 0.5 0.540625 0.4984375 0.54375 0.503125 0.5515625 0.5046875 0.5609375 0.503125 0.5703125 0.5078125 0.6015625 0.5078125 0.6265625 0.5125 0.63125 0.5109375 0.6359375 0.5046875 0.634375
1 0.3078125 0.503125 0.3109375 0.5046875 0.315625 0.525 0.3125 0.5421875 0.3140625 0.54375 0.3140625 0.559375 0.3171875 0.5640625 0.315625 0.565625 0.315625 0.5828125 0.31875 0.5984375 0.3140625 0.596875 0.3125 0.5765625 0.309375 0.5734375 0.3046875 0.575 0.3015625 0.590625 0.3 0.5921875 0.2984375 0.5875 0.2984375 0.5796875 0.3046875 0.5640625 0.3046875 0.5546875 0.303125 0.5453125 0.296875 0.5328125 0.3046875 0.51875 0.30625 0.5046875
1 0.2296875 0.49921875 0.01953125 0.06796875
1 0.4984375 0.478125 0.503125 0.4875 0.5078125 0.5125 0.5109375 0.553125 0.5140625 0.5609375 0.5125 0.56875 0.50625 0.553125 0.50625 0.546875 0.5015625 0.54375 0.496875 0.546875 0.4875 0.5703125 0.484375 0.5734375 0.4828125 0.571875 0.4828125 0.565625 0.4859375 0.5609375 0.4875 0.5515625 0.490625 0.5484375 0.4890625 0.5359375 0.490625 0.534375 0.490625 0.496875 0.4953125 0.4890625 0.496875 0.4796875
1 0.7125 0.740625 0.709375 0.7359375 0.7078125 0.7375 0.70625 0.7609375 0.6953125 0.7671875 0.6890625 0.778125 0.6875 0.7875 0.684375 0.7890625 0.68125 0.7859375 0.6890625 0.7609375 0.6921875 0.7578125 0.6921875 0.7359375 0.6984375 0.7203125 0.6984375 0.7125 0.7046875 0.6984375 0.70625 0.6890625 0.7125 0.6875 0.7140625 0.7390625
1 0.68125 0.646875 0.02890625 0.08359375
1 0.0953125 0.4609375 0.0921875 0.425 0.1 0.4 0.1046875 0.4 0.10625 0.4328125 0.103125 0.4390625 0.103125 0.4546875 0.096875 0.4609375
1 0.421875 0.5640625 0.4234375 0.565625 0.4203125 0.5828125 0.421875 0.603125 0.4234375 0.6046875 0.428125 0.603125 0.4296875 0.609375 0.421875 0.6109375 0.41875 0.615625 0.4203125 0.6296875 0.4109375 0.659375 0.4125 0.6703125 0.4078125 0.6703125 0.4046875 0.665625 0.4046875 0.64375 0.4109375 0.6359375 0.4078125 0.5875 0.415625 0.575 0.4171875 0.565625 0.4203125 0.5640625