0 0.4421875 0.76875 0.446875 0.7671875 0.4484375 0.7703125 0.4484375 0.7765625 0.4453125 0.7796875 0.4421875 0.778125 0.4421875 0.7703125
1 0.684375 0.690625 0.6875 0.6921875 0.6890625 0.696875 0.6859375 0.74375 0.6921875 0.746875 0.6921875 0.7515625 0.6828125 0.75625 0.6828125 0.7625 0.6796875 0.765625 0.6765625 0.7671875 0.675 0.7640625 0.6765625 0.7625 0.675 0.7375 0.678125 0.7328125 0.6796875 0.7046875 0.684375 0.6921875
1 0.6265625 0.490625 0.6296875 0.49375 0.6296875 0.4984375 0.6234375 0.496875 0.6140625 0.4890625 0.6109375 0.4921875 0.6109375 0.5 0.6078125 0.503125 0.6078125 0.490625 0.6109375 0.484375 0.6125 0.4609375 0.615625 0.453125 0.6203125 0.4609375 0.61875 0.475 0.625 0.490625
1 0.3296875 0.55625 0.334375 0.56875 0.334375 0.59375 0.33125 0.60625 0.3375 0.6171875 0.3359375 0.6234375 0.3328125 0.625 0.33125 0.6234375 0.3296875 0.6140625 0.325 0.60625 0.3265625 0.590625 0.321875 0.571875 0.325 0.56875 0.328125 0.5578125
1 0.027858796296296295 0.3986689814814815 0.01763888888888889 0.054456018518518515
1 0.478125 0.4859375 0.48125 0.4859375 0.484375 0.4953125 0.4875 0.51875 0.4859375 0.5390625 0.48125 0.540625 0.48125 0.53125 0.478125 0.521875 0.4796875 0.5140625 0.4765625 0.50625 0.478125 0.4875
1 0.915625 0.4484375 0.91875 0.4484375 0.921875 0.459375 0.9203125 0.4734375 0.921875 0.48125 0.928125 0.4875 0.915625 0.49375 0.9140625 0.50625 0.909375 0.5046875 0.9125 0.4984375 0.9125 0.471875 0.915625 0.45
1 0.78125 0.4625 0.7859375 0.4671875 0.7859375 0.4859375 0.7921875 0.49375 0.7921875 0.4953125 0.7828125 0.49375 0.7765625 0.4984375 0.775 0.503125 0.778125 0.4859375 0.778125 0.4671875 0.78125 0.4640625
1 0.43764467592592593 0.46629050925925924 0.024548611111111108 0.05237268518518512
2 0.7265625 0.4921875 0.73125 0.49375 0.73125 0.4984375 0.734375 0.503125 0.7328125 0.528125 0.740625 0.534375 0.740625 0.5375 0.734375 0.5390625 0.7265625 0.5328125 0.7234375 0.5359375 0.721875 0.546875 0.7171875 0.5515625 0.721875 0.5265625 0.725 0.5234375 0.725 0.4953125 0.7265625 0.49375
1 0.5109375 0.340625 0.5140625 0.340625 0.515625 0.3609375 0.51875 0.365625 0.5234375 0.3671875 0.5203125 0.371875 0.5140625 0.3734375 0.5078125 0.3828125 0.5046875 0.3828125 0.50625 0.3703125 0.509375 0.3640625 0.5109375 0.3421875
1 0.6875 0.6375 0.690625 0.6390625 0.690625 0.646875 0.696875 0.653125 0.696875 0.6875 0.6875 0.690625 0.68125 0.6984375 0.6859375 0.6734375 0.6859375 0.653125 0.684375 0.6515625 0.6859375 0.6390625
1 0.4875 0.721875 0.490625 0.7234375 0.4921875 0.728125 0.490625 0.7296875 0.4953125 0.734375 0.496875 0.7421875 0.4953125 0.8 0.490625 0.8015625 0.4890625 0.784375 0.48125 0.7578125 0.4859375 0.746875 0.4875 0.7234375
1 0.8625 0.4140625 0.865625 0.4140625 0.8671875 0.4171875 0.8671875 0.434375 0.86875 0.4359375 0.8671875 0.440625 0.86875 0.45 0.859375 0.4609375 0.859375 0.4390625 0.8625 0.415625
1 0.4296875 0.375 0.4359375 0.384375 0.434375 0.4 0.4390625 0.403125 0.4390625 0.4078125 0.4296875 0.415625 0.428125 0.421875 0.425 0.4234375 0.4296875 0.3765625