0 0.703125 0.421875 0.7046875 0.425 0.703125 0.4296875 0.6984375 0.428125 0.6984375 0.4234375 0.7015625 0.421875
1 0.678125 0.4375 0.68125 0.4453125 0.6828125 0.4859375 0.68125 0.4859375 0.6796875 0.4765625 0.6765625 0.4734375 0.66875 0.471875 0.6640625 0.49375 0.6609375 0.49375 0.6625 0.4765625 0.6640625 0.4703125 0.6703125 0.4671875 0.6671875 0.44375 0.671875 0.4375 0.6765625 0.4375
1 0.5296875 0.5265625 0.5328125 0.528125 0.5359375 0.55625 0.5359375 0.5640625 0.5328125 0.571875 0.5328125 0.5984375 0.534375 0.6078125 0.5375 0.6125 0.5359375 0.6140625 0.53125 0.6125 0.53125 0.6046875 0.5265625 0.5984375 0.521875 0.6 0.5171875 0.609375 0.5140625 0.6109375 0.5140625 0.6 0.5171875 0.5984375 0.5234375 0.5828125 0.5234375 0.55625 0.5203125 0.55 0.528125 0.5359375 0.5296875 0.528125
1 0.453125 0.45546875 0.0140625 0.078125
1 0.9171875 0.4578125 0.9203125 0.4578125 0.9296875 0.475 0.928125 0.503125 0.925 0.509375 0.9265625 0.5390625 0.925 0.54375 0.91875 0.5453125 0.91875 0.525 0.9171875 0.5234375 0.91875 0.4921875 0.915625 0.4625 0.9171875 0.459375
1 0.2171875 0.46875 0.221875 0.4703125 0.2265625 0.540625 0.2296875 0.546875 0.228125 0.55 0.225 0.5484375 0.2203125 0.5265625 0.2125 0.5375 0.2125 0.54375 0.209375 0.5453125 0.209375 0.5359375 0.215625 0.5203125 0.2140625 0.4875 0.2171875 0.4703125
1 0.1234375 0.5453125 0.1234375 0.5640625 0.125 0.565625 0.1234375 0.6109375 0.121875 0.6125 0.121875 0.621875 0.125 0.628125 0.1234375 0.6328125 0.11875 0.6296875 0.1171875 0.6109375 0.115625 0.609375 0.1078125 0.6140625 0.1046875 0.6125 0.10625 0.60625 0.115625 0.5984375 0.1109375 0.5703125 0.1171875 0.55 0.121875 0.5453125
1 0.4125 0.575 0.4171875 0.575 0.4171875 0.5828125 0.421875 0.5890625 0.425 0.603125 0.425 0.6140625 0.4203125 0.6234375 0.41875 0.653125 0.4171875 0.6546875 0.415625 0.653125 0.4109375 0.6109375 0.4078125 0.60625 0.4078125 0.590625 0.4109375 0.5859375 0.4125 0.5765625
1 0.3140625 0.39921875 0.01640625 0.0734375
1 0.475 0.3515625 0.478125 0.353125 0.4796875 0.359375 0.4765625 0.41875 0.4734375 0.41875 0.4703125 0.4109375 0.471875 0.4078125 0.4703125 0.3625 0.475 0.353125
1 0.6421875 0.4125 0.6515625 0.4140625 0.6546875 0.4171875 0.6578125 0.4359375 0.6625 0.44375 0.665625 0.45625 0.6640625 0.459375 0.659375 0.45625 0.653125 0.4578125 0.6515625 0.4609375 0.653125 0.4796875 0.65 0.48125 0.6484375 0.4734375 0.65 0.434375 0.6484375 0.421875 0.64375 0.41875 0.6421875 0.4140625
1 0.1921875 0.56875 0.1921875 0.55625 0.1953125 0.5484375 0.1921875 0.5 0.196875 0.4859375 0.2 0.4875 0.2015625 0.49375 0.203125 0.5390625 0.2 0.55 0.2015625 0.5703125 0.19375 0.56875
1 0.3109375 0.4421875 0.3125 0.440625 0.3109375 0.4375 0.3125 0.4140625 0.3171875 0.4078125 0.3171875 0.403125 0.3203125 0.4015625 0.321875 0.4296875 0.31875 0.4390625 0.3234375 0.4796875 0.31875 0.478125 0.3171875 0.4640625 0.3109375 0.4671875 0.3078125 0.4734375 0.3078125 0.48125 0.3046875 0.4796875 0.3046875 0.4703125 0.3109375 0.459375 0.3125 0.44375
1 0.4828125 0.75078125 0.0203125 0.10703125
1 0.8796875 0.6109375 0.8828125 0.6171875 0.8828125 0.6234375 0.8890625 0.6359375 0.8890625 0.6453125 0.8859375 0.65 0.884375 0.6671875 0.88125 0.675 0.8828125 0.7078125 0.8765625 0.709375 0.8765625 0.70625 0.871875 0.7015625 0.875 0.6953125 0.875 0.6578125 0.871875 0.6546875 0.8671875 0.6546875 0.8671875 0.6515625 0.871875 0.646875 0.8734375 0.6328125 0.8765625 0.6265625 0.8765625 0.6125 0.878125 0.6125
1 0.740625 0.4296875 0.74375 0.45625 0.7375 0.465625 0.7390625 0.484375 0.73125 0.48125 0.728125 0.484375 0.7265625 0.4921875 0.7234375 0.4953125 0.721875 0.49375 0.721875 0.4890625 0.725 0.4859375 0.73125 0.465625 0.7328125 0.446875 0.7390625 0.43125
1 0.675 0.4015625 0.678125 0.40625 0.68125 0.4234375 0.678125 0.425 0.678125 0.4328125 0.66875 0.440625 0.665625 0.4390625 0.6640625 0.434375 0.6625 0.4125 0.6734375 0.4015625
1 0.7234375 0.384375 0.721875 0.36875 0.71875 0.365625 0.7140625 0.371875 0.7140625 0.384375 0.7125 0.3859375 0.7109375 0.384375 0.7109375 0.3703125 0.7140625 0.3609375 0.7125 0.3296875 0.715625 0.321875 0.71875 0.3203125 0.7234375 0.328125 0.725 0.3828125
1 0.7953125 0.3875 0.8 0.396875 0.8 0.403125 0.796875 0.4109375 0.7953125 0.4390625 0.7921875 0.4484375 0.7828125 0.4484375 0.7828125 0.44375 0.7859375 0.4375 0.7859375 0.3875 0.7890625 0.3796875 0.79375 0.3875
1 0.8 0.44375 0.80625 0.45 0.809375 0.4625 0.809375 0.4796875 0.8046875 0.490625 0.803125 0.5140625 0.8 0.5171875 0.796875 0.515625 0.796875 0.4734375 0.7984375 0.471875 0.796875 0.446875 0.7984375 0.4453125
2 0.525 0.5125 0.528125 0.5125 0.53125 0.528125 0.521875 0.5453125 0.5234375 0.5828125 0.521875 0.5859375 0.51875 0.5859375 0.51875 0.5484375 0.5171875 0.546875 0.5171875 0.5296875 0.525 0.5140625