0 0.390625 0.540625 0.39375 0.5421875 0.3953125 0.546875 0.39375 0.55 0.390625 0.55 0.3890625 0.5484375 0.390625 0.5421875
1 0.35 0.6 0.353125 0.6 0.3546875 0.6109375 0.3625 0.6328125 0.3578125 0.6484375 0.3609375 0.665625 0.35625 0.6703125 0.3546875 0.678125 0.353125 0.678125 0.346875 0.6484375 0.346875 0.6375 0.34375 0.6296875 0.34375 0.6171875 0.3484375 0.609375 0.35 0.6015625
1 0.5921875 0.85625 0.5953125 0.871875 0.6015625 0.884375 0.6015625 0.89375 0.596875 0.9015625 0.5953125 0.940625 0.6015625 0.9578125 0.60625 0.9625 0.6046875 0.96875 0.6015625 0.96875 0.5953125 0.9546875 0.5890625 0.9578125 0.590625 0.9625 0.5890625 0.9671875 0.584375 0.965625 0.584375 0.959375 0.5875 0.95625 0.5875 0.9375 0.5890625 0.9359375 0.5828125 0.9 0.5828125 0.88125 0.5875 0.8734375 0.5875 0.8578125 0.590625 0.85625
1 0.540625 0.575 0.5484375 0.5953125 0.546875 0.603125 0.5484375 0.63125 0.5546875 0.6421875 0.55625 0.65 0.553125 0.65 0.546875 0.6375 0.540625 0.634375 0.5375 0.6375 0.5359375 0.65625 0.534375 0.6546875 0.5359375 0.5765625 0.5390625 0.575
2 0.6875 0.653125 0.7 0.6578125 0.703125 0.6625 0.7078125 0.7109375 0.7109375 0.7125 0.71875 0.728125 0.7171875 0.734375 0.7125 0.725 0.70625 0.71875 0.7046875 0.7125 0.6953125 0.7109375 0.6921875 0.7078125 0.6921875 0.6875 0.6875 0.6546875
1 0.6234375 0.6421875 0.6140625 0.621875 0.6140625 0.5875 0.61875 0.5703125 0.6171875 0.5609375 0.61875 0.559375 0.621875 0.5609375 0.621875 0.56875 0.6265625 0.575 0.628125 0.584375 0.6234375 0.6140625 0.625 0.640625
1 0.765625 0.459375 0.76875 0.459375 0.771875 0.4671875 0.7734375 0.503125 0.7796875 0.5078125 0.7796875 0.5125 0.7734375 0.5140625 0.76875 0.5203125 0.76875 0.5265625 0.765625 0.5265625 0.765625 0.4609375
1 0.884375 0.965625 0.8890625 0.975 0.8890625 0.9828125 0.89375 0.9875 0.8953125 0.9984375 0.8765625 0.9984375 0.88125 0.984375 0.8796875 0.9671875 0.8828125 0.965625
1 0.3796875 0.5703125 0.371875 0.5578125 0.365625 0.553125 0.35625 0.5640625 0.3515625 0.575 0.3484375 0.5765625 0.3484375 0.56875 0.3546875 0.553125 0.3546875 0.5375 0.35625 0.5359375 0.3546875 0.525 0.3609375 0.5109375 0.3640625 0.5125 0.3703125 0.525 0.371875 0.534375 0.378125 0.5421875 0.3765625 0.5609375 0.3796875 0.5640625 0.3796875 0.56875
1 0.5609375 0.6109375 0.565625 0.6125 0.565625 0.6171875 0.5734375 0.63125 0.56875 0.6515625 0.56875 0.675 0.575 0.69375 0.575 0.6984375 0.5703125 0.696875 0.55625 0.6421875 0.5609375 0.6125
1 0.959375 0.8046875 0.9625 0.8046875 0.965625 0.8109375 0.965625 0.821875 0.9703125 0.8296875 0.96875 0.8828125 0.971875 0.8875 0.9734375 0.9 0.978125 0.9109375 0.978125 0.9140625 0.9765625 0.915625 0.975 0.9140625 0.9671875 0.8953125 0.9640625 0.89375 0.9609375 0.9015625 0.9609375 0.9171875 0.9546875 0.91875 0.9515625 0.9140625 0.95625 0.9078125 0.953125 0.85 0.95625 0.8453125 0.95625 0.828125 0.959375 0.8234375 0.9578125 0.8078125 0.959375 0.80625
1 0.4234375 0.54375 0.428125 0.54375 0.4296875 0.546875 0.428125 0.5578125 0.43125 0.56875 0.4296875 0.58125 0.43125 0.6109375 0.4265625 0.6109375 0.4265625 0.5984375 0.421875 0.5921875 0.4171875 0.596875 0.4109375 0.5921875 0.4109375 0.5875 0.41875 0.5890625 0.4234375 0.584375 0.425 0.575 0.41875 0.571875 0.41875 0.5671875 0.425 0.5609375 0.421875 0.55 0.4234375 0.5453125
1 0.4703125 0.503125 0.4765625 0.5234375 0.4765625 0.54375 0.471875 0.5609375 0.48125 0.575 0.478125 0.5828125 0.471875 0.5703125 0.4671875 0.56875 0.4625 0.5765625 0.4609375 0.5859375 0.45625 0.5828125 0.45625 0.5796875 0.4609375 0.575 0.4625 0.5625 0.465625 0.5578125 0.4671875 0.546875 0.465625 0.5046875 0.46875 0.503125
1 0.6 0.51875 0.6046875 0.5328125 0.6078125 0.571875 0.6140625 0.5859375 0.6125 0.590625 0.6046875 0.575 0.6 0.5734375 0.5953125 0.5921875 0.59375 0.590625 0.5953125 0.5203125 0.5984375 0.51875
1 0.428125 0.6953125 0.4296875 0.7078125 0.4359375 0.7171875 0.4375 0.7328125 0.4328125 0.74375 0.425 0.78125 0.421875 0.7796875 0.41875 0.771875 0.4203125 0.740625 0.415625 0.734375 0.4203125 0.7140625 0.425 0.709375 0.425 0.696875 0.4265625 0.696875