1 0.6828125 0.5921875 0.6875 0.5921875 0.6875 0.6 0.6921875 0.60625 0.69375 0.615625 0.6921875 0.634375 0.6890625 0.6390625 0.6875 0.6546875 0.6890625 0.6703125 0.6859375 0.678125 0.6828125 0.6796875 0.6796875 0.678125 0.6796875 0.646875 0.678125 0.6453125 0.6796875 0.6234375 0.678125 0.61875 0.6828125 0.603125 0.6828125 0.59375
1 0.2015625 0.6671875 0.2015625 0.6765625 0.2078125 0.6890625 0.2078125 0.7046875 0.2046875 0.709375 0.2046875 0.7359375 0.1984375 0.7703125 0.1921875 0.7578125 0.19375 0.75625 0.19375 0.740625 0.1890625 0.6984375 0.1921875 0.684375 0.196875 0.678125 0.196875 0.66875 0.2 0.6671875
1 0.3703125 0.4140625 0.3734375 0.4375 0.371875 0.44375 0.378125 0.46875 0.3765625 0.471875 0.375 0.471875 0.3734375 0.459375 0.3703125 0.4546875 0.3640625 0.459375 0.3625 0.4640625 0.359375 0.4640625 0.3625 0.4578125 0.3609375 0.4453125 0.3625 0.4265625 0.365625 0.415625 0.36875 0.4140625
1 0.484375 0.3984375 0.4890625 0.4 0.4921875 0.409375 0.4921875 0.4265625 0.49375 0.428125 0.4921875 0.4546875 0.4890625 0.45625 0.4859375 0.4390625 0.4875 0.4234375 0.484375 0.4
1 0.6078125 0.64375 0.6109375 0.6421875 0.6140625 0.64375 0.621875 0.665625 0.6171875 0.69375 0.6140625 0.7 0.6140625 0.73125 0.6125 0.7375 0.6109375 0.7390625 0.6078125 0.7375 0.6078125 0.71875 0.6046875 0.7046875 0.60625 0.6859375 0.6015625 0.6734375 0.603125 0.65625 0.6078125 0.6453125
1 0.596875 0.8328125 0.6 0.80625 0.6046875 0.796875 0.603125 0.7875 0.60625 0.7828125 0.609375 0.784375 0.6125 0.8015625 0.61875 0.815625 0.61875 0.840625 0.615625 0.8359375 0.6140625 0.8375 0.6109375 0.853125 0.615625 0.8953125 0.6109375 0.8984375 0.6078125 0.896875 0.6109375 0.8890625 0.6109375 0.88125 0.609375 0.8703125 0.60625 0.8671875 0.603125 0.871875 0.6 0.8875 0.596875 0.8875 0.59375 0.8828125 0.59375 0.878125 0.6 0.871875 0.603125 0.85 0.603125 0.83125 0.6015625 0.8296875 0.5984375 0.8328125
1 0.484375 0.396875 0.4859375 0.3984375 0.4875 0.4609375 0.4828125 0.4671875 0.4796875 0.465625 0.4796875 0.45625 0.4765625 0.4484375 0.478125 0.403125 0.4796875 0.3984375 0.4828125 0.396875
1 0.5203125 0.515625 0.5265625 0.5328125 0.525 0.559375 0.5328125 0.5859375 0.53125 0.5875 0.5234375 0.5796875 0.521875 0.5734375 0.5171875 0.56875 0.515625 0.553125 0.5109375 0.5453125 0.5109375 0.5375 0.5140625 0.534375 0.515625 0.5203125 0.51875 0.5171875
1 0.5453125 0.45 0.5515625 0.4640625 0.55 0.5 0.5578125 0.5078125 0.5484375 0.515625 0.5421875 0.4984375 0.5421875 0.4796875 0.5390625 0.4765625 0.534375 0.484375 0.5359375 0.46875 0.54375 0.4515625
1 0.390625 0.525 0.4 0.515625 0.4 0.5265625 0.403125 0.5328125 0.4015625 0.5421875 0.403125 0.559375 0.4 0.5640625 0.4 0.5859375 0.396875 0.5859375 0.39375 0.571875 0.390625 0.584375 0.3890625 0.584375 0.384375 0.5421875 0.390625 0.5265625
1 0.5078125 0.465625 0.5140625 0.475 0.5125 0.4953125 0.515625 0.5140625 0.515625 0.51875 0.5125 0.5203125 0.5109375 0.5109375 0.5046875 0.5078125 0.503125 0.521875 0.5 0.5203125 0.5 0.4984375 0.503125 0.475 0.5078125 0.4671875
1 0.8828125 0.790625 0.8859375 0.7890625 0.8890625 0.790625 0.8890625 0.8 0.8921875 0.809375 0.8921875 0.8421875 0.8890625 0.853125 0.890625 0.8890625 0.8859375 0.8921875 0.8765625 0.890625 0.878125 0.88125 0.875 0.8671875 0.875 0.84375 0.88125 0.83125 0.8828125 0.7921875
1 0.0203125 0.7453125 0.015625 0.7234375 0.0140625 0.6828125 0.0109375 0.675 0.0109375 0.6625 0.015625 0.65625 0.0171875 0.64375 0.0203125 0.640625 0.0234375 0.6421875 0.0234375 0.6515625 0.028125 0.6578125 0.0265625 0.659375 0.028125 0.6609375 0.028125 0.6984375 0.021875 0.74375
1 0.1078125 0.6546875 0.109375 0.646875 0.10625 0.6375 0.10625 0.6234375 0.1109375 0.6140625 0.1125 0.6046875 0.1171875 0.6015625 0.11875 0.6125 0.1234375 0.621875 0.1171875 0.675 0.11875 0.6796875 0.1171875 0.703125 0.1140625 0.70625 0.109375 0.65625
1 0.50625 0.4 0.509375 0.403125 0.509375 0.4078125 0.5140625 0.4171875 0.5171875 0.43125 0.515625 0.4421875 0.5203125 0.4546875 0.51875 0.4625 0.5171875 0.4578125 0.5078125 0.4515625 0.50625 0.4453125 0.5078125 0.4265625 0.503125 0.41875 0.50625 0.4015625
1 0.45 0.9234375 0.45625 0.9234375 0.4578125 0.934375 0.4625 0.9375 0.4671875 0.95 0.4671875 0.9609375 0.4625 0.984375 0.4515625 0.984375 0.45 0.9765625 0.446875 0.9734375 0.44375 0.978125 0.440625 0.9765625 0.44375 0.9609375 0.446875 0.9578125 0.45 0.925
1 0.659375 0.4375 0.66875 0.446875 0.66875 0.45625 0.6640625 0.4640625 0.6640625 0.4765625 0.659375 0.4890625 0.65625 0.4890625 0.6546875 0.4859375 0.65625 0.4671875 0.653125 0.4578125 0.653125 0.4375 0.6546875 0.4359375 0.6578125 0.4375
1 0.81875 0.825 0.825 0.8265625 0.825 0.834375 0.8296875 0.8375 0.8359375 0.8515625 0.8359375 0.859375 0.83125 0.865625 0.828125 0.8984375 0.8375 0.928125 0.8359375 0.9421875 0.8296875 0.921875 0.825 0.9171875 0.8203125 0.9296875 0.8171875 0.9234375 0.815625 0.8984375 0.81875 0.8765625 0.809375 0.865625 0.809375 0.8625 0.8140625 0.853125 0.8140625 0.846875 0.81875 0.8390625 0.81875 0.8265625
1 0.2484375 0.38125 0.25 0.3828125 0.2484375 0.3890625 0.25 0.390625 0.25 0.409375 0.246875 0.4171875 0.2484375 0.440625 0.2421875 0.440625 0.24375 0.4390625 0.2421875 0.421875 0.2375 0.4140625 0.2359375 0.40625 0.2390625 0.39375 0.246875 0.3828125
2 0.2015625 0.5125 0.2046875 0.5125 0.2078125 0.5296875 0.2046875 0.5953125 0.2015625 0.5984375 0.2 0.596875 0.1984375 0.5640625 0.196875 0.5625 0.196875 0.546875 0.1984375 0.5453125 0.196875 0.528125 0.2015625 0.5140625