0 0.28125 0.5515625 0.2828125 0.5546875 0.28125 0.5609375 0.2765625 0.559375 0.2765625 0.553125 0.2796875 0.5515625
1 0.265625 0.5421875 0.2640625 0.540625 0.265625 0.5296875 0.2734375 0.5078125 0.2796875 0.503125 0.2890625 0.5046875 0.2921875 0.5078125 0.2921875 0.5109375 0.284375 0.5109375 0.28125 0.5140625 0.28125 0.5234375 0.284375 0.5265625 0.2875 0.5390625 0.2890625 0.5609375 0.284375 0.559375 0.2796875 0.5609375 0.2765625 0.5578125 0.2765625 0.5390625 0.2734375 0.534375 0.26875 0.5359375 0.265625 0.540625
1 0.2296875 0.8390625 0.2265625 0.825 0.221875 0.8296875 0.2125 0.8484375 0.2125 0.8375 0.215625 0.834375 0.221875 0.8171875 0.221875 0.7984375 0.2203125 0.7890625 0.215625 0.7828125 0.215625 0.7765625 0.2234375 0.7609375 0.225 0.7515625 0.228125 0.753125 0.228125 0.759375 0.2359375 0.7796875 0.23125 0.7921875 0.23125 0.828125 0.2328125 0.8296875 0.2328125 0.8390625 0.23125 0.8390625
1 0.3390625 0.546875 0.3453125 0.525 0.34375 0.5046875 0.3484375 0.4921875 0.3484375 0.4796875 0.3515625 0.478125 0.3609375 0.490625 0.359375 0.5140625 0.3484375 0.54375 0.3484375 0.5484375 0.340625 0.5484375
1 0.546875 0.60625 0.553125 0.6265625 0.5578125 0.6328125 0.553125 0.6375 0.553125 0.6625 0.5546875 0.671875 0.5578125 0.675 0.5578125 0.6828125 0.5484375 0.6765625 0.5390625 0.6875 0.5375 0.675 0.5453125 0.66875 0.5421875 0.64375 0.5390625 0.6390625 0.5296875 0.653125 0.5296875 0.646875 0.5421875 0.61875 0.5421875 0.6078125 0.5453125 0.60625
1 0.26875 0.446875 0.26875 0.4703125 0.2734375 0.5015625 0.271875 0.5109375 0.26875 0.5140625 0.2671875 0.496875 0.2640625 0.49375 0.253125 0.490625 0.253125 0.4875 0.2578125 0.4828125 0.259375 0.4578125 0.2625 0.45 0.2671875 0.446875
1 0.6109375 0.5 0.615625 0.5046875 0.621875 0.5171875 0.621875 0.5234375 0.6171875 0.53125 0.6171875 0.5515625 0.6140625 0.5515625 0.6125 0.546875 0.6078125 0.54375 0.609375 0.53125 0.6046875 0.5 0.60625 0.4984375 0.609375 0.5
1 0.2578125 0.640625 0.2609375 0.640625 0.2609375 0.65 0.265625 0.66875 0.2703125 0.671875 0.265625 0.678125 0.2671875 0.703125 0.265625 0.709375 0.2609375 0.7140625 0.2609375 0.725 0.2578125 0.7265625 0.2546875 0.7234375 0.253125 0.7140625 0.25625 0.7078125 0.25625 0.6984375 0.2546875 0.696875 0.2546875 0.678125 0.25 0.6625 0.2578125 0.646875 0.2578125 0.6421875
1 0.396875 0.546875 0.4 0.5421875 0.403125 0.521875 0.40625 0.5203125 0.4078125 0.5265625 0.4171875 0.5390625 0.4171875 0.54375 0.4140625 0.546875 0.415625 0.59375 0.4140625 0.5953125 0.4109375 0.590625 0.40625 0.590625 0.4078125 0.5734375 0.403125 0.553125 0.3984375 0.5484375
1 0.3140625 0.503125 0.3171875 0.5046875 0.3171875 0.509375 0.3234375 0.5171875 0.3234375 0.521875 0.3203125 0.5265625 0.3296875 0.5640625 0.3296875 0.56875 0.328125 0.5703125 0.3265625 0.56875 0.325 0.5578125 0.3203125 0.553125 0.3171875 0.5640625 0.3140625 0.5640625 0.3140625 0.5484375 0.309375 0.5234375 0.3140625 0.5046875
2 0.15 0.54375 0.153125 0.5453125 0.153125 0.5515625 0.15625 0.55625 0.159375 0.5703125 0.15625 0.5796875 0.15625 0.6015625 0.159375 0.625 0.1578125 0.628125 0.153125 0.6078125 0.15 0.60625 0.1421875 0.6203125 0.140625 0.6296875 0.1390625 0.63125 0.1375 0.6296875 0.1390625 0.6171875 0.146875 0.5984375 0.146875 0.584375 0.140625 0.5734375 0.140625 0.5640625 0.15 0.5453125