1 0.6328125 0.7421875 0.6359375 0.7390625 0.640625 0.7421875 0.640625 0.746875 0.6375 0.7515625 0.6390625 0.7828125 0.64375 0.7984375 0.64375 0.803125 0.6375 0.8125 0.6375 0.825 0.640625 0.8296875 0.640625 0.8390625 0.6359375 0.8390625 0.634375 0.8359375 0.6328125 0.8171875 0.628125 0.8109375 0.621875 0.815625 0.6109375 0.815625 0.6078125 0.81875 0.6046875 0.815625 0.60625 0.809375 0.621875 0.8015625 0.6234375 0.7921875 0.621875 0.784375 0.625 0.775 0.625 0.7640625 0.628125 0.7546875 0.634375 0.7484375 0.634375 0.74375
1 0.3625 0.6703125 0.365625 0.675 0.365625 0.6796875 0.3734375 0.6890625 0.3734375 0.696875 0.3765625 0.703125 0.3734375 0.721875 0.3734375 0.7390625 0.3765625 0.7515625 0.375 0.7828125 0.3671875 0.7796875 0.3640625 0.775 0.365625 0.7734375 0.3640625 0.7484375 0.35625 0.725 0.35625 0.690625 0.359375 0.684375 0.3609375 0.671875
1 0.515625 0.50625 0.5171875 0.5234375 0.5203125 0.53125 0.5203125 0.5546875 0.521875 0.55625 0.5203125 0.5625 0.521875 0.5765625 0.51875 0.5921875 0.515625 0.5890625 0.5140625 0.58125 0.5078125 0.578125 0.50625 0.5734375 0.5078125 0.565625 0.50625 0.51875 0.509375 0.509375 0.5140625 0.50625
1 0.5078125 0.603125 0.5140625 0.6046875 0.5171875 0.6140625 0.5265625 0.628125 0.5296875 0.6390625 0.5296875 0.6546875 0.528125 0.65625 0.5296875 0.6625 0.525 0.66875 0.525 0.6859375 0.528125 0.690625 0.528125 0.696875 0.5234375 0.7015625 0.515625 0.7 0.51875 0.69375 0.51875 0.675 0.515625 0.64375 0.5078125 0.6359375 0.5078125 0.6203125 0.509375 0.61875 0.5078125 0.6046875
1 0.559375 0.64375 0.5609375 0.646875 0.559375 0.65625 0.5609375 0.665625 0.5640625 0.66875 0.5640625 0.675 0.5609375 0.6734375 0.5578125 0.675 0.55625 0.690625 0.5625 0.721875 0.5671875 0.7296875 0.5671875 0.7359375 0.5625 0.734375 0.5546875 0.7109375 0.55 0.70625 0.5375 0.70625 0.5328125 0.709375 0.5328125 0.703125 0.54375 0.6984375 0.546875 0.69375 0.5453125 0.671875 0.5484375 0.6640625 0.5484375 0.65625 0.553125 0.646875 0.5578125 0.64375
1 0.1515625 0.5234375 0.1546875 0.5234375 0.15625 0.528125 0.1578125 0.5671875 0.1609375 0.5703125 0.159375 0.6109375 0.1625 0.6140625 0.1625 0.6171875 0.1578125 0.61875 0.153125 0.6125 0.153125 0.58125 0.1515625 0.571875 0.1484375 0.5671875 0.1484375 0.5390625 0.1515625 0.525
1 0.53125 0.5734375 0.534375 0.56875 0.534375 0.553125 0.5375 0.5515625 0.540625 0.5546875 0.540625 0.5640625 0.5453125 0.56875 0.5484375 0.5765625 0.546875 0.6140625 0.5515625 0.6484375 0.5484375 0.6546875 0.5453125 0.6546875 0.540625 0.640625 0.5390625 0.621875 0.534375 0.6140625 0.5328125 0.60625 0.5328125 0.590625 0.53125 0.5890625 0.5328125 0.575
1 0.6515625 0.6296875 0.6578125 0.63125 0.6640625 0.659375 0.6625 0.7390625 0.659375 0.74375 0.6515625 0.7421875 0.653125 0.728125 0.6484375 0.7 0.6484375 0.6796875 0.65 0.678125 0.6484375 0.6546875 0.6515625 0.646875 0.6515625 0.63125
1 0.7078125 0.6296875 0.7125 0.63125 0.7140625 0.6515625 0.7234375 0.66875 0.7234375 0.6734375 0.7125 0.6625 0.709375 0.665625 0.7109375 0.6890625 0.7046875 0.71875 0.7015625 0.71875 0.7 0.703125 0.6953125 0.7 0.6875 0.6875 0.6890625 0.6828125 0.6921875 0.684375 0.6953125 0.6796875 0.6984375 0.6484375 0.7 0.64375 0.7046875 0.640625 0.7078125 0.63125
1 0.2484375 0.6265625 0.2546875 0.628125 0.2546875 0.6359375 0.2625 0.64375 0.2625 0.65 0.265625 0.65625 0.2640625 0.6796875 0.2609375 0.6921875 0.2625 0.6984375 0.2609375 0.7109375 0.2640625 0.7328125 0.2625 0.734375 0.2578125 0.7328125 0.2546875 0.725 0.25625 0.7140625 0.2546875 0.7 0.2515625 0.696875 0.2515625 0.6765625 0.2453125 0.6546875 0.25 0.6390625 0.2484375 0.628125
1 0.49375 0.553125 0.4984375 0.553125 0.5 0.55625 0.5 0.5703125 0.50625 0.578125 0.50625 0.596875 0.5078125 0.5984375 0.5046875 0.6140625 0.50625 0.615625 0.50625 0.640625 0.503125 0.65625 0.5046875 0.665625 0.5015625 0.665625 0.4984375 0.6515625 0.496875 0.6234375 0.49375 0.615625 0.49375 0.6 0.490625 0.590625 0.49375 0.5546875
2 0.43125 0.7609375 0.4359375 0.7609375 0.4359375 0.76875 0.4453125 0.7796875 0.4515625 0.7921875 0.4515625 0.8015625 0.4484375 0.80625 0.45 0.8234375 0.453125 0.8265625 0.4546875 0.8359375 0.459375 0.840625 0.465625 0.8640625 0.46875 0.86875 0.4671875 0.871875 0.453125 0.8421875 0.446875 0.8359375 0.44375 0.840625 0.4453125 0.8640625 0.45 0.875 0.45 0.884375 0.446875 0.8828125 0.446875 0.875 0.440625 0.859375 0.4359375 0.828125 0.4296875 0.8171875 0.4265625 0.8234375 0.428125 0.825 0.4265625 0.8265625 0.4234375 0.825 0.428125 0.8015625 0.428125 0.7796875 0.43125 0.7765625 0.43125 0.7625