1 0.70625 0.28125 0.7171875 0.2875 0.71875 0.3015625 0.7171875 0.3234375 0.70625 0.325 0.70625 0.290625 0.7046875 0.2890625 0.70625 0.2828125
1 0.7234375 0.4015625 0.728125 0.403125 0.7375 0.41875 0.7375 0.425 0.7328125 0.428125 0.7328125 0.4453125 0.7375 0.453125 0.7375 0.4625 0.73125 0.453125 0.7265625 0.45625 0.7234375 0.4546875 0.725 0.434375 0.7234375 0.4265625 0.7203125 0.425 0.71875 0.4203125 0.7234375 0.409375 0.7234375 0.403125
1 0.5171875 0.36875 0.5203125 0.36875 0.525 0.38125 0.5265625 0.3921875 0.525 0.4171875 0.528125 0.425 0.5265625 0.4359375 0.521875 0.4265625 0.515625 0.428125 0.51875 0.4140625 0.5171875 0.3703125
1 0.5421875 0.6484375 0.5453125 0.6515625 0.5453125 0.6640625 0.5515625 0.6703125 0.55625 0.684375 0.553125 0.69375 0.55 0.7203125 0.55 0.7421875 0.5515625 0.74375 0.55 0.775 0.546875 0.775 0.5453125 0.771875 0.5453125 0.759375 0.5421875 0.7515625 0.5421875 0.740625 0.5375 0.71875 0.5375 0.7046875 0.53125 0.696875 0.53125 0.6859375 0.534375 0.6734375 0.5390625 0.665625 0.5390625 0.65 0.540625 0.65
1 0.5265625 0.4734375 0.5296875 0.471875 0.5328125 0.4734375 0.5328125 0.48125 0.5375 0.490625 0.5328125 0.515625 0.53125 0.54375 0.525 0.5484375 0.521875 0.546875 0.5234375 0.4890625 0.5265625 0.475
1 0.9859375 0.3484375 0.990625 0.35 0.9984375 0.3859375 0.9953125 0.3984375 0.9921875 0.3984375 0.9859375 0.390625 0.9859375 0.36875 0.984375 0.3671875 0.9859375 0.35
1 0.4140625 0.44375 0.4125 0.4328125 0.41875 0.396875 0.425 0.3828125 0.428125 0.38125 0.4296875 0.384375 0.4265625 0.403125 0.428125 0.4265625 0.425 0.43125 0.41875 0.4328125 0.4140625 0.4421875
1 0.546875 0.4546875 0.5546875 0.471875 0.553125 0.5171875 0.55625 0.5234375 0.5578125 0.5359375 0.55625 0.5375 0.55 0.534375 0.5484375 0.521875 0.54375 0.509375 0.540625 0.4703125 0.5453125 0.45625
1 0.425 0.4296875 0.4265625 0.471875 0.4234375 0.4890625 0.4171875 0.4890625 0.4203125 0.4671875 0.4140625 0.4515625 0.415625 0.4359375 0.41875 0.43125 0.4234375 0.4296875
1 0.39375 0.5 0.396875 0.5015625 0.396875 0.5078125 0.40625 0.5265625 0.4015625 0.5421875 0.4015625 0.5765625 0.4046875 0.603125 0.3984375 0.596875 0.396875 0.590625 0.396875 0.5734375 0.3921875 0.553125 0.3921875 0.540625 0.3875 0.5328125 0.3875 0.5171875 0.3921875 0.5109375 0.3921875 0.5015625
1 0.2515625 0.490625 0.253125 0.48125 0.2625 0.475 0.265625 0.4796875 0.26875 0.49375 0.2640625 0.51875 0.2640625 0.55 0.2609375 0.5546875 0.2578125 0.5453125 0.253125 0.4921875
1 0.5265625 0.43125 0.5296875 0.4328125 0.5296875 0.4390625 0.5359375 0.4515625 0.53125 0.4734375 0.525 0.478125 0.521875 0.4671875 0.5171875 0.465625 0.515625 0.46875 0.51875 0.4609375 0.51875 0.45 0.525 0.440625 0.525 0.4328125
1 0.459375 0.4734375 0.459375 0.46875 0.471875 0.453125 0.4734375 0.446875 0.4765625 0.4453125 0.478125 0.45 0.4796875 0.4703125 0.4765625 0.4765625 0.4765625 0.496875 0.46875 0.5234375 0.4671875 0.5234375 0.4671875 0.4796875 0.465625 0.4734375 0.4625 0.4703125 0.4609375 0.4734375
1 0.2609375 0.4296875 0.2640625 0.4703125 0.2625 0.475 0.2546875 0.48125 0.2515625 0.48125 0.25 0.4484375 0.2546875 0.4390625 0.2546875 0.434375 0.259375 0.4296875
1 0.7890625 0.6671875 0.7921875 0.6796875 0.796875 0.684375 0.8 0.6921875 0.8 0.70625 0.796875 0.7140625 0.7984375 0.778125 0.7953125 0.796875 0.7921875 0.7953125 0.79375 0.7578125 0.7890625 0.75 0.7859375 0.7671875 0.7875 0.784375 0.7859375 0.7875 0.78125 0.784375 0.7828125 0.7375 0.78125 0.73125 0.775 0.7265625 0.7796875 0.6890625 0.784375 0.6828125 0.784375 0.66875 0.7875 0.6671875
1 0.7 0.453125 0.7015625 0.4609375 0.7125 0.4828125 0.7125 0.534375 0.7203125 0.5453125 0.7203125 0.5546875 0.715625 0.5453125 0.7078125 0.540625 0.7046875 0.5484375 0.7046875 0.55625 0.703125 0.559375 0.7 0.55625 0.703125 0.5453125 0.7046875 0.50625 0.7 0.5046875 0.6953125 0.5109375 0.6953125 0.503125 0.703125 0.4828125 0.6984375 0.4546875
1 0.1609375 0.3328125 0.1640625 0.3515625 0.1640625 0.3828125 0.1625 0.384375 0.1640625 0.4 0.1609375 0.4015625 0.1578125 0.396875 0.159375 0.384375 0.15625 0.3828125 0.1515625 0.390625 0.15 0.4046875 0.1484375 0.403125 0.1484375 0.3875 0.1515625 0.3796875 0.15 0.378125 0.1515625 0.346875 0.15625 0.334375 0.159375 0.3328125