1 0.26875 0.5 0.271875 0.5 0.2734375 0.503125 0.271875 0.5109375 0.2734375 0.5671875 0.2765625 0.584375 0.2796875 0.5890625 0.278125 0.5921875 0.275 0.590625 0.2734375 0.578125 0.26875 0.5734375 0.2625 0.590625 0.259375 0.5921875 0.259375 0.578125 0.2640625 0.5671875 0.2625 0.51875 0.26875 0.5015625
1 0.1796875 0.5640625 0.190625 0.5984375 0.1875 0.603125 0.1875 0.65 0.1890625 0.6515625 0.1875 0.6578125 0.175 0.65625 0.175 0.6234375 0.1703125 0.6 0.1703125 0.584375 0.175 0.5734375 0.175 0.565625 0.178125 0.5640625
1 0.590625 0.5578125 0.5984375 0.5390625 0.596875 0.5296875 0.6 0.528125 0.603125 0.53125 0.603125 0.5359375 0.609375 0.5484375 0.6109375 0.5609375 0.615625 0.56875 0.615625 0.5765625 0.6140625 0.5734375 0.609375 0.571875 0.60625 0.5765625 0.6125 0.6203125 0.609375 0.6234375 0.6078125 0.6203125 0.60625 0.6015625 0.6015625 0.596875 0.6 0.5984375 0.6 0.6265625 0.596875 0.6265625 0.5953125 0.625 0.596875 0.615625 0.59375 0.6109375 0.5953125 0.6078125 0.5953125 0.5921875 0.59375 0.590625 0.5953125 0.5703125 0.5921875 0.559375
1 0.3359375 0.609375 0.01640625 0.10390625
1 0.7328125 0.584375 0.7359375 0.584375 0.7375 0.5875 0.7375 0.5953125 0.740625 0.6015625 0.7390625 0.6328125 0.7421875 0.6484375 0.7421875 0.6640625 0.740625 0.665625 0.7390625 0.6515625 0.7328125 0.640625 0.728125 0.6421875 0.725 0.6609375 0.7234375 0.665625 0.721875 0.6640625 0.721875 0.65 0.725 0.6421875 0.725 0.625 0.7265625 0.6234375 0.7265625 0.6 0.7328125 0.5859375
1 0.578125 0.5390625 0.584375 0.528125 0.584375 0.51875 0.5875 0.5140625 0.590625 0.515625 0.5921875 0.5234375 0.596875 0.528125 0.596875 0.5390625 0.590625 0.55625 0.59375 0.5671875 0.5921875 0.5859375 0.5953125 0.5921875 0.5953125 0.6 0.5921875 0.5984375 0.5921875 0.590625 0.5875 0.578125 0.5859375 0.55 0.5796875 0.540625
1 0.20625 0.509375 0.2109375 0.5125 0.2125 0.521875 0.215625 0.5265625 0.209375 0.546875 0.209375 0.5859375 0.2078125 0.5875 0.209375 0.603125 0.20625 0.603125 0.2015625 0.5984375 0.1984375 0.5921875 0.203125 0.56875 0.2015625 0.525 0.20625 0.5109375
1 0.634375 0.5125 0.6390625 0.5140625 0.640625 0.5234375 0.6453125 0.53125 0.64375 0.5453125 0.6453125 0.5921875 0.64375 0.6015625 0.6359375 0.6 0.6359375 0.59375 0.6296875 0.5765625 0.6296875 0.5640625 0.6328125 0.55 0.6296875 0.5421875 0.6296875 0.5296875 0.634375 0.521875 0.634375 0.5140625
1 0.5421875 0.4765625 0.546875 0.4765625 0.546875 0.4859375 0.55 0.49375 0.5484375 0.5015625 0.55 0.5609375 0.5453125 0.559375 0.54375 0.5515625 0.5390625 0.55625 0.534375 0.4953125 0.5421875 0.478125
1 0.271875 0.56875 0.278125 0.5921875 0.275 0.6 0.275 0.61875 0.278125 0.6328125 0.275 0.6515625 0.2765625 0.665625 0.275 0.6671875 0.271875 0.665625 0.26875 0.6609375 0.2671875 0.6375 0.2609375 0.6109375 0.2609375 0.5875 0.2640625 0.575 0.2703125 0.5703125
1 0.5625 0.553125 0.56875 0.575 0.5671875 0.6078125 0.5703125 0.6265625 0.5703125 0.64375 0.5671875 0.64375 0.5640625 0.6234375 0.5609375 0.61875 0.5578125 0.625 0.5578125 0.64375 0.5546875 0.6421875 0.5515625 0.5671875 0.5578125 0.5546875 0.5609375 0.553125
2 0.1046875 0.5375 0.109375 0.5375 0.1109375 0.565625 0.1078125 0.575 0.1078125 0.6203125 0.1125 0.6296875 0.1125 0.634375 0.1078125 0.6359375 0.10625 0.6328125 0.1046875 0.615625 0.1015625 0.6109375 0.0953125 0.6234375 0.0953125 0.6328125 0.09375 0.634375 0.090625 0.6328125 0.0921875 0.6203125 0.0984375 0.6046875 0.0984375 0.584375 0.096875 0.5828125 0.0984375 0.5578125 0.1046875 0.5390625
1 0.5640625 0.4984375 0.5671875 0.5 0.5671875 0.50625 0.571875 0.5140625 0.5734375 0.521875 0.5703125 0.55 0.5703125 0.575 0.5671875 0.571875 0.5640625 0.5578125 0.5578125 0.553125 0.559375 0.540625 0.5578125 0.515625 0.5625 0.5
1 0.3171875 0.5140625 0.31875 0.5171875 0.31875 0.5703125 0.3171875 0.571875 0.3171875 0.6078125 0.3140625 0.609375 0.3109375 0.5984375 0.3109375 0.5765625 0.3078125 0.56875 0.3078125 0.5296875 0.3109375 0.525 0.3125 0.515625 0.315625 0.5140625
1 0.740625 0.6625 0.74375 0.6625 0.7453125 0.675 0.753125 0.696875 0.75 0.7046875 0.7453125 0.734375 0.746875 0.7375 0.746875 0.75625 0.7453125 0.7578125 0.746875 0.76875 0.7453125 0.7734375 0.7359375 0.771875 0.7390625 0.7625 0.7375 0.70625 0.73125 0.7 0.73125 0.6953125 0.7375 0.6859375 0.740625 0.6640625
1 0.490625 0.525 0.4953125 0.5046875 0.49375 0.475 0.5 0.4515625 0.503125 0.453125 0.503125 0.4578125 0.5109375 0.475 0.5078125 0.4984375 0.5125 0.528125 0.5109375 0.53125 0.509375 0.5296875 0.5078125 0.515625 0.5015625 0.509375 0.4984375 0.5125 0.4953125 0.5234375 0.4921875 0.525
1 0.11875 0.5046875 0.121875 0.50625 0.121875 0.509375 0.1265625 0.5125 0.1296875 0.51875 0.1296875 0.5234375 0.1375 0.5421875 0.1375 0.5484375 0.146875 0.565625 0.1484375 0.5796875 0.14375 0.5734375 0.1421875 0.565625 0.128125 0.5515625 0.1234375 0.553125 0.1265625 0.5734375 0.1234375 0.578125 0.1203125 0.5765625 0.1203125 0.5578125 0.1171875 0.553125 0.1171875 0.5375 0.1140625 0.5203125 0.1171875 0.50625
1 0.7359375 0.5609375 0.7328125 0.5421875 0.734375 0.509375 0.7375 0.5 0.746875 0.4890625 0.7484375 0.4890625 0.75 0.496875 0.75 0.5109375 0.740625 0.54375 0.740625 0.55625 0.7375 0.5609375