0 0.796875 0.5703125 0.7984375 0.571875 0.796875 0.58125 0.7921875 0.5796875 0.7921875 0.571875 0.7953125 0.5703125
1 0.23125 0.5328125 0.2296875 0.528125 0.23125 0.5140625 0.2265625 0.5015625 0.228125 0.4953125 0.2265625 0.49375 0.2265625 0.478125 0.2296875 0.4625 0.2328125 0.459375 0.2359375 0.4609375 0.2359375 0.4890625 0.240625 0.5015625 0.24375 0.521875 0.246875 0.5265625 0.2453125 0.53125 0.2421875 0.5296875 0.240625 0.51875 0.2375 0.5140625 0.2328125 0.521875 0.234375 0.5296875 0.2328125 0.5328125
1 0.803125 0.503125 0.8171875 0.5140625 0.8203125 0.5328125 0.8203125 0.5578125 0.8296875 0.571875 0.83125 0.5796875 0.828125 0.58125 0.8265625 0.5765625 0.8203125 0.5734375 0.8171875 0.5765625 0.8171875 0.5828125 0.8140625 0.5828125 0.8109375 0.5375 0.8015625 0.5234375 0.803125 0.521875 0.8 0.5125 0.8 0.5046875 0.8015625 0.5046875
1 0.6609375 0.5375 0.665625 0.540625 0.665625 0.5453125 0.675 0.559375 0.671875 0.5984375 0.6796875 0.6203125 0.678125 0.625 0.671875 0.615625 0.665625 0.5984375 0.6625 0.578125 0.65625 0.5640625 0.6578125 0.553125 0.6609375 0.5484375 0.6609375 0.5390625
1 0.634375 0.6296875 0.6390625 0.628125 0.6453125 0.640625 0.6484375 0.6703125 0.6484375 0.6875 0.6453125 0.6953125 0.6453125 0.734375 0.640625 0.7328125 0.640625 0.7109375 0.6390625 0.709375 0.634375 0.7125 0.6328125 0.73125 0.6296875 0.7328125 0.6296875 0.715625 0.634375 0.6984375 0.6296875 0.6671875 0.6296875 0.64375 0.634375 0.63125
1 0.6328125 0.5640625 0.634375 0.5765625 0.640625 0.590625 0.640625 0.6078125 0.6421875 0.609375 0.640625 0.6296875 0.634375 0.6328125 0.6296875 0.6296875 0.621875 0.5984375 0.6234375 0.584375 0.628125 0.5734375 0.628125 0.565625 0.63125 0.5640625
1 0.50625 0.6375 0.509375 0.6359375 0.5109375 0.6234375 0.515625 0.61875 0.51875 0.6265625 0.51875 0.634375 0.5265625 0.65 0.5265625 0.6578125 0.521875 0.6671875 0.5265625 0.7234375 0.521875 0.7234375 0.509375 0.6796875 0.5078125 0.659375 0.5046875 0.65 0.50625 0.6390625
1 0.4390625 0.4421875 0.4421875 0.4421875 0.44375 0.45 0.44375 0.4875 0.4453125 0.4890625 0.440625 0.503125 0.440625 0.5171875 0.4390625 0.5203125 0.4359375 0.51875 0.4375 0.4890625 0.434375 0.4734375 0.4390625 0.44375
1 0.4 0.3734375 0.40625 0.390625 0.403125 0.4421875 0.4015625 0.44375 0.4 0.4421875 0.4 0.4265625 0.39375 0.4046875 0.39375 0.3875 0.3984375 0.375
1 0.175 0.534375 0.178125 0.55625 0.1828125 0.5703125 0.1859375 0.621875 0.178125 0.6234375 0.1765625 0.6203125 0.175 0.603125 0.16875 0.5859375 0.1671875 0.553125 0.1703125 0.546875 0.1703125 0.5375 0.1734375 0.5359375
1 0.14375 0.490625 0.1453125 0.49375 0.14375 0.534375 0.146875 0.5421875 0.146875 0.56875 0.14375 0.578125 0.1453125 0.5859375 0.1375 0.5859375 0.1359375 0.553125 0.134375 0.5515625 0.134375 0.521875 0.1328125 0.5203125 0.134375 0.5046875 0.1390625 0.4921875 0.1421875 0.490625
1 0.765625 0.51875 0.775 0.5375 0.7765625 0.5734375 0.784375 0.590625 0.784375 0.596875 0.7796875 0.596875 0.76875 0.5765625 0.7609375 0.5515625 0.75625 0.54375 0.7609375 0.5203125 0.7640625 0.51875