1 0.6921875 0.41875 0.6984375 0.4390625 0.6953125 0.4578125 0.6953125 0.5046875 0.69375 0.509375 0.6921875 0.5109375 0.690625 0.5046875 0.690625 0.4828125 0.6890625 0.48125 0.684375 0.4875 0.684375 0.5078125 0.68125 0.5109375 0.684375 0.4359375 0.690625 0.4203125
1 0.36875 0.4953125 0.01796875 0.1015625
1 0.6296875 0.590625 0.628125 0.5890625 0.6296875 0.5828125 0.64375 0.5578125 0.6484375 0.54375 0.65 0.5296875 0.6578125 0.5125 0.6625 0.5078125 0.665625 0.5109375 0.659375 0.5453125 0.6640625 0.5921875 0.659375 0.59375 0.65625 0.590625 0.65625 0.5671875 0.653125 0.5640625 0.65 0.5640625 0.64375 0.5703125 0.6375 0.5828125 0.63125 0.5890625
1 0.1953125 0.45 0.2 0.4515625 0.2 0.4609375 0.2046875 0.471875 0.2 0.4875 0.2 0.4984375 0.19375 0.5234375 0.19375 0.53125 0.1890625 0.540625 0.1859375 0.5234375 0.1859375 0.5015625 0.1890625 0.490625 0.1875 0.471875 0.19375 0.4609375 0.1953125 0.4515625
1 0.378125 0.5140625 0.3828125 0.5171875 0.39375 0.503125 0.3984375 0.5 0.409375 0.5 0.4140625 0.49375 0.4171875 0.4953125 0.4171875 0.5015625 0.4125 0.50625 0.409375 0.5234375 0.4046875 0.5171875 0.396875 0.51875 0.3921875 0.5265625 0.3921875 0.53125 0.3875 0.534375 0.3828125 0.5328125 0.375 0.525 0.3734375 0.515625 0.3765625 0.5140625
1 0.24765625 0.76328125 0.0171875 0.1265625
1 0.4640625 0.4984375 0.471875 0.5125 0.4703125 0.56875 0.4734375 0.5875 0.4703125 0.5890625 0.4609375 0.5875 0.459375 0.534375 0.45625 0.5296875 0.45625 0.525 0.459375 0.5 0.4625 0.4984375
1 0.8765625 0.5046875 0.88125 0.5046875 0.88125 0.5140625 0.8875 0.5296875 0.8859375 0.54375 0.8828125 0.5484375 0.8796875 0.596875 0.8765625 0.5921875 0.8765625 0.56875 0.8734375 0.565625 0.86875 0.575 0.865625 0.5953125 0.8625 0.5953125 0.86875 0.553125 0.8671875 0.525 0.8765625 0.50625
1 0.621875 0.4109375 0.625 0.4140625 0.625 0.4203125 0.63125 0.434375 0.63125 0.4546875 0.6265625 0.46875 0.625 0.4859375 0.621875 0.4890625 0.621875 0.50625 0.6125 0.5109375 0.615625 0.4953125 0.615625 0.4640625 0.6125 0.4609375 0.609375 0.4640625 0.609375 0.45 0.6140625 0.4296875 0.61875 0.4234375 0.6203125 0.4125
2 0.8 0.6765625 0.796875 0.671875 0.796875 0.640625 0.79375 0.634375 0.7859375 0.6390625 0.7765625 0.6734375 0.7734375 0.671875 0.7765625 0.6609375 0.7765625 0.6515625 0.7828125 0.6359375 0.7828125 0.6265625 0.7890625 0.6109375 0.7890625 0.5828125 0.79375 0.578125 0.7953125 0.5703125 0.7984375 0.5671875 0.8015625 0.56875 0.803125 0.5828125 0.8078125 0.590625 0.8078125 0.6078125 0.803125 0.6171875 0.8 0.6390625 0.8015625 0.675
1 0.41875 0.503125 0.4203125 0.5078125 0.41875 0.5203125 0.421875 0.5328125 0.421875 0.5609375 0.4171875 0.5859375 0.4171875 0.6046875 0.41875 0.60625 0.4171875 0.6125 0.4109375 0.6125 0.4125 0.5734375 0.409375 0.5609375 0.409375 0.53125 0.4140625 0.5046875 0.4171875 0.503125
1 0.41875 0.840625 0.415625 0.8359375 0.415625 0.828125 0.421875 0.8234375 0.425 0.8125 0.421875 0.790625 0.4171875 0.7828125 0.41875 0.7515625 0.421875 0.74375 0.4265625 0.7390625 0.4265625 0.7265625 0.4328125 0.725 0.434375 0.8078125 0.43125 0.8140625 0.43125 0.821875 0.428125 0.8265625 0.43125 0.8375 0.4203125 0.8390625